FORMAT 1
 fake.rf 1440.00000000 50000.53489558059105846 1.00000 7 
 fake.rf 1440.00000000 50010.54474162126740566 1.00000 7 
 fake.rf 1440.00000000 50020.48504427488685664 1.00000 7 
 fake.rf 1440.00000000 50030.45646154421002905 1.00000 7 
 fake.rf 1440.00000000 50040.41972330037892291 1.00000 7 
 fake.rf 1440.00000000 50050.45192696251859843 1.00000 7 
 fake.rf 1440.00000000 50060.41314998723293783 1.00000 7 
 fake.rf 1440.00000000 50070.34976176579638008 1.00000 7 
 fake.rf 1440.00000000 50080.36332867987399453 1.00000 7 
 fake.rf 1440.00000000 50090.31300804289449502 1.00000 7 
 fake.rf 1440.00000000 50100.29208478115308623 1.00000 7 
 fake.rf 1440.00000000 50110.25215763322136908 1.00000 7 
 fake.rf 1440.00000000 50120.24686054564721971 1.00000 7 
 fake.rf 1440.00000000 50130.20717148260913376 1.00000 7 
 fake.rf 1440.00000000 50140.14329807075017342 1.00000 7 
 fake.rf 1440.00000000 50150.11899663432415863 1.00000 7 
 fake.rf 1440.00000000 50160.11506593114845742 1.00000 7 
 fake.rf 1440.00000000 50170.08096282148538236 1.00000 7 
 fake.rf 1440.00000000 50180.10163300072252923 1.00000 7 
 fake.rf 1440.00000000 50190.03554814774362214 1.00000 7 
 fake.rf 1440.00000000 50200.05746619270802000 1.00000 7 
 fake.rf 1440.00000000 50210.01127966026165339 1.00000 7 
 fake.rf 1440.00000000 50219.99277990504937819 1.00000 7 
 fake.rf 1440.00000000 50229.90989681331058136 1.00000 7 
 fake.rf 1440.00000000 50239.93655066112933483 1.00000 7 
 fake.rf 1440.00000000 50249.88889085351778974 1.00000 7 
 fake.rf 1440.00000000 50259.88418268470365291 1.00000 7 
 fake.rf 1440.00000000 50269.85862681405696151 1.00000 7 
 fake.rf 1440.00000000 50279.75714617750208646 1.00000 7 
 fake.rf 1440.00000000 50289.79489748055440401 1.00000 7 
 fake.rf 1440.00000000 50299.74303685426412969 1.00000 7 
 fake.rf 1440.00000000 50309.68855087475615306 1.00000 7 
 fake.rf 1440.00000000 50319.68011926499383080 1.00000 7 
 fake.rf 1440.00000000 50329.67919894965072558 1.00000 7 
 fake.rf 1440.00000000 50339.62343451610768952 1.00000 7 
 fake.rf 1440.00000000 50349.60556897670705467 1.00000 7 
 fake.rf 1440.00000000 50359.58082330029874996 1.00000 7 
 fake.rf 1440.00000000 50369.51358629960308733 1.00000 7 
 fake.rf 1440.00000000 50379.54297016730144065 1.00000 7 
 fake.rf 1440.00000000 50389.47576241665389318 1.00000 7 
 fake.rf 1440.00000000 50399.46884249359686336 1.00000 7 
 fake.rf 1440.00000000 50409.42127409415724770 1.00000 7 
 fake.rf 1440.00000000 50419.42477685133657062 1.00000 7 
 fake.rf 1440.00000000 50429.35653079661975440 1.00000 7 
 fake.rf 1440.00000000 50439.37991102643414720 1.00000 7 
 fake.rf 1440.00000000 50449.34684467666237850 1.00000 7 
 fake.rf 1440.00000000 50459.28160152886749756 1.00000 7 
 fake.rf 1440.00000000 50469.24502202495693126 1.00000 7 
 fake.rf 1440.00000000 50479.28849030828304834 1.00000 7 
 fake.rf 1440.00000000 50489.18788829542901908 1.00000 7 
 fake.rf 1440.00000000 50499.19586160004388020 1.00000 7 
 fake.rf 1440.00000000 50509.20521889801298698 1.00000 7 
 fake.rf 1440.00000000 50519.16906808138192275 1.00000 7 
 fake.rf 1440.00000000 50529.10251265855739078 1.00000 7 
 fake.rf 1440.00000000 50539.05629118670649547 1.00000 7 
 fake.rf 1440.00000000 50549.07409850090526504 1.00000 7 
 fake.rf 1440.00000000 50559.07052097399300905 1.00000 7 
 fake.rf 1440.00000000 50569.04689564261806112 1.00000 7 
 fake.rf 1440.00000000 50578.98311808719499538 1.00000 7 
 fake.rf 1440.00000000 50588.98869757857421803 1.00000 7 
 fake.rf 1440.00000000 50598.94679458163748009 1.00000 7 
 fake.rf 1440.00000000 50608.85846071107835442 1.00000 7 
 fake.rf 1440.00000000 50618.83685856379963397 1.00000 7 
 fake.rf 1440.00000000 50628.81382826698753519 1.00000 7 
 fake.rf 1440.00000000 50638.83521173302264629 1.00000 7 
 fake.rf 1440.00000000 50648.78514953788121034 1.00000 7 
 fake.rf 1440.00000000 50658.77155797283382910 1.00000 7 
 fake.rf 1440.00000000 50668.71216684677261100 1.00000 7 
 fake.rf 1440.00000000 50678.70550530162364566 1.00000 7 
 fake.rf 1440.00000000 50688.66526859745559719 1.00000 7 
 fake.rf 1440.00000000 50698.64930735078956658 1.00000 7 
 fake.rf 1440.00000000 50708.66303019461767576 1.00000 7 
 fake.rf 1440.00000000 50718.60252945714161754 1.00000 7 
 fake.rf 1440.00000000 50728.53404197937989295 1.00000 7 
 fake.rf 1440.00000000 50738.50682309044617568 1.00000 7 
 fake.rf 1440.00000000 50748.49700687196431659 1.00000 7 
 fake.rf 1440.00000000 50758.50609075517776247 1.00000 7 
 fake.rf 1440.00000000 50768.44093303298508246 1.00000 7 
 fake.rf 1440.00000000 50778.42184165500294313 1.00000 7 
 fake.rf 1440.00000000 50788.41836486684260166 1.00000 7 
 fake.rf 1440.00000000 50798.36324276126564214 1.00000 7 
 fake.rf 1440.00000000 50808.37942904785635889 1.00000 7 
 fake.rf 1440.00000000 50818.32928054418124120 1.00000 7 
 fake.rf 1440.00000000 50828.26531197322530176 1.00000 7 
 fake.rf 1440.00000000 50838.24224711926064302 1.00000 7 
 fake.rf 1440.00000000 50848.25651482599431219 1.00000 7 
 fake.rf 1440.00000000 50858.23765785917786886 1.00000 7 
 fake.rf 1440.00000000 50868.15498653019549025 1.00000 7 
 fake.rf 1440.00000000 50878.17293320085445174 1.00000 7 
 fake.rf 1440.00000000 50888.11760305998883069 1.00000 7 
 fake.rf 1440.00000000 50898.06781553235714100 1.00000 7 
 fake.rf 1440.00000000 50908.07116356451241046 1.00000 7 
 fake.rf 1440.00000000 50918.03813723194089391 1.00000 7 
 fake.rf 1440.00000000 50927.99405189186802545 1.00000 7 
 fake.rf 1440.00000000 50938.00167393182840314 1.00000 7 
 fake.rf 1440.00000000 50947.93400210888843560 1.00000 7 
 fake.rf 1440.00000000 50957.95049218896612686 1.00000 7 
 fake.rf 1440.00000000 50967.88849366223265847 1.00000 7 
 fake.rf 1440.00000000 50977.87206837997804243 1.00000 7 
 fake.rf 1440.00000000 50987.82586787662339134 1.00000 7 
 fake.rf 1440.00000000 50997.83427034337222850 1.00000 7 
 fake.rf 1440.00000000 51007.82918816082498026 1.00000 7 
 fake.rf 1440.00000000 51017.74068153448376250 1.00000 7 
 fake.rf 1440.00000000 51027.71588756677153498 1.00000 7 
 fake.rf 1440.00000000 51037.75295555045752849 1.00000 7 
 fake.rf 1440.00000000 51047.66453436248826137 1.00000 7 
 fake.rf 1440.00000000 51057.65722849992622301 1.00000 7 
 fake.rf 1440.00000000 51067.64735145980331410 1.00000 7 
 fake.rf 1440.00000000 51077.60441019055433642 1.00000 7 
 fake.rf 1440.00000000 51087.60531731090510377 1.00000 7 
 fake.rf 1440.00000000 51097.53593437384683895 1.00000 7 
 fake.rf 1440.00000000 51107.54850875348049399 1.00000 7 
 fake.rf 1440.00000000 51117.50957311752312862 1.00000 7 
 fake.rf 1440.00000000 51127.50067932868328668 1.00000 7 
 fake.rf 1440.00000000 51137.47658947005958296 1.00000 7 
 fake.rf 1440.00000000 51147.44189337133238737 1.00000 7 
 fake.rf 1440.00000000 51157.39123823536387192 1.00000 7 
 fake.rf 1440.00000000 51167.37559579433747103 1.00000 7 
 fake.rf 1440.00000000 51177.36886600061176722 1.00000 7 
 fake.rf 1440.00000000 51187.28012858780686045 1.00000 7 
 fake.rf 1440.00000000 51197.31979365887393385 1.00000 7 
 fake.rf 1440.00000000 51207.29058064385995408 1.00000 7 
 fake.rf 1440.00000000 51217.23249556335895960 1.00000 7 
 fake.rf 1440.00000000 51227.18310530776041034 1.00000 7 
 fake.rf 1440.00000000 51237.13711124789151086 1.00000 7 
 fake.rf 1440.00000000 51247.11395254531181465 1.00000 7 
 fake.rf 1440.00000000 51257.10752813605688161 1.00000 7 
 fake.rf 1440.00000000 51267.10532854313191820 1.00000 7 
 fake.rf 1440.00000000 51277.04747568375421807 1.00000 7 
 fake.rf 1440.00000000 51287.05193028290849355 1.00000 7 
 fake.rf 1440.00000000 51297.03083452009697041 1.00000 7 
 fake.rf 1440.00000000 51307.00868843416466802 1.00000 7 
 fake.rf 1440.00000000 51316.95203184234441096 1.00000 7 
 fake.rf 1440.00000000 51326.95306715649605422 1.00000 7 
 fake.rf 1440.00000000 51336.93343144329607242 1.00000 7 
 fake.rf 1440.00000000 51346.85781385568132507 1.00000 7 
 fake.rf 1440.00000000 51356.88106564901455187 1.00000 7 
 fake.rf 1440.00000000 51366.79809502321959513 1.00000 7 
 fake.rf 1440.00000000 51376.82323809009937676 1.00000 7 
 fake.rf 1440.00000000 51386.74751959851740324 1.00000 7 
 fake.rf 1440.00000000 51396.77609375787181989 1.00000 7 
 fake.rf 1440.00000000 51406.67582492345585266 1.00000 7 
 fake.rf 1440.00000000 51416.72331845795973848 1.00000 7 
 fake.rf 1440.00000000 51426.65692798487564019 1.00000 7 
 fake.rf 1440.00000000 51436.65840301830101566 1.00000 7 
 fake.rf 1440.00000000 51446.62577769228162339 1.00000 7 
 fake.rf 1440.00000000 51456.55199542128850965 1.00000 7 
 fake.rf 1440.00000000 51466.53011968098953588 1.00000 7 
 fake.rf 1440.00000000 51476.50915629614246072 1.00000 7 
 fake.rf 1440.00000000 51486.45594846808697298 1.00000 7 
 fake.rf 1440.00000000 51496.45597302982807975 1.00000 7 
 fake.rf 1440.00000000 51506.41864569517753125 1.00000 7 
 fake.rf 1440.00000000 51516.44686251697732970 1.00000 7 
 fake.rf 1440.00000000 51526.41610635677399799 1.00000 7 
 fake.rf 1440.00000000 51536.35669306884255292 1.00000 7 
 fake.rf 1440.00000000 51546.36622022517239117 1.00000 7 
 fake.rf 1440.00000000 51556.33960969773600169 1.00000 7 
 fake.rf 1440.00000000 51566.30107630336436131 1.00000 7 
 fake.rf 1440.00000000 51576.25237484929852982 1.00000 7 
 fake.rf 1440.00000000 51586.19521582086817091 1.00000 7 
 fake.rf 1440.00000000 51596.18844137070065514 1.00000 7 
 fake.rf 1440.00000000 51606.14594850154946926 1.00000 7 
 fake.rf 1440.00000000 51616.17728101877876412 1.00000 7 
 fake.rf 1440.00000000 51626.14115430952736219 1.00000 7 
 fake.rf 1440.00000000 51636.04366774987380850 1.00000 7 
 fake.rf 1440.00000000 51646.08266887166767134 1.00000 7 
 fake.rf 1440.00000000 51655.99822896133886729 1.00000 7 
 fake.rf 1440.00000000 51666.03463187200398110 1.00000 7 
 fake.rf 1440.00000000 51675.93463330972964442 1.00000 7 
 fake.rf 1440.00000000 51685.98597410103279515 1.00000 7 
 fake.rf 1440.00000000 51695.89062956533055271 1.00000 7 
 fake.rf 1440.00000000 51705.92984287043712399 1.00000 7 
 fake.rf 1440.00000000 51715.90821908840552723 1.00000 7 
 fake.rf 1440.00000000 51725.80433915042186399 1.00000 7 
 fake.rf 1440.00000000 51735.80446625347623169 1.00000 7 
 fake.rf 1440.00000000 51745.81162188769444299 1.00000 7 
 fake.rf 1440.00000000 51755.78575427088128436 1.00000 7 
 fake.rf 1440.00000000 51765.73940338459200561 1.00000 7 
 fake.rf 1440.00000000 51775.66865434447103667 1.00000 7 
 fake.rf 1440.00000000 51785.64912765343089873 1.00000 7 
 fake.rf 1440.00000000 51795.66020665772064291 1.00000 7 
 fake.rf 1440.00000000 51805.61678651534827367 1.00000 7 
 fake.rf 1440.00000000 51815.58723673581957669 1.00000 7 
 fake.rf 1440.00000000 51825.57050358151369096 1.00000 7 
 fake.rf 1440.00000000 51835.52363164811748675 1.00000 7 
 fake.rf 1440.00000000 51845.54530625578325242 1.00000 7 
 fake.rf 1440.00000000 51855.48207124161449144 1.00000 7 
 fake.rf 1440.00000000 51865.43589306521831261 1.00000 7 
 fake.rf 1440.00000000 51875.44633866975956238 1.00000 7 
 fake.rf 1440.00000000 51885.36170654009798398 1.00000 7 
 fake.rf 1440.00000000 51895.36900701131465041 1.00000 7 
 fake.rf 1440.00000000 51905.31664911681121310 1.00000 7 
 fake.rf 1440.00000000 51915.30016177938960453 1.00000 7 
 fake.rf 1440.00000000 51925.28276574587489378 1.00000 7 
 fake.rf 1440.00000000 51935.30491885218299686 1.00000 7 
 fake.rf 1440.00000000 51945.21824935319200733 1.00000 7 
 fake.rf 1440.00000000 51955.18382538699819762 1.00000 7 
 fake.rf 1440.00000000 51965.14884284750192478 1.00000 7 
 fake.rf 1440.00000000 51975.12588063312646369 1.00000 7 
 fake.rf 1440.00000000 51985.10209579445703199 1.00000 7 
 fake.rf 1440.00000000 51995.06242505728790348 1.00000 7 
 fake.rf 1440.00000000 52005.05475596042814246 1.00000 7 
 fake.rf 1440.00000000 52015.01415537559632085 1.00000 7 
 fake.rf 1440.00000000 52024.98016526595090880 1.00000 7 
 fake.rf 1440.00000000 52034.97925389447876299 1.00000 7 
 fake.rf 1440.00000000 52044.96608471892495729 1.00000 7 
 fake.rf 1440.00000000 52054.96655459275389788 1.00000 7 
 fake.rf 1440.00000000 52064.88374661994520665 1.00000 7 
 fake.rf 1440.00000000 52074.85153085432322229 1.00000 7 
 fake.rf 1440.00000000 52084.89188933598673970 1.00000 7 
 fake.rf 1440.00000000 52094.81685901722181598 1.00000 7 
 fake.rf 1440.00000000 52104.82302655809622038 1.00000 7 
 fake.rf 1440.00000000 52114.76393595932114877 1.00000 7 
 fake.rf 1440.00000000 52124.76999348503790799 1.00000 7 
 fake.rf 1440.00000000 52134.70339891906435881 1.00000 7 
 fake.rf 1440.00000000 52144.70807396614676321 1.00000 7 
 fake.rf 1440.00000000 52154.67977718858530878 1.00000 7 
 fake.rf 1440.00000000 52164.66058525349956199 1.00000 7 
 fake.rf 1440.00000000 52174.64638651975946004 1.00000 7 
 fake.rf 1440.00000000 52184.57250620528919782 1.00000 7 
 fake.rf 1440.00000000 52194.57931989506880655 1.00000 7 
 fake.rf 1440.00000000 52204.51639255994335898 1.00000 7 
 fake.rf 1440.00000000 52214.50079206936387166 1.00000 7 
 fake.rf 1440.00000000 52224.43508946542817029 1.00000 7 
 fake.rf 1440.00000000 52234.46540373116895140 1.00000 7 
 fake.rf 1440.00000000 52244.41592733344239363 1.00000 7 
 fake.rf 1440.00000000 52254.37419285988808326 1.00000 7 
 fake.rf 1440.00000000 52264.39738756377296980 1.00000 7 
 fake.rf 1440.00000000 52274.34023298003939928 1.00000 7 
 fake.rf 1440.00000000 52284.30284060597784190 1.00000 7 
 fake.rf 1440.00000000 52294.24622143563701826 1.00000 7 
 fake.rf 1440.00000000 52304.26003378371418506 1.00000 7 
 fake.rf 1440.00000000 52314.24227667372046824 1.00000 7 
 fake.rf 1440.00000000 52324.17236123420876837 1.00000 7 
 fake.rf 1440.00000000 52334.17948778502168850 1.00000 7 
 fake.rf 1440.00000000 52344.18812365413666043 1.00000 7 
 fake.rf 1440.00000000 52354.13234334288751981 1.00000 7 
 fake.rf 1440.00000000 52364.08391078245659145 1.00000 7 
 fake.rf 1440.00000000 52374.03704298587879862 1.00000 7 
 fake.rf 1440.00000000 52384.05968462242505979 1.00000 7 
 fake.rf 1440.00000000 52393.99558157168952022 1.00000 7 
 fake.rf 1440.00000000 52403.98432105878902121 1.00000 7 
 fake.rf 1440.00000000 52413.95710127562054481 1.00000 7 
 fake.rf 1440.00000000 52423.94454527109016340 1.00000 7 
 fake.rf 1440.00000000 52433.88331331205792551 1.00000 7 
 fake.rf 1440.00000000 52443.90013662350684953 1.00000 7 
 fake.rf 1440.00000000 52453.83622670988373571 1.00000 7 
 fake.rf 1440.00000000 52463.85733553813148333 1.00000 7 
 fake.rf 1440.00000000 52473.79893791255074831 1.00000 7 
 fake.rf 1440.00000000 52483.74813357570151595 1.00000 7 
 fake.rf 1440.00000000 52493.72266652139983734 1.00000 7 
 fake.rf 1440.00000000 52503.69838693143272934 1.00000 7 
 fake.rf 1440.00000000 52513.69529295634039201 1.00000 7 
 fake.rf 1440.00000000 52523.68152972612917395 1.00000 7 
 fake.rf 1440.00000000 52533.61885175293673100 1.00000 7 
 fake.rf 1440.00000000 52543.59004311716331870 1.00000 7 
 fake.rf 1440.00000000 52553.55410779565794499 1.00000 7 
 fake.rf 1440.00000000 52563.56033307255724907 1.00000 7 
 fake.rf 1440.00000000 52573.49869003314994487 1.00000 7 
 fake.rf 1440.00000000 52583.51623786881828337 1.00000 7 
 fake.rf 1440.00000000 52593.42904170212588255 1.00000 7 
 fake.rf 1440.00000000 52603.42141720423997597 1.00000 7 
 fake.rf 1440.00000000 52613.39674838659524170 1.00000 7 
 fake.rf 1440.00000000 52623.40243279724064607 1.00000 7 
 fake.rf 1440.00000000 52633.35219716446074045 1.00000 7 
 fake.rf 1440.00000000 52643.36195928312415759 1.00000 7 
 fake.rf 1440.00000000 52653.32025051387330095 1.00000 7 
 fake.rf 1440.00000000 52663.24153895001308001 1.00000 7 
 fake.rf 1440.00000000 52673.23017282717354703 1.00000 7 
 fake.rf 1440.00000000 52683.25223391476912482 1.00000 7 
 fake.rf 1440.00000000 52693.22346830498215198 1.00000 7 
 fake.rf 1440.00000000 52703.17530350622980251 1.00000 7 
 fake.rf 1440.00000000 52713.13007502561569595 1.00000 7 
 fake.rf 1440.00000000 52723.10139394512010824 1.00000 7 
 fake.rf 1440.00000000 52733.06797756511556585 1.00000 7 
 fake.rf 1440.00000000 52743.07215475126230686 1.00000 7 
 fake.rf 1440.00000000 52753.00426798995922439 1.00000 7 
 fake.rf 1440.00000000 52763.01757932462795253 1.00000 7 
 fake.rf 1440.00000000 52772.98683642439575436 1.00000 7 
 fake.rf 1440.00000000 52782.97118969282729140 1.00000 7 
 fake.rf 1440.00000000 52792.87766764612921833 1.00000 7 
 fake.rf 1440.00000000 52802.93209535694569112 1.00000 7 
 fake.rf 1440.00000000 52812.83614001490554557 1.00000 7 
 fake.rf 1440.00000000 52822.85016164187497623 1.00000 7 
 fake.rf 1440.00000000 52832.83479715904379148 1.00000 7 
 fake.rf 1440.00000000 52842.78680151569468038 1.00000 7 
 fake.rf 1440.00000000 52852.71598550507492220 1.00000 7 
 fake.rf 1440.00000000 52862.69199007859008788 1.00000 7 
 fake.rf 1440.00000000 52872.67752395935250576 1.00000 7 
 fake.rf 1440.00000000 52882.65570263365054871 1.00000 7 
 fake.rf 1440.00000000 52892.67655933523302636 1.00000 7 
 fake.rf 1440.00000000 52902.60220141306797359 1.00000 7 
 fake.rf 1440.00000000 52912.60005994361658921 1.00000 7 
 fake.rf 1440.00000000 52922.54021881813981310 1.00000 7 
 fake.rf 1440.00000000 52932.49884967788073808 1.00000 7 
 fake.rf 1440.00000000 52942.47377684623919691 1.00000 7 
 fake.rf 1440.00000000 52952.45100216468092214 1.00000 7 
 fake.rf 1440.00000000 52962.47856191818218363 1.00000 7 
 fake.rf 1440.00000000 52972.40208184094573696 1.00000 7 
 fake.rf 1440.00000000 52982.39524542088675574 1.00000 7 
 fake.rf 1440.00000000 52992.38883724099588335 1.00000 7 
 fake.rf 1440.00000000 53002.31089590668475964 1.00000 7 
 fake.rf 1440.00000000 53012.28319901435805050 1.00000 7 
 fake.rf 1440.00000000 53022.25886665950313770 1.00000 7 
 fake.rf 1440.00000000 53032.26288194831951728 1.00000 7 
 fake.rf 1440.00000000 53042.22907294120651045 1.00000 7 
 fake.rf 1440.00000000 53052.23622219885928786 1.00000 7 
 fake.rf 1440.00000000 53062.19965496867510168 1.00000 7 
 fake.rf 1440.00000000 53072.12312832453256561 1.00000 7 
 fake.rf 1440.00000000 53082.12683901447002555 1.00000 7 
 fake.rf 1440.00000000 53092.10192941474667094 1.00000 7 
 fake.rf 1440.00000000 53102.04251839661735346 1.00000 7 
 fake.rf 1440.00000000 53112.04462780429629376 1.00000 7 
 fake.rf 1440.00000000 53122.03440046425470555 1.00000 7 
 fake.rf 1440.00000000 53132.01631551688964805 1.00000 7 
 fake.rf 1440.00000000 53141.94703138746800164 1.00000 7 
 fake.rf 1440.00000000 53151.91611272876878047 1.00000 7 
 fake.rf 1440.00000000 53161.93784938560648001 1.00000 7 
 fake.rf 1440.00000000 53171.87187419006783884 1.00000 7 
 fake.rf 1440.00000000 53181.85379378024654073 1.00000 7 
 fake.rf 1440.00000000 53191.79768010156963953 1.00000 7 
 fake.rf 1440.00000000 53201.77986592083916051 1.00000 7 
 fake.rf 1440.00000000 53211.79806532473882541 1.00000 7 
 fake.rf 1440.00000000 53221.76711449035435564 1.00000 7 
 fake.rf 1440.00000000 53231.71676346009337166 1.00000 7 
 fake.rf 1440.00000000 53241.72089804884148734 1.00000 7 
 fake.rf 1440.00000000 53251.69217872836825478 1.00000 7 
 fake.rf 1440.00000000 53261.64635739244195989 1.00000 7 
 fake.rf 1440.00000000 53271.62202266640960602 1.00000 7 
 fake.rf 1440.00000000 53281.54412763437426648 1.00000 7 
 fake.rf 1440.00000000 53291.51877418172223599 1.00000 7 
 fake.rf 1440.00000000 53301.51533565744906085 1.00000 7 
 fake.rf 1440.00000000 53311.47013691947561398 1.00000 7 
 fake.rf 1440.00000000 53321.44439097070770117 1.00000 7 
 fake.rf 1440.00000000 53331.44392437529996798 1.00000 7 
 fake.rf 1440.00000000 53341.43004529219647480 1.00000 7 
 fake.rf 1440.00000000 53351.39779465413944592 1.00000 7 
 fake.rf 1440.00000000 53361.34844830559858764 1.00000 7 
 fake.rf 1440.00000000 53371.32530637136449414 1.00000 7 
 fake.rf 1440.00000000 53381.32716676580420412 1.00000 7 
 fake.rf 1440.00000000 53391.30883542838918743 1.00000 7 
 fake.rf 1440.00000000 53401.28808818769209665 1.00000 7 
 fake.rf 1440.00000000 53411.25784188719960355 1.00000 7 
 fake.rf 1440.00000000 53421.18559099248349042 1.00000 7 
 fake.rf 1440.00000000 53431.18192076268341850 1.00000 7 
 fake.rf 1440.00000000 53441.16089378658888265 1.00000 7 
 fake.rf 1440.00000000 53451.12999644177659064 1.00000 7 
 fake.rf 1440.00000000 53461.12271186145791901 1.00000 7 
 fake.rf 1440.00000000 53471.06739261838109911 1.00000 7 
 fake.rf 1440.00000000 53480.99782438204849910 1.00000 7 
 fake.rf 1440.00000000 53490.99976374780797883 1.00000 7 
 fake.rf 1440.00000000 53500.99896847197783600 1.00000 7 
 fake.rf 1440.00000000 53510.93889035423920220 1.00000 7 
 fake.rf 1440.00000000 53520.90300009341097720 1.00000 7 
 fake.rf 1440.00000000 53530.89855838607834926 1.00000 7 
 fake.rf 1440.00000000 53540.89876689867372406 1.00000 7 
 fake.rf 1440.00000000 53550.81098220779499286 1.00000 7 
 fake.rf 1440.00000000 53560.80512546851453237 1.00000 7 
 fake.rf 1440.00000000 53570.78681704790609786 1.00000 7 
 fake.rf 1440.00000000 53580.78533529259874513 1.00000 7 
 fake.rf 1440.00000000 53590.72888787892391704 1.00000 7 
 fake.rf 1440.00000000 53600.71253033051013759 1.00000 7 
 fake.rf 1440.00000000 53610.65158101572282590 1.00000 7 
 fake.rf 1440.00000000 53620.66057255663672265 1.00000 7 
 fake.rf 1440.00000000 53630.64577332445050573 1.00000 7 
 fake.rf 1440.00000000 53640.61166178231117740 1.00000 7 
 fake.rf 1440.00000000 53650.55074528748880525 1.00000 7 
 fake.rf 1440.00000000 53660.53099973748756213 1.00000 7 
