FORMAT 1
 fake.rf 1440.00000000 50000.70269144415112095 1.00000 7 
 fake.rf 1440.00000000 50010.71253747697837966 1.00000 7 
 fake.rf 1440.00000000 50020.65284015299932108 1.00000 7 
 fake.rf 1440.00000000 50030.62425741933293466 1.00000 7 
 fake.rf 1440.00000000 50040.58751913294836555 1.00000 7 
 fake.rf 1440.00000000 50050.61972278445902873 1.00000 7 
 fake.rf 1440.00000000 50060.58094582814014828 1.00000 7 
 fake.rf 1440.00000000 50070.51755759483216579 1.00000 7 
 fake.rf 1440.00000000 50080.53112451105420888 1.00000 7 
 fake.rf 1440.00000000 50090.48080393994041160 1.00000 7 
 fake.rf 1440.00000000 50100.45988066937433558 1.00000 7 
 fake.rf 1440.00000000 50110.41995352475222703 1.00000 7 
 fake.rf 1440.00000000 50120.41465637497773500 1.00000 7 
 fake.rf 1440.00000000 50130.37496735688502980 1.00000 7 
 fake.rf 1440.00000000 50140.31109392411723036 1.00000 7 
 fake.rf 1440.00000000 50150.28679247401501229 1.00000 7 
 fake.rf 1440.00000000 50160.28286175743311048 1.00000 7 
 fake.rf 1440.00000000 50170.24875867088830717 1.00000 7 
 fake.rf 1440.00000000 50180.26942885781307879 1.00000 7 
 fake.rf 1440.00000000 50190.20334403717976457 1.00000 7 
 fake.rf 1440.00000000 50200.22526204208579514 1.00000 7 
 fake.rf 1440.00000000 50210.17907555134703657 1.00000 7 
 fake.rf 1440.00000000 50220.16057580821496131 1.00000 7 
 fake.rf 1440.00000000 50230.07769268889033043 1.00000 7 
 fake.rf 1440.00000000 50240.10434648828462656 1.00000 7 
 fake.rf 1440.00000000 50250.05668669364699852 1.00000 7 
 fake.rf 1440.00000000 50260.05197856745936846 1.00000 7 
 fake.rf 1440.00000000 50270.02642268146599136 1.00000 7 
 fake.rf 1440.00000000 50279.92494201622644567 1.00000 7 
 fake.rf 1440.00000000 50289.96269336720032328 1.00000 7 
 fake.rf 1440.00000000 50299.91083269393073962 1.00000 7 
 fake.rf 1440.00000000 50309.85634676052219305 1.00000 7 
 fake.rf 1440.00000000 50319.84791512142901482 1.00000 7 
 fake.rf 1440.00000000 50329.84699475983066108 1.00000 7 
 fake.rf 1440.00000000 50339.79123043518791292 1.00000 7 
 fake.rf 1440.00000000 50349.77336484991058896 1.00000 7 
 fake.rf 1440.00000000 50359.74861919131857846 1.00000 7 
 fake.rf 1440.00000000 50369.68138214821043164 1.00000 7 
 fake.rf 1440.00000000 50379.71076603535328431 1.00000 7 
 fake.rf 1440.00000000 50389.64355829339219639 1.00000 7 
 fake.rf 1440.00000000 50399.63663835667971824 1.00000 7 
 fake.rf 1440.00000000 50409.58906991465943648 1.00000 7 
 fake.rf 1440.00000000 50419.59257267791217672 1.00000 7 
 fake.rf 1440.00000000 50429.52432665291819092 1.00000 7 
 fake.rf 1440.00000000 50439.54770688139889856 1.00000 7 
 fake.rf 1440.00000000 50449.51464054859458130 1.00000 7 
 fake.rf 1440.00000000 50459.44939736221044058 1.00000 7 
 fake.rf 1440.00000000 50469.41281787903031741 1.00000 7 
 fake.rf 1440.00000000 50479.45628613720288058 1.00000 7 
 fake.rf 1440.00000000 50489.35568416155810567 1.00000 7 
 fake.rf 1440.00000000 50499.36365748916215423 1.00000 7 
 fake.rf 1440.00000000 50509.37301478528097931 1.00000 7 
 fake.rf 1440.00000000 50519.33686396662614371 1.00000 7 
 fake.rf 1440.00000000 50529.27030852853363641 1.00000 7 
 fake.rf 1440.00000000 50539.22408706482734431 1.00000 7 
 fake.rf 1440.00000000 50549.24189437950341741 1.00000 7 
 fake.rf 1440.00000000 50559.23831679341279255 1.00000 7 
 fake.rf 1440.00000000 50569.21469150458222686 1.00000 7 
 fake.rf 1440.00000000 50579.15091395346972192 1.00000 7 
 fake.rf 1440.00000000 50589.15649346816180554 1.00000 7 
 fake.rf 1440.00000000 50599.11459040561575762 1.00000 7 
 fake.rf 1440.00000000 50609.02625657443578788 1.00000 7 
 fake.rf 1440.00000000 50619.00465440292170882 1.00000 7 
 fake.rf 1440.00000000 50628.98162409703115827 1.00000 7 
 fake.rf 1440.00000000 50639.00300758533113665 1.00000 7 
 fake.rf 1440.00000000 50648.95294541972359426 1.00000 7 
 fake.rf 1440.00000000 50658.93935385696996221 1.00000 7 
 fake.rf 1440.00000000 50668.87996267108835013 1.00000 7 
 fake.rf 1440.00000000 50678.87330116780353251 1.00000 7 
 fake.rf 1440.00000000 50688.83306445803729190 1.00000 7 
 fake.rf 1440.00000000 50698.81710324940342360 1.00000 7 
 fake.rf 1440.00000000 50708.83082603395505217 1.00000 7 
 fake.rf 1440.00000000 50718.77032528297018388 1.00000 7 
 fake.rf 1440.00000000 50728.70183781280155699 1.00000 7 
 fake.rf 1440.00000000 50738.67461896884199035 1.00000 7 
 fake.rf 1440.00000000 50748.66480273481911212 1.00000 7 
 fake.rf 1440.00000000 50758.67388666060873348 1.00000 7 
 fake.rf 1440.00000000 50768.60872887927723340 1.00000 7 
 fake.rf 1440.00000000 50778.58963751652569130 1.00000 7 
 fake.rf 1440.00000000 50788.58616071410525450 1.00000 7 
 fake.rf 1440.00000000 50798.53103867137543403 1.00000 7 
 fake.rf 1440.00000000 50808.54722491994400713 1.00000 7 
 fake.rf 1440.00000000 50818.49707641141694481 1.00000 7 
 fake.rf 1440.00000000 50828.43310785321616052 1.00000 7 
 fake.rf 1440.00000000 50838.41004301022560696 1.00000 7 
 fake.rf 1440.00000000 50848.42431065166481829 1.00000 7 
 fake.rf 1440.00000000 50858.40545375435632280 1.00000 7 
 fake.rf 1440.00000000 50868.32278239796455210 1.00000 7 
 fake.rf 1440.00000000 50878.34072909834087284 1.00000 7 
 fake.rf 1440.00000000 50888.28539893116938231 1.00000 7 
 fake.rf 1440.00000000 50898.23561139840547085 1.00000 7 
 fake.rf 1440.00000000 50908.23895939334168048 1.00000 7 
 fake.rf 1440.00000000 50918.20593307621026113 1.00000 7 
 fake.rf 1440.00000000 50928.16184770917824665 1.00000 7 
 fake.rf 1440.00000000 50938.16946976352541654 1.00000 7 
 fake.rf 1440.00000000 50948.10179796899039317 1.00000 7 
 fake.rf 1440.00000000 50958.11828805897848582 1.00000 7 
 fake.rf 1440.00000000 50968.05628950941472866 1.00000 7 
 fake.rf 1440.00000000 50978.03986419321879353 1.00000 7 
 fake.rf 1440.00000000 50987.99366375151794628 1.00000 7 
 fake.rf 1440.00000000 50998.00206622362614794 1.00000 7 
 fake.rf 1440.00000000 51007.99698401041571216 1.00000 7 
 fake.rf 1440.00000000 51017.90847740418275791 1.00000 7 
 fake.rf 1440.00000000 51027.88368344037846214 1.00000 7 
 fake.rf 1440.00000000 51037.92075142558176992 1.00000 7 
 fake.rf 1440.00000000 51047.83233022859028694 1.00000 7 
 fake.rf 1440.00000000 51057.82502439576748188 1.00000 7 
 fake.rf 1440.00000000 51067.81514732807764290 1.00000 7 
 fake.rf 1440.00000000 51077.77220607095104654 1.00000 7 
 fake.rf 1440.00000000 51087.77311315906491984 1.00000 7 
 fake.rf 1440.00000000 51097.70373028097327861 1.00000 7 
 fake.rf 1440.00000000 51107.71630458487110005 1.00000 7 
 fake.rf 1440.00000000 51117.67736896685322279 1.00000 7 
 fake.rf 1440.00000000 51127.66847522987490393 1.00000 7 
 fake.rf 1440.00000000 51137.64438533650492502 1.00000 7 
 fake.rf 1440.00000000 51147.60968920430465801 1.00000 7 
 fake.rf 1440.00000000 51157.55903410996873149 1.00000 7 
 fake.rf 1440.00000000 51167.54339168607748789 1.00000 7 
 fake.rf 1440.00000000 51177.53666184349348711 1.00000 7 
 fake.rf 1440.00000000 51187.44792445657352431 1.00000 7 
 fake.rf 1440.00000000 51197.48758951980875764 1.00000 7 
 fake.rf 1440.00000000 51207.45837649283985371 1.00000 7 
 fake.rf 1440.00000000 51217.40029143561639202 1.00000 7 
 fake.rf 1440.00000000 51227.35090117282797806 1.00000 7 
 fake.rf 1440.00000000 51237.30490710451039504 1.00000 7 
 fake.rf 1440.00000000 51247.28174842115540955 1.00000 7 
 fake.rf 1440.00000000 51257.27532400324967199 1.00000 7 
 fake.rf 1440.00000000 51267.27312440239700564 1.00000 7 
 fake.rf 1440.00000000 51277.21527150892285007 1.00000 7 
 fake.rf 1440.00000000 51287.21972611262102859 1.00000 7 
 fake.rf 1440.00000000 51297.19863037600133637 1.00000 7 
 fake.rf 1440.00000000 51307.17648430684656091 1.00000 7 
 fake.rf 1440.00000000 51317.11982771489036637 1.00000 7 
 fake.rf 1440.00000000 51327.12086301105624031 1.00000 7 
 fake.rf 1440.00000000 51337.10122725413967260 1.00000 7 
 fake.rf 1440.00000000 51347.02560971645358023 1.00000 7 
 fake.rf 1440.00000000 51357.04886153661752246 1.00000 7 
 fake.rf 1440.00000000 51366.96589089967452679 1.00000 7 
 fake.rf 1440.00000000 51376.99103394222781915 1.00000 7 
 fake.rf 1440.00000000 51386.91531549797604939 1.00000 7 
 fake.rf 1440.00000000 51396.94388964311880486 1.00000 7 
 fake.rf 1440.00000000 51406.84362077715573136 1.00000 7 
 fake.rf 1440.00000000 51416.89111434527790223 1.00000 7 
 fake.rf 1440.00000000 51426.82472383986315023 1.00000 7 
 fake.rf 1440.00000000 51436.82619891142434909 1.00000 7 
 fake.rf 1440.00000000 51446.79357356021615999 1.00000 7 
 fake.rf 1440.00000000 51456.71979129435177924 1.00000 7 
 fake.rf 1440.00000000 51466.69791555542318306 1.00000 7 
 fake.rf 1440.00000000 51476.67695214953638683 1.00000 7 
 fake.rf 1440.00000000 51486.62374435051492227 1.00000 7 
 fake.rf 1440.00000000 51496.62376892151078778 1.00000 7 
 fake.rf 1440.00000000 51506.58644153971256685 1.00000 7 
 fake.rf 1440.00000000 51516.61465837582516158 1.00000 7 
 fake.rf 1440.00000000 51526.58390220869701892 1.00000 7 
 fake.rf 1440.00000000 51536.52448894659150369 1.00000 7 
 fake.rf 1440.00000000 51546.53401612179778368 1.00000 7 
 fake.rf 1440.00000000 51556.50740556924553815 1.00000 7 
 fake.rf 1440.00000000 51566.46887216492526207 1.00000 7 
 fake.rf 1440.00000000 51576.42017075097632883 1.00000 7 
 fake.rf 1440.00000000 51586.36301166707036003 1.00000 7 
 fake.rf 1440.00000000 51596.35623723324701473 1.00000 7 
 fake.rf 1440.00000000 51606.31374434439817733 1.00000 7 
 fake.rf 1440.00000000 51616.34507690199728103 1.00000 7 
 fake.rf 1440.00000000 51626.30895015476501086 1.00000 7 
 fake.rf 1440.00000000 51636.21146361936077795 1.00000 7 
 fake.rf 1440.00000000 51646.25046473547674708 1.00000 7 
 fake.rf 1440.00000000 51656.16602478754920114 1.00000 7 
 fake.rf 1440.00000000 51666.20242772675734955 1.00000 7 
 fake.rf 1440.00000000 51676.10242919413921925 1.00000 7 
 fake.rf 1440.00000000 51686.15376996296528134 1.00000 7 
 fake.rf 1440.00000000 51696.05842543591552385 1.00000 7 
 fake.rf 1440.00000000 51706.09763868336186121 1.00000 7 
 fake.rf 1440.00000000 51716.07601496171019306 1.00000 7 
 fake.rf 1440.00000000 51725.97213501616388953 1.00000 7 
 fake.rf 1440.00000000 51735.97226209445352296 1.00000 7 
 fake.rf 1440.00000000 51745.97941776796604785 1.00000 7 
 fake.rf 1440.00000000 51755.95355014921958769 1.00000 7 
 fake.rf 1440.00000000 51765.90719924351284575 1.00000 7 
 fake.rf 1440.00000000 51775.83645022378300382 1.00000 7 
 fake.rf 1440.00000000 51785.81692351160975463 1.00000 7 
 fake.rf 1440.00000000 51795.82800251331827113 1.00000 7 
 fake.rf 1440.00000000 51805.78458237148158361 1.00000 7 
 fake.rf 1440.00000000 51815.75503259802587408 1.00000 7 
 fake.rf 1440.00000000 51825.73829942527045134 1.00000 7 
 fake.rf 1440.00000000 51835.69142747470507615 1.00000 7 
 fake.rf 1440.00000000 51845.71310212822806918 1.00000 7 
 fake.rf 1440.00000000 51855.64986713850842293 1.00000 7 
 fake.rf 1440.00000000 51865.60368896371198488 1.00000 7 
 fake.rf 1440.00000000 51875.61413452500656263 1.00000 7 
 fake.rf 1440.00000000 51885.52950240523188086 1.00000 7 
 fake.rf 1440.00000000 51895.53680287208204192 1.00000 7 
 fake.rf 1440.00000000 51905.48444497801564168 1.00000 7 
 fake.rf 1440.00000000 51915.46795767049349379 1.00000 7 
 fake.rf 1440.00000000 51925.45056160903179787 1.00000 7 
 fake.rf 1440.00000000 51935.47271468843806019 1.00000 7 
 fake.rf 1440.00000000 51945.38604521828870730 1.00000 7 
 fake.rf 1440.00000000 51955.35162125705380376 1.00000 7 
 fake.rf 1440.00000000 51965.31663871585970327 1.00000 7 
 fake.rf 1440.00000000 51975.29367652284657453 1.00000 7 
 fake.rf 1440.00000000 51985.26989165923710701 1.00000 7 
 fake.rf 1440.00000000 51995.23022094874404075 1.00000 7 
 fake.rf 1440.00000000 52005.22255182372628113 1.00000 7 
 fake.rf 1440.00000000 52015.18195127693785196 1.00000 7 
 fake.rf 1440.00000000 52025.14796112537269579 1.00000 7 
 fake.rf 1440.00000000 52035.14704972761455792 1.00000 7 
 fake.rf 1440.00000000 52045.13388054216593659 1.00000 7 
 fake.rf 1440.00000000 52055.13435042803751074 1.00000 7 
 fake.rf 1440.00000000 52065.05154246311632704 1.00000 7 
 fake.rf 1440.00000000 52075.01932673790048867 1.00000 7 
 fake.rf 1440.00000000 52085.05968524397450281 1.00000 7 
 fake.rf 1440.00000000 52094.98465488032483250 1.00000 7 
 fake.rf 1440.00000000 52104.99082242224251615 1.00000 7 
 fake.rf 1440.00000000 52114.93173180740350503 1.00000 7 
 fake.rf 1440.00000000 52124.93778935097915550 1.00000 7 
 fake.rf 1440.00000000 52134.87119477655696898 1.00000 7 
 fake.rf 1440.00000000 52144.87586987868202826 1.00000 7 
 fake.rf 1440.00000000 52154.84757301853435862 1.00000 7 
 fake.rf 1440.00000000 52164.82838113854758078 1.00000 7 
 fake.rf 1440.00000000 52174.81418236838663205 1.00000 7 
 fake.rf 1440.00000000 52184.74030211142194347 1.00000 7 
 fake.rf 1440.00000000 52194.74711574991334118 1.00000 7 
 fake.rf 1440.00000000 52204.68418842829526128 1.00000 7 
 fake.rf 1440.00000000 52214.66858795111616587 1.00000 7 
 fake.rf 1440.00000000 52224.60288533235477360 1.00000 7 
 fake.rf 1440.00000000 52234.63319957972198182 1.00000 7 
 fake.rf 1440.00000000 52244.58372323570464246 1.00000 7 
 fake.rf 1440.00000000 52254.54198873116222757 1.00000 7 
 fake.rf 1440.00000000 52264.56518337406734531 1.00000 7 
 fake.rf 1440.00000000 52274.50802883548234590 1.00000 7 
 fake.rf 1440.00000000 52284.47063642572795672 1.00000 7 
 fake.rf 1440.00000000 52294.41401724300582288 1.00000 7 
 fake.rf 1440.00000000 52304.42782968036795666 1.00000 7 
 fake.rf 1440.00000000 52314.41007251957393009 1.00000 7 
 fake.rf 1440.00000000 52324.34015710395836152 1.00000 7 
 fake.rf 1440.00000000 52334.34728368653523845 1.00000 7 
 fake.rf 1440.00000000 52344.35591949363081810 1.00000 7 
 fake.rf 1440.00000000 52354.30013923051679114 1.00000 7 
 fake.rf 1440.00000000 52364.25170668663587392 1.00000 7 
 fake.rf 1440.00000000 52374.20483881602777743 1.00000 7 
 fake.rf 1440.00000000 52384.22748044752828989 1.00000 7 
 fake.rf 1440.00000000 52394.16337742131977961 1.00000 7 
 fake.rf 1440.00000000 52404.15211690245117993 1.00000 7 
 fake.rf 1440.00000000 52414.12489711980022022 1.00000 7 
 fake.rf 1440.00000000 52424.11234111217724418 1.00000 7 
 fake.rf 1440.00000000 52434.05110920594110979 1.00000 7 
 fake.rf 1440.00000000 52444.06793246771776751 1.00000 7 
 fake.rf 1440.00000000 52454.00402253342645764 1.00000 7 
 fake.rf 1440.00000000 52464.02513139646114126 1.00000 7 
 fake.rf 1440.00000000 52473.96673382231493932 1.00000 7 
 fake.rf 1440.00000000 52483.91592947497599653 1.00000 7 
 fake.rf 1440.00000000 52493.89046239814196682 1.00000 7 
 fake.rf 1440.00000000 52503.86618274110664828 1.00000 7 
 fake.rf 1440.00000000 52513.86308881387529723 1.00000 7 
 fake.rf 1440.00000000 52523.84932558012525305 1.00000 7 
 fake.rf 1440.00000000 52533.78664764061547032 1.00000 7 
 fake.rf 1440.00000000 52543.75783898683697259 1.00000 7 
 fake.rf 1440.00000000 52553.72190364008887187 1.00000 7 
 fake.rf 1440.00000000 52563.72812888959814970 1.00000 7 
 fake.rf 1440.00000000 52573.66648588406274456 1.00000 7 
 fake.rf 1440.00000000 52583.68403371398483870 1.00000 7 
 fake.rf 1440.00000000 52593.59683755525523807 1.00000 7 
 fake.rf 1440.00000000 52603.58921310525364845 1.00000 7 
 fake.rf 1440.00000000 52613.56454425364796279 1.00000 7 
 fake.rf 1440.00000000 52623.57022869135138166 1.00000 7 
 fake.rf 1440.00000000 52633.51999306312139737 1.00000 7 
 fake.rf 1440.00000000 52643.52975517762306978 1.00000 7 
 fake.rf 1440.00000000 52653.48804634199045793 1.00000 7 
 fake.rf 1440.00000000 52663.40933477104857019 1.00000 7 
 fake.rf 1440.00000000 52673.39796872112929904 1.00000 7 
 fake.rf 1440.00000000 52683.42002979662265361 1.00000 7 
 fake.rf 1440.00000000 52693.39126417138637137 1.00000 7 
 fake.rf 1440.00000000 52703.34309937898451892 1.00000 7 
 fake.rf 1440.00000000 52713.29787089618692164 1.00000 7 
 fake.rf 1440.00000000 52723.26918982093899047 1.00000 7 
 fake.rf 1440.00000000 52733.23577338006883153 1.00000 7 
 fake.rf 1440.00000000 52743.23995063822345841 1.00000 7 
 fake.rf 1440.00000000 52753.17206386531411866 1.00000 7 
 fake.rf 1440.00000000 52763.18537515907952340 1.00000 7 
 fake.rf 1440.00000000 52773.15463226075469194 1.00000 7 
 fake.rf 1440.00000000 52783.13898552601563097 1.00000 7 
 fake.rf 1440.00000000 52793.04546350209084693 1.00000 7 
 fake.rf 1440.00000000 52803.09989125945264377 1.00000 7 
 fake.rf 1440.00000000 52813.00393586056757300 1.00000 7 
 fake.rf 1440.00000000 52823.01795752610359003 1.00000 7 
 fake.rf 1440.00000000 52833.00259300325372180 1.00000 7 
 fake.rf 1440.00000000 52842.95459736621365110 1.00000 7 
 fake.rf 1440.00000000 52852.88378137147148550 1.00000 7 
 fake.rf 1440.00000000 52862.85978594183158208 1.00000 7 
 fake.rf 1440.00000000 52872.84531981096073849 1.00000 7 
 fake.rf 1440.00000000 52882.82349850921093903 1.00000 7 
 fake.rf 1440.00000000 52892.84435520360529637 1.00000 7 
 fake.rf 1440.00000000 52902.76999727785855043 1.00000 7 
 fake.rf 1440.00000000 52912.76785581448534046 1.00000 7 
 fake.rf 1440.00000000 52922.70801463852212265 1.00000 7 
 fake.rf 1440.00000000 52932.66664548628610731 1.00000 7 
 fake.rf 1440.00000000 52942.64157270114747789 1.00000 7 
 fake.rf 1440.00000000 52952.61879802156443731 1.00000 7 
 fake.rf 1440.00000000 52962.64635774436234783 1.00000 7 
 fake.rf 1440.00000000 52972.56987775032774124 1.00000 7 
 fake.rf 1440.00000000 52982.56304127555047145 1.00000 7 
 fake.rf 1440.00000000 52992.55663306330484730 1.00000 7 
 fake.rf 1440.00000000 53002.47869177335154944 1.00000 7 
 fake.rf 1440.00000000 53012.45099485829102548 1.00000 7 
 fake.rf 1440.00000000 53022.42666256635919453 1.00000 7 
 fake.rf 1440.00000000 53032.43067780837593617 1.00000 7 
 fake.rf 1440.00000000 53042.39686882305210602 1.00000 7 
 fake.rf 1440.00000000 53052.40401804530727858 1.00000 7 
 fake.rf 1440.00000000 53062.36745085549029710 1.00000 7 
 fake.rf 1440.00000000 53072.29092419888328536 1.00000 7 
 fake.rf 1440.00000000 53082.29463487948340727 1.00000 7 
 fake.rf 1440.00000000 53092.26972525089733068 1.00000 7 
 fake.rf 1440.00000000 53102.21031425541049842 1.00000 7 
 fake.rf 1440.00000000 53112.21242366420080927 1.00000 7 
 fake.rf 1440.00000000 53122.20219635687219295 1.00000 7 
 fake.rf 1440.00000000 53132.18411133579082772 1.00000 7 
 fake.rf 1440.00000000 53142.11482725225316770 1.00000 7 
 fake.rf 1440.00000000 53152.08390862941661581 1.00000 7 
 fake.rf 1440.00000000 53162.10564527704322657 1.00000 7 
 fake.rf 1440.00000000 53172.03967006960795771 1.00000 7 
 fake.rf 1440.00000000 53182.02158962348275040 1.00000 7 
 fake.rf 1440.00000000 53191.96547601352747847 1.00000 7 
 fake.rf 1440.00000000 53201.94766178866891337 1.00000 7 
 fake.rf 1440.00000000 53211.96586116826158275 1.00000 7 
 fake.rf 1440.00000000 53221.93491030110100226 1.00000 7 
 fake.rf 1440.00000000 53231.88455932490148825 1.00000 7 
 fake.rf 1440.00000000 53241.88869385908837017 1.00000 7 
 fake.rf 1440.00000000 53251.85997461459228930 1.00000 7 
 fake.rf 1440.00000000 53261.81415322121245381 1.00000 7 
 fake.rf 1440.00000000 53271.78981855149788416 1.00000 7 
 fake.rf 1440.00000000 53281.71192350937396398 1.00000 7 
 fake.rf 1440.00000000 53291.68657009127748125 1.00000 7 
 fake.rf 1440.00000000 53301.68313148558992864 1.00000 7 
 fake.rf 1440.00000000 53311.63793279781417667 1.00000 7 
 fake.rf 1440.00000000 53321.61218680039676343 1.00000 7 
 fake.rf 1440.00000000 53331.61172028543061430 1.00000 7 
 fake.rf 1440.00000000 53341.59784116838009638 1.00000 7 
 fake.rf 1440.00000000 53351.56559051433341523 1.00000 7 
 fake.rf 1440.00000000 53361.51624422258878866 1.00000 7 
 fake.rf 1440.00000000 53371.49310222566509765 1.00000 7 
 fake.rf 1440.00000000 53381.49496263195757706 1.00000 7 
 fake.rf 1440.00000000 53391.47663127034419617 1.00000 7 
 fake.rf 1440.00000000 53401.45588403599668226 1.00000 7 
 fake.rf 1440.00000000 53411.42563777602319774 1.00000 7 
 fake.rf 1440.00000000 53421.35338685653445978 1.00000 7 
 fake.rf 1440.00000000 53431.34971661046331093 1.00000 7 
 fake.rf 1440.00000000 53441.32868963762381398 1.00000 7 
 fake.rf 1440.00000000 53451.29779228473075747 1.00000 7 
 fake.rf 1440.00000000 53461.29050772867674013 1.00000 7 
 fake.rf 1440.00000000 53471.23518846370872026 1.00000 7 
 fake.rf 1440.00000000 53481.16562020925950804 1.00000 7 
 fake.rf 1440.00000000 53491.16755959016408895 1.00000 7 
 fake.rf 1440.00000000 53501.16676435192054129 1.00000 7 
 fake.rf 1440.00000000 53511.10668626782323898 1.00000 7 
 fake.rf 1440.00000000 53521.07079598246822627 1.00000 7 
 fake.rf 1440.00000000 53531.06635424185099481 1.00000 7 
 fake.rf 1440.00000000 53541.06656281564108468 1.00000 7 
 fake.rf 1440.00000000 53550.97877807709957310 1.00000 7 
 fake.rf 1440.00000000 53560.97292132382126439 1.00000 7 
 fake.rf 1440.00000000 53570.95461289074109601 1.00000 7 
 fake.rf 1440.00000000 53580.95313113820321149 1.00000 7 
 fake.rf 1440.00000000 53590.89668376906810110 1.00000 7 
 fake.rf 1440.00000000 53600.88032619366749287 1.00000 7 
 fake.rf 1440.00000000 53610.81937686421482780 1.00000 7 
 fake.rf 1440.00000000 53620.82836840586313443 1.00000 7 
 fake.rf 1440.00000000 53630.81356918973786563 1.00000 7 
 fake.rf 1440.00000000 53640.77945769562223077 1.00000 7 
 fake.rf 1440.00000000 53650.71854113797462560 1.00000 7 
 fake.rf 1440.00000000 53660.69879564936618621 1.00000 7 
