FORMAT 1
 fake.rf 1440.00000000 50000.77069745535118628 1.00000 7 
 fake.rf 1440.00000000 50010.78054353272862542 1.00000 7 
 fake.rf 1440.00000000 50020.72084615194347990 1.00000 7 
 fake.rf 1440.00000000 50030.69226342862102186 1.00000 7 
 fake.rf 1440.00000000 50040.65552515195673777 1.00000 7 
 fake.rf 1440.00000000 50050.68772881877437442 1.00000 7 
 fake.rf 1440.00000000 50060.64895185268095901 1.00000 7 
 fake.rf 1440.00000000 50070.58556362268497608 1.00000 7 
 fake.rf 1440.00000000 50080.59913053972916686 1.00000 7 
 fake.rf 1440.00000000 50090.54880994606028821 1.00000 7 
 fake.rf 1440.00000000 50100.52788667349449980 1.00000 7 
 fake.rf 1440.00000000 50110.48795950869412152 1.00000 7 
 fake.rf 1440.00000000 50120.48266240186053011 1.00000 7 
 fake.rf 1440.00000000 50130.44297336231749895 1.00000 7 
 fake.rf 1440.00000000 50140.37909995496859850 1.00000 7 
 fake.rf 1440.00000000 50150.35479850291493875 1.00000 7 
 fake.rf 1440.00000000 50160.35086780039116050 1.00000 7 
 fake.rf 1440.00000000 50170.31676467625838711 1.00000 7 
 fake.rf 1440.00000000 50180.33743487756702706 1.00000 7 
 fake.rf 1440.00000000 50190.27135003366108990 1.00000 7 
 fake.rf 1440.00000000 50200.29326805728714689 1.00000 7 
 fake.rf 1440.00000000 50210.24708153172003122 1.00000 7 
 fake.rf 1440.00000000 50220.22858179643538534 1.00000 7 
 fake.rf 1440.00000000 50230.14569869444213168 1.00000 7 
 fake.rf 1440.00000000 50240.17235250587528128 1.00000 7 
 fake.rf 1440.00000000 50250.12469273962881289 1.00000 7 
 fake.rf 1440.00000000 50260.11998458180268656 1.00000 7 
 fake.rf 1440.00000000 50270.09442869307325097 1.00000 7 
 fake.rf 1440.00000000 50279.99294806748847009 1.00000 7 
 fake.rf 1440.00000000 50290.03069937731437378 1.00000 7 
 fake.rf 1440.00000000 50299.97883873655653630 1.00000 7 
 fake.rf 1440.00000000 50309.92435274676070733 1.00000 7 
 fake.rf 1440.00000000 50319.91592112987434859 1.00000 7 
 fake.rf 1440.00000000 50329.91500081017516877 1.00000 7 
 fake.rf 1440.00000000 50339.85923640091830222 1.00000 7 
 fake.rf 1440.00000000 50349.84137083238207566 1.00000 7 
 fake.rf 1440.00000000 50359.81662517629019149 1.00000 7 
 fake.rf 1440.00000000 50369.74938817721796624 1.00000 7 
 fake.rf 1440.00000000 50379.77877205473774680 1.00000 7 
 fake.rf 1440.00000000 50389.71156429464778270 1.00000 7 
 fake.rf 1440.00000000 50399.70464435134967474 1.00000 7 
 fake.rf 1440.00000000 50409.65707594518179846 1.00000 7 
 fake.rf 1440.00000000 50419.66057871889583808 1.00000 7 
 fake.rf 1440.00000000 50429.59233265938638624 1.00000 7 
 fake.rf 1440.00000000 50439.61571288698540982 1.00000 7 
 fake.rf 1440.00000000 50449.58264657023446631 1.00000 7 
 fake.rf 1440.00000000 50459.51740339633777310 1.00000 7 
 fake.rf 1440.00000000 50469.48082391499028532 1.00000 7 
 fake.rf 1440.00000000 50479.52429217031223985 1.00000 7 
 fake.rf 1440.00000000 50489.42369018715815088 1.00000 7 
 fake.rf 1440.00000000 50499.43166348563539003 1.00000 7 
 fake.rf 1440.00000000 50509.44102077487155000 1.00000 7 
 fake.rf 1440.00000000 50519.40486994793537079 1.00000 7 
 fake.rf 1440.00000000 50529.33831453501327147 1.00000 7 
 fake.rf 1440.00000000 50539.29209305788114293 1.00000 7 
 fake.rf 1440.00000000 50549.30990037264101744 1.00000 7 
 fake.rf 1440.00000000 50559.30632284051839420 1.00000 7 
 fake.rf 1440.00000000 50569.28269751301077761 1.00000 7 
 fake.rf 1440.00000000 50579.21891995451927926 1.00000 7 
 fake.rf 1440.00000000 50589.22449946950684208 1.00000 7 
 fake.rf 1440.00000000 50599.18259645760899090 1.00000 7 
 fake.rf 1440.00000000 50609.09426258161413159 1.00000 7 
 fake.rf 1440.00000000 50619.07266041907147880 1.00000 7 
 fake.rf 1440.00000000 50629.04963013616860934 1.00000 7 
 fake.rf 1440.00000000 50639.07101363246086478 1.00000 7 
 fake.rf 1440.00000000 50649.02095140341823765 1.00000 7 
 fake.rf 1440.00000000 50659.00735987274282124 1.00000 7 
 fake.rf 1440.00000000 50668.94796871345721101 1.00000 7 
 fake.rf 1440.00000000 50678.94130714347938493 1.00000 7 
 fake.rf 1440.00000000 50688.90107046822509673 1.00000 7 
 fake.rf 1440.00000000 50698.88510923175990186 1.00000 7 
 fake.rf 1440.00000000 50708.89883207307769197 1.00000 7 
 fake.rf 1440.00000000 50718.83833130714537774 1.00000 7 
 fake.rf 1440.00000000 50728.76984383835717196 1.00000 7 
 fake.rf 1440.00000000 50738.74262494592111139 1.00000 7 
 fake.rf 1440.00000000 50748.73280875977171434 1.00000 7 
 fake.rf 1440.00000000 50758.74189266140200871 1.00000 7 
 fake.rf 1440.00000000 50768.67673490862952690 1.00000 7 
 fake.rf 1440.00000000 50778.65764352217937372 1.00000 7 
 fake.rf 1440.00000000 50788.65416670694420631 1.00000 7 
 fake.rf 1440.00000000 50798.59904466748146845 1.00000 7 
 fake.rf 1440.00000000 50808.61523093669660511 1.00000 7 
 fake.rf 1440.00000000 50818.56508238905637853 1.00000 7 
 fake.rf 1440.00000000 50828.50111382678355909 1.00000 7 
 fake.rf 1440.00000000 50838.47804900449528986 1.00000 7 
 fake.rf 1440.00000000 50848.49231667908485122 1.00000 7 
 fake.rf 1440.00000000 50858.47345974868059315 1.00000 7 
 fake.rf 1440.00000000 50868.39078841450844948 1.00000 7 
 fake.rf 1440.00000000 50878.40873507991198110 1.00000 7 
 fake.rf 1440.00000000 50888.35340495168679809 1.00000 7 
 fake.rf 1440.00000000 50898.30361740586537422 1.00000 7 
 fake.rf 1440.00000000 50908.30696544007860638 1.00000 7 
 fake.rf 1440.00000000 50918.27393910668297039 1.00000 7 
 fake.rf 1440.00000000 50928.22985376126282731 1.00000 7 
 fake.rf 1440.00000000 50938.23747577335578640 1.00000 7 
 fake.rf 1440.00000000 50948.16980395365816037 1.00000 7 
 fake.rf 1440.00000000 50958.18629405767055829 1.00000 7 
 fake.rf 1440.00000000 50968.12429554312643276 1.00000 7 
 fake.rf 1440.00000000 50978.10787023540412477 1.00000 7 
 fake.rf 1440.00000000 50988.06166977489759873 1.00000 7 
 fake.rf 1440.00000000 50998.07007220479964360 1.00000 7 
 fake.rf 1440.00000000 51008.06499003813594584 1.00000 7 
 fake.rf 1440.00000000 51017.97648339874164947 1.00000 7 
 fake.rf 1440.00000000 51027.95168941260674345 1.00000 7 
 fake.rf 1440.00000000 51037.98875744385789233 1.00000 7 
 fake.rf 1440.00000000 51047.90033626399932132 1.00000 7 
 fake.rf 1440.00000000 51057.89303038058883999 1.00000 7 
 fake.rf 1440.00000000 51067.88315333918238181 1.00000 7 
 fake.rf 1440.00000000 51077.84021207720121538 1.00000 7 
 fake.rf 1440.00000000 51087.84111914594830139 1.00000 7 
 fake.rf 1440.00000000 51097.77173627606313389 1.00000 7 
 fake.rf 1440.00000000 51107.78431063766586462 1.00000 7 
 fake.rf 1440.00000000 51117.74537499154143205 1.00000 7 
 fake.rf 1440.00000000 51127.73648124170314233 1.00000 7 
 fake.rf 1440.00000000 51137.71239134770824464 1.00000 7 
 fake.rf 1440.00000000 51147.67769522223318290 1.00000 7 
 fake.rf 1440.00000000 51157.62704013275972770 1.00000 7 
 fake.rf 1440.00000000 51167.61139766953638031 1.00000 7 
 fake.rf 1440.00000000 51177.60466786943605655 1.00000 7 
 fake.rf 1440.00000000 51187.51593046329632131 1.00000 7 
 fake.rf 1440.00000000 51197.55559551579962019 1.00000 7 
 fake.rf 1440.00000000 51207.52638249974412687 1.00000 7 
 fake.rf 1440.00000000 51217.46829745661844058 1.00000 7 
 fake.rf 1440.00000000 51227.41890718528924253 1.00000 7 
 fake.rf 1440.00000000 51237.37291315704647587 1.00000 7 
 fake.rf 1440.00000000 51247.34975446366147622 1.00000 7 
 fake.rf 1440.00000000 51257.34333003496393388 1.00000 7 
 fake.rf 1440.00000000 51267.34113041847821535 1.00000 7 
 fake.rf 1440.00000000 51277.28327755105765462 1.00000 7 
 fake.rf 1440.00000000 51287.28773214073903830 1.00000 7 
 fake.rf 1440.00000000 51297.26663643223493239 1.00000 7 
 fake.rf 1440.00000000 51307.24449032592759679 1.00000 7 
 fake.rf 1440.00000000 51317.18783374571070155 1.00000 7 
 fake.rf 1440.00000000 51327.18886906798867642 1.00000 7 
 fake.rf 1440.00000000 51337.16923330416700466 1.00000 7 
 fake.rf 1440.00000000 51347.09361573332265749 1.00000 7 
 fake.rf 1440.00000000 51357.11686753399008865 1.00000 7 
 fake.rf 1440.00000000 51367.03389690305655080 1.00000 7 
 fake.rf 1440.00000000 51377.05903994364233967 1.00000 7 
 fake.rf 1440.00000000 51386.98332151100933629 1.00000 7 
 fake.rf 1440.00000000 51397.01189563006715844 1.00000 7 
 fake.rf 1440.00000000 51406.91162677443809059 1.00000 7 
 fake.rf 1440.00000000 51416.95912033976409461 1.00000 7 
 fake.rf 1440.00000000 51426.89272984560955138 1.00000 7 
 fake.rf 1440.00000000 51436.89420490095136529 1.00000 7 
 fake.rf 1440.00000000 51446.86157959616754809 1.00000 7 
 fake.rf 1440.00000000 51456.78779726354870760 1.00000 7 
 fake.rf 1440.00000000 51466.76592158127797560 1.00000 7 
 fake.rf 1440.00000000 51476.74495814426893503 1.00000 7 
 fake.rf 1440.00000000 51486.69175034172308614 1.00000 7 
 fake.rf 1440.00000000 51496.69177492489079384 1.00000 7 
 fake.rf 1440.00000000 51506.65444755046261349 1.00000 7 
 fake.rf 1440.00000000 51516.68266441617974394 1.00000 7 
 fake.rf 1440.00000000 51526.65190824604034958 1.00000 7 
 fake.rf 1440.00000000 51536.59249492684993044 1.00000 7 
 fake.rf 1440.00000000 51546.60202208997396767 1.00000 7 
 fake.rf 1440.00000000 51556.57541159814264731 1.00000 7 
 fake.rf 1440.00000000 51566.53687818761172323 1.00000 7 
 fake.rf 1440.00000000 51576.48817674048585502 1.00000 7 
 fake.rf 1440.00000000 51586.43101767985853101 1.00000 7 
 fake.rf 1440.00000000 51596.42424323864139168 1.00000 7 
 fake.rf 1440.00000000 51606.38175037216402430 1.00000 7 
 fake.rf 1440.00000000 51616.41308288299493157 1.00000 7 
 fake.rf 1440.00000000 51626.37695618517501117 1.00000 7 
 fake.rf 1440.00000000 51636.27946964471882296 1.00000 7 
 fake.rf 1440.00000000 51646.31847074672571907 1.00000 7 
 fake.rf 1440.00000000 51656.23403080642160390 1.00000 7 
 fake.rf 1440.00000000 51666.27043373457929576 1.00000 7 
 fake.rf 1440.00000000 51676.17043519734005130 1.00000 7 
 fake.rf 1440.00000000 51686.22177598067252902 1.00000 7 
 fake.rf 1440.00000000 51696.12643146520106896 1.00000 7 
 fake.rf 1440.00000000 51706.16564471770648126 1.00000 7 
 fake.rf 1440.00000000 51716.14402097982470607 1.00000 7 
 fake.rf 1440.00000000 51726.04014101208369070 1.00000 7 
 fake.rf 1440.00000000 51736.04026808706409213 1.00000 7 
 fake.rf 1440.00000000 51746.04742377968307920 1.00000 7 
 fake.rf 1440.00000000 51756.02155615378588749 1.00000 7 
 fake.rf 1440.00000000 51765.97520525003572800 1.00000 7 
 fake.rf 1440.00000000 51775.90445622902916867 1.00000 7 
 fake.rf 1440.00000000 51785.88492951825550747 1.00000 7 
 fake.rf 1440.00000000 51795.89600850322014480 1.00000 7 
 fake.rf 1440.00000000 51805.85258836015561101 1.00000 7 
 fake.rf 1440.00000000 51815.82303860926979411 1.00000 7 
 fake.rf 1440.00000000 51825.80630547150624565 1.00000 7 
 fake.rf 1440.00000000 51835.75943348821985168 1.00000 7 
 fake.rf 1440.00000000 51845.78110812591697254 1.00000 7 
 fake.rf 1440.00000000 51855.71787310352984335 1.00000 7 
 fake.rf 1440.00000000 51865.67169494940066699 1.00000 7 
 fake.rf 1440.00000000 51875.68214052101342304 1.00000 7 
 fake.rf 1440.00000000 51885.59750839919712817 1.00000 7 
 fake.rf 1440.00000000 51895.60480887602614075 1.00000 7 
 fake.rf 1440.00000000 51905.55245097260007014 1.00000 7 
 fake.rf 1440.00000000 51915.53596368665727567 1.00000 7 
 fake.rf 1440.00000000 51925.51856761652350514 1.00000 7 
 fake.rf 1440.00000000 51935.54072071365985863 1.00000 7 
 fake.rf 1440.00000000 51945.45405122550404187 1.00000 7 
 fake.rf 1440.00000000 51955.41962724239378701 1.00000 7 
 fake.rf 1440.00000000 51965.38464472533943805 1.00000 7 
 fake.rf 1440.00000000 51975.36168250439677152 1.00000 7 
 fake.rf 1440.00000000 51985.33789767470905119 1.00000 7 
 fake.rf 1440.00000000 51995.29822692959778152 1.00000 7 
 fake.rf 1440.00000000 52005.29055785468281670 1.00000 7 
 fake.rf 1440.00000000 52015.24995727692131808 1.00000 7 
 fake.rf 1440.00000000 52025.21596715108295683 1.00000 7 
 fake.rf 1440.00000000 52035.21505577336611381 1.00000 7 
 fake.rf 1440.00000000 52045.20188657336918325 1.00000 7 
 fake.rf 1440.00000000 52055.20235646088998394 1.00000 7 
 fake.rf 1440.00000000 52065.11954848357856207 1.00000 7 
 fake.rf 1440.00000000 52075.08733273297825406 1.00000 7 
 fake.rf 1440.00000000 52085.12769123858466003 1.00000 7 
 fake.rf 1440.00000000 52095.05266086651987223 1.00000 7 
 fake.rf 1440.00000000 52105.05882846163200028 1.00000 7 
 fake.rf 1440.00000000 52114.99973779854865086 1.00000 7 
 fake.rf 1440.00000000 52125.00579538905477861 1.00000 7 
 fake.rf 1440.00000000 52134.93920078177126243 1.00000 7 
 fake.rf 1440.00000000 52144.94387585767444548 1.00000 7 
 fake.rf 1440.00000000 52154.91557905044361121 1.00000 7 
 fake.rf 1440.00000000 52164.89638713944288639 1.00000 7 
 fake.rf 1440.00000000 52174.88218836779267562 1.00000 7 
 fake.rf 1440.00000000 52184.80830811784593948 1.00000 7 
 fake.rf 1440.00000000 52194.81512175522554031 1.00000 7 
 fake.rf 1440.00000000 52204.75219444032981286 1.00000 7 
 fake.rf 1440.00000000 52214.73659396295445134 1.00000 7 
 fake.rf 1440.00000000 52224.67089129963387251 1.00000 7 
 fake.rf 1440.00000000 52234.70120561781285673 1.00000 7 
 fake.rf 1440.00000000 52244.65172920068821227 1.00000 7 
 fake.rf 1440.00000000 52254.60999474312520263 1.00000 7 
 fake.rf 1440.00000000 52264.63318941773100690 1.00000 7 
 fake.rf 1440.00000000 52274.57603485297521928 1.00000 7 
 fake.rf 1440.00000000 52284.53864248018460970 1.00000 7 
 fake.rf 1440.00000000 52294.48202328653409410 1.00000 7 
 fake.rf 1440.00000000 52304.49583567600536682 1.00000 7 
 fake.rf 1440.00000000 52314.47807853734045480 1.00000 7 
 fake.rf 1440.00000000 52324.40816310381002197 1.00000 7 
 fake.rf 1440.00000000 52334.41528968533994970 1.00000 7 
 fake.rf 1440.00000000 52344.42392549103918853 1.00000 7 
 fake.rf 1440.00000000 52354.36814521727393412 1.00000 7 
 fake.rf 1440.00000000 52364.31971266768164242 1.00000 7 
 fake.rf 1440.00000000 52374.27284485507280110 1.00000 7 
 fake.rf 1440.00000000 52384.29548648099359198 1.00000 7 
 fake.rf 1440.00000000 52394.23138347079494537 1.00000 7 
 fake.rf 1440.00000000 52404.22012293161294494 1.00000 7 
 fake.rf 1440.00000000 52414.19290313600700770 1.00000 7 
 fake.rf 1440.00000000 52424.18034714416869235 1.00000 7 
 fake.rf 1440.00000000 52434.11911519726635333 1.00000 7 
 fake.rf 1440.00000000 52444.13593846214435601 1.00000 7 
 fake.rf 1440.00000000 52454.07202857265980356 1.00000 7 
 fake.rf 1440.00000000 52464.09313745193960798 1.00000 7 
 fake.rf 1440.00000000 52474.03473980651912711 1.00000 7 
 fake.rf 1440.00000000 52483.98393547725736852 1.00000 7 
 fake.rf 1440.00000000 52493.95846843269585591 1.00000 7 
 fake.rf 1440.00000000 52503.93418879251512621 1.00000 7 
 fake.rf 1440.00000000 52513.93109480613827245 1.00000 7 
 fake.rf 1440.00000000 52523.91733158182948671 1.00000 7 
 fake.rf 1440.00000000 52533.85465365406633609 1.00000 7 
 fake.rf 1440.00000000 52543.82584496875564284 1.00000 7 
 fake.rf 1440.00000000 52553.78990968352042046 1.00000 7 
 fake.rf 1440.00000000 52563.79613492220873638 1.00000 7 
 fake.rf 1440.00000000 52573.73449192134320995 1.00000 7 
 fake.rf 1440.00000000 52583.75203972140652198 1.00000 7 
 fake.rf 1440.00000000 52593.66484358670162180 1.00000 7 
 fake.rf 1440.00000000 52603.65721907597899332 1.00000 7 
 fake.rf 1440.00000000 52613.63255028426039317 1.00000 7 
 fake.rf 1440.00000000 52623.63823466141018415 1.00000 7 
 fake.rf 1440.00000000 52633.58799904190308183 1.00000 7 
 fake.rf 1440.00000000 52643.59776114278828985 1.00000 7 
 fake.rf 1440.00000000 52653.55605238784492528 1.00000 7 
 fake.rf 1440.00000000 52663.47734080002449630 1.00000 7 
 fake.rf 1440.00000000 52673.46597472485384372 1.00000 7 
 fake.rf 1440.00000000 52683.48803576150260852 1.00000 7 
 fake.rf 1440.00000000 52693.45927014227422447 1.00000 7 
 fake.rf 1440.00000000 52703.41110537222176902 1.00000 7 
 fake.rf 1440.00000000 52713.36587690292134667 1.00000 7 
 fake.rf 1440.00000000 52723.33719583637928707 1.00000 7 
 fake.rf 1440.00000000 52733.30377941378111828 1.00000 7 
 fake.rf 1440.00000000 52743.30795666089850826 1.00000 7 
 fake.rf 1440.00000000 52753.24006986871093972 1.00000 7 
 fake.rf 1440.00000000 52763.25338117783868341 1.00000 7 
 fake.rf 1440.00000000 52773.22263829398707813 1.00000 7 
 fake.rf 1440.00000000 52783.20699153163088724 1.00000 7 
 fake.rf 1440.00000000 52793.11346952673946475 1.00000 7 
 fake.rf 1440.00000000 52803.16789723752877705 1.00000 7 
 fake.rf 1440.00000000 52813.07194187251554141 1.00000 7 
 fake.rf 1440.00000000 52823.08596355786305310 1.00000 7 
 fake.rf 1440.00000000 52833.07059905135709954 1.00000 7 
 fake.rf 1440.00000000 52843.02260338891748148 1.00000 7 
 fake.rf 1440.00000000 52852.95178739347313268 1.00000 7 
 fake.rf 1440.00000000 52862.92779192142049993 1.00000 7 
 fake.rf 1440.00000000 52872.91332584159617625 1.00000 7 
 fake.rf 1440.00000000 52882.89150453125281715 1.00000 7 
 fake.rf 1440.00000000 52892.91236121642918988 1.00000 7 
 fake.rf 1440.00000000 52902.83800332610698192 1.00000 7 
 fake.rf 1440.00000000 52912.83586180252336817 1.00000 7 
 fake.rf 1440.00000000 52922.77602067733606361 1.00000 7 
 fake.rf 1440.00000000 52932.73465152224531849 1.00000 7 
 fake.rf 1440.00000000 52942.70957873624463375 1.00000 7 
 fake.rf 1440.00000000 52952.68680404511256654 1.00000 7 
 fake.rf 1440.00000000 52962.71436377727314593 1.00000 7 
 fake.rf 1440.00000000 52972.63788371524357856 1.00000 7 
 fake.rf 1440.00000000 52982.63104730184545943 1.00000 7 
 fake.rf 1440.00000000 52992.62463908990574168 1.00000 7 
 fake.rf 1440.00000000 53002.54669777369907990 1.00000 7 
 fake.rf 1440.00000000 53012.51900088953544099 1.00000 7 
 fake.rf 1440.00000000 53022.49466853627199470 1.00000 7 
 fake.rf 1440.00000000 53032.49868381923636562 1.00000 7 
 fake.rf 1440.00000000 53042.46487482303979633 1.00000 7 
 fake.rf 1440.00000000 53052.47202408810230523 1.00000 7 
 fake.rf 1440.00000000 53062.43545687931165133 1.00000 7 
 fake.rf 1440.00000000 53072.35893021177468398 1.00000 7 
 fake.rf 1440.00000000 53082.36264089840743097 1.00000 7 
 fake.rf 1440.00000000 53092.33773127071264497 1.00000 7 
 fake.rf 1440.00000000 53102.27832029037324091 1.00000 7 
 fake.rf 1440.00000000 53112.28042969232843973 1.00000 7 
 fake.rf 1440.00000000 53122.27020234680528787 1.00000 7 
 fake.rf 1440.00000000 53132.25211735746519892 1.00000 7 
 fake.rf 1440.00000000 53142.18283325260124172 1.00000 7 
 fake.rf 1440.00000000 53152.15191460154073155 1.00000 7 
 fake.rf 1440.00000000 53162.17365128249240414 1.00000 7 
 fake.rf 1440.00000000 53172.10767604879037052 1.00000 7 
 fake.rf 1440.00000000 53182.08959564749943993 1.00000 7 
 fake.rf 1440.00000000 53192.03348199175307442 1.00000 7 
 fake.rf 1440.00000000 53202.01566779783884442 1.00000 7 
 fake.rf 1440.00000000 53212.03386716045165272 1.00000 7 
 fake.rf 1440.00000000 53222.00291634612483804 1.00000 7 
 fake.rf 1440.00000000 53231.95256533012806344 1.00000 7 
 fake.rf 1440.00000000 53241.95669991341993565 1.00000 7 
 fake.rf 1440.00000000 53251.92798059132432087 1.00000 7 
 fake.rf 1440.00000000 53261.88215925537480544 1.00000 7 
 fake.rf 1440.00000000 53271.85782454085703108 1.00000 7 
 fake.rf 1440.00000000 53281.77992952861338694 1.00000 7 
 fake.rf 1440.00000000 53291.75457609318993946 1.00000 7 
 fake.rf 1440.00000000 53301.75113752546618429 1.00000 7 
 fake.rf 1440.00000000 53311.70593880897229866 1.00000 7 
 fake.rf 1440.00000000 53321.68019284836214666 1.00000 7 
 fake.rf 1440.00000000 53331.67972625229289108 1.00000 7 
 fake.rf 1440.00000000 53341.66584716277877121 1.00000 7 
 fake.rf 1440.00000000 53351.63359655402555859 1.00000 7 
 fake.rf 1440.00000000 53361.58425021008206102 1.00000 7 
 fake.rf 1440.00000000 53371.56110822573015895 1.00000 7 
 fake.rf 1440.00000000 53381.56296861159178491 1.00000 7 
 fake.rf 1440.00000000 53391.54463729504885094 1.00000 7 
 fake.rf 1440.00000000 53401.52389005887377849 1.00000 7 
 fake.rf 1440.00000000 53411.49364376401869592 1.00000 7 
 fake.rf 1440.00000000 53421.42139284516890285 1.00000 7 
 fake.rf 1440.00000000 53431.41772262169005359 1.00000 7 
 fake.rf 1440.00000000 53441.39669567935683148 1.00000 7 
 fake.rf 1440.00000000 53451.36579831880828806 1.00000 7 
 fake.rf 1440.00000000 53461.35851377152569341 1.00000 7 
 fake.rf 1440.00000000 53471.30319450544478244 1.00000 7 
 fake.rf 1440.00000000 53481.23362626280016840 1.00000 7 
 fake.rf 1440.00000000 53491.23556560906879653 1.00000 7 
 fake.rf 1440.00000000 53501.23477035832545212 1.00000 7 
 fake.rf 1440.00000000 53511.17469225879959538 1.00000 7 
 fake.rf 1440.00000000 53521.13880197966608065 1.00000 7 
 fake.rf 1440.00000000 53531.13436024703076654 1.00000 7 
 fake.rf 1440.00000000 53541.13456879484252582 1.00000 7 
 fake.rf 1440.00000000 53551.04678409554874818 1.00000 7 
 fake.rf 1440.00000000 53561.04092736900954463 1.00000 7 
 fake.rf 1440.00000000 53571.02261889616394797 1.00000 7 
 fake.rf 1440.00000000 53581.02113717718855312 1.00000 7 
 fake.rf 1440.00000000 53590.96468975754123321 1.00000 7 
 fake.rf 1440.00000000 53600.94833217359281363 1.00000 7 
 fake.rf 1440.00000000 53610.88738286844813885 1.00000 7 
 fake.rf 1440.00000000 53620.89637443591842469 1.00000 7 
 fake.rf 1440.00000000 53630.88157521397529948 1.00000 7 
 fake.rf 1440.00000000 53640.84746367584098081 1.00000 7 
 fake.rf 1440.00000000 53650.78654713944300525 1.00000 7 
 fake.rf 1440.00000000 53660.76680161826929805 1.00000 7 
