FORMAT 1
 fake.rf 1440.00000000 50000.76724652250217318 1.00000 7 
 fake.rf 1440.00000000 50010.77709256714495822 1.00000 7 
 fake.rf 1440.00000000 50020.71739525174158558 1.00000 7 
 fake.rf 1440.00000000 50030.68881250808228600 1.00000 7 
 fake.rf 1440.00000000 50040.65207423602656789 1.00000 7 
 fake.rf 1440.00000000 50050.68427786785747458 1.00000 7 
 fake.rf 1440.00000000 50060.64550093081559012 1.00000 7 
 fake.rf 1440.00000000 50070.58211270127650394 1.00000 7 
 fake.rf 1440.00000000 50080.59567960358971206 1.00000 7 
 fake.rf 1440.00000000 50090.54535899093153617 1.00000 7 
 fake.rf 1440.00000000 50100.52443573196584481 1.00000 7 
 fake.rf 1440.00000000 50110.48450858363577254 1.00000 7 
 fake.rf 1440.00000000 50120.47921148108190792 1.00000 7 
 fake.rf 1440.00000000 50130.43952243603438035 1.00000 7 
 fake.rf 1440.00000000 50140.37564900680381541 1.00000 7 
 fake.rf 1440.00000000 50150.35134757716523168 1.00000 7 
 fake.rf 1440.00000000 50160.34741685852033655 1.00000 7 
 fake.rf 1440.00000000 50170.31331375325817845 1.00000 7 
 fake.rf 1440.00000000 50180.33398395177400886 1.00000 7 
 fake.rf 1440.00000000 50190.26789911018758161 1.00000 7 
 fake.rf 1440.00000000 50200.28981711669932864 1.00000 7 
 fake.rf 1440.00000000 50210.24363060161947558 1.00000 7 
 fake.rf 1440.00000000 50220.22513087131425280 1.00000 7 
 fake.rf 1440.00000000 50230.14224775390854560 1.00000 7 
 fake.rf 1440.00000000 50240.16890156740942075 1.00000 7 
 fake.rf 1440.00000000 50250.12124181152519498 1.00000 7 
 fake.rf 1440.00000000 50260.11653363683264217 1.00000 7 
 fake.rf 1440.00000000 50270.09097777180250333 1.00000 7 
 fake.rf 1440.00000000 50279.98949712733515227 1.00000 7 
 fake.rf 1440.00000000 50290.02724841134277511 1.00000 7 
 fake.rf 1440.00000000 50299.97538781046889511 1.00000 7 
 fake.rf 1440.00000000 50309.92090180107502917 1.00000 7 
 fake.rf 1440.00000000 50319.91247019472265123 1.00000 7 
 fake.rf 1440.00000000 50329.91154985625924567 1.00000 7 
 fake.rf 1440.00000000 50339.85578550180757418 1.00000 7 
 fake.rf 1440.00000000 50349.83791990257916282 1.00000 7 
 fake.rf 1440.00000000 50359.81317425916503083 1.00000 7 
 fake.rf 1440.00000000 50369.74593722975612309 1.00000 7 
 fake.rf 1440.00000000 50379.77532110661101683 1.00000 7 
 fake.rf 1440.00000000 50389.70811337515393191 1.00000 7 
 fake.rf 1440.00000000 50399.70119343873378526 1.00000 7 
 fake.rf 1440.00000000 50409.65362502881790263 1.00000 7 
 fake.rf 1440.00000000 50419.65712777807802425 1.00000 7 
 fake.rf 1440.00000000 50429.58888171446555049 1.00000 7 
 fake.rf 1440.00000000 50439.61226195292665508 1.00000 7 
 fake.rf 1440.00000000 50449.57919565738376733 1.00000 7 
 fake.rf 1440.00000000 50459.51395244027955655 1.00000 7 
 fake.rf 1440.00000000 50469.47737297882777341 1.00000 7 
 fake.rf 1440.00000000 50479.52084121789071958 1.00000 7 
 fake.rf 1440.00000000 50489.42023923817882647 1.00000 7 
 fake.rf 1440.00000000 50499.42821257296631288 1.00000 7 
 fake.rf 1440.00000000 50509.43756982847977000 1.00000 7 
 fake.rf 1440.00000000 50519.40141901118391132 1.00000 7 
 fake.rf 1440.00000000 50529.33486360636562296 1.00000 7 
 fake.rf 1440.00000000 50539.28864214344477546 1.00000 7 
 fake.rf 1440.00000000 50549.30644943748357178 1.00000 7 
 fake.rf 1440.00000000 50559.30287191082175369 1.00000 7 
 fake.rf 1440.00000000 50569.27924657807029618 1.00000 7 
 fake.rf 1440.00000000 50579.21546902416979918 1.00000 7 
 fake.rf 1440.00000000 50589.22104850531406228 1.00000 7 
 fake.rf 1440.00000000 50599.17914551863291095 1.00000 7 
 fake.rf 1440.00000000 50609.09081167597827289 1.00000 7 
 fake.rf 1440.00000000 50619.06920950844425278 1.00000 7 
 fake.rf 1440.00000000 50629.04617918100279894 1.00000 7 
 fake.rf 1440.00000000 50639.06756268727577819 1.00000 7 
 fake.rf 1440.00000000 50649.01750048279500760 1.00000 7 
 fake.rf 1440.00000000 50659.00390894456800339 1.00000 7 
 fake.rf 1440.00000000 50668.94451776708036306 1.00000 7 
 fake.rf 1440.00000000 50678.93785620684000293 1.00000 7 
 fake.rf 1440.00000000 50688.89761954296745472 1.00000 7 
 fake.rf 1440.00000000 50698.88165829374916882 1.00000 7 
 fake.rf 1440.00000000 50708.89538113340291048 1.00000 7 
 fake.rf 1440.00000000 50718.83488039602829645 1.00000 7 
 fake.rf 1440.00000000 50728.76639293488156213 1.00000 7 
 fake.rf 1440.00000000 50738.73917401120482040 1.00000 7 
 fake.rf 1440.00000000 50748.72935780142809392 1.00000 7 
 fake.rf 1440.00000000 50758.73844172170302613 1.00000 7 
 fake.rf 1440.00000000 50768.67328397762090475 1.00000 7 
 fake.rf 1440.00000000 50778.65419261448112564 1.00000 7 
 fake.rf 1440.00000000 50788.65071578270604746 1.00000 7 
 fake.rf 1440.00000000 50798.59559371230919211 1.00000 7 
 fake.rf 1440.00000000 50808.61178001357918532 1.00000 7 
 fake.rf 1440.00000000 50818.56163147471639618 1.00000 7 
 fake.rf 1440.00000000 50828.49766291049456157 1.00000 7 
 fake.rf 1440.00000000 50838.47459808064743214 1.00000 7 
 fake.rf 1440.00000000 50848.48886575358163142 1.00000 7 
 fake.rf 1440.00000000 50858.47000882894032614 1.00000 7 
 fake.rf 1440.00000000 50868.38733746149575055 1.00000 7 
 fake.rf 1440.00000000 50878.40528416332067252 1.00000 7 
 fake.rf 1440.00000000 50888.34995401099190104 1.00000 7 
 fake.rf 1440.00000000 50898.30016650043110715 1.00000 7 
 fake.rf 1440.00000000 50908.30351449001452480 1.00000 7 
 fake.rf 1440.00000000 50918.27048817255897362 1.00000 7 
 fake.rf 1440.00000000 50928.22640281805636420 1.00000 7 
 fake.rf 1440.00000000 50938.23402485677494056 1.00000 7 
 fake.rf 1440.00000000 50948.16635303963404269 1.00000 7 
 fake.rf 1440.00000000 50958.18284313295125898 1.00000 7 
 fake.rf 1440.00000000 50968.12084461838319882 1.00000 7 
 fake.rf 1440.00000000 50978.10441930100883212 1.00000 7 
 fake.rf 1440.00000000 50988.05821885216542810 1.00000 7 
 fake.rf 1440.00000000 50998.06662127228391057 1.00000 7 
 fake.rf 1440.00000000 51008.06153909104202171 1.00000 7 
 fake.rf 1440.00000000 51017.97303248111505170 1.00000 7 
 fake.rf 1440.00000000 51027.94823847060779798 1.00000 7 
 fake.rf 1440.00000000 51037.98530650156212829 1.00000 7 
 fake.rf 1440.00000000 51047.89688533678159033 1.00000 7 
 fake.rf 1440.00000000 51057.88957948070758874 1.00000 7 
 fake.rf 1440.00000000 51067.87970238597169370 1.00000 7 
 fake.rf 1440.00000000 51077.83676114743490970 1.00000 7 
 fake.rf 1440.00000000 51087.83766824666971118 1.00000 7 
 fake.rf 1440.00000000 51097.76828532214812384 1.00000 7 
 fake.rf 1440.00000000 51107.78085967795357902 1.00000 7 
 fake.rf 1440.00000000 51117.74192405729034405 1.00000 7 
 fake.rf 1440.00000000 51127.73303029522395136 1.00000 7 
 fake.rf 1440.00000000 51137.70894040319090834 1.00000 7 
 fake.rf 1440.00000000 51147.67424430325032603 1.00000 7 
 fake.rf 1440.00000000 51157.62358919882604269 1.00000 7 
 fake.rf 1440.00000000 51167.60794672161382124 1.00000 7 
 fake.rf 1440.00000000 51177.60121692837024554 1.00000 7 
 fake.rf 1440.00000000 51187.51247950692765798 1.00000 7 
 fake.rf 1440.00000000 51197.55214456738544371 1.00000 7 
 fake.rf 1440.00000000 51207.52293154858453761 1.00000 7 
 fake.rf 1440.00000000 51217.46484652752381095 1.00000 7 
 fake.rf 1440.00000000 51227.41545625838628908 1.00000 7 
 fake.rf 1440.00000000 51237.36946220065976831 1.00000 7 
 fake.rf 1440.00000000 51247.34630349246772951 1.00000 7 
 fake.rf 1440.00000000 51257.33987910904805574 1.00000 7 
 fake.rf 1440.00000000 51267.33767947606215643 1.00000 7 
 fake.rf 1440.00000000 51277.27982658574580910 1.00000 7 
 fake.rf 1440.00000000 51287.28428121422524200 1.00000 7 
 fake.rf 1440.00000000 51297.26318548513555839 1.00000 7 
 fake.rf 1440.00000000 51307.24103939000977448 1.00000 7 
 fake.rf 1440.00000000 51317.18438281249828492 1.00000 7 
 fake.rf 1440.00000000 51327.18541812122771972 1.00000 7 
 fake.rf 1440.00000000 51337.16578236577443306 1.00000 7 
 fake.rf 1440.00000000 51347.09016482592894093 1.00000 7 
 fake.rf 1440.00000000 51357.11341661953121118 1.00000 7 
 fake.rf 1440.00000000 51367.03044597952320771 1.00000 7 
 fake.rf 1440.00000000 51377.05558904103809326 1.00000 7 
 fake.rf 1440.00000000 51386.97987058668502414 1.00000 7 
 fake.rf 1440.00000000 51397.00844469628930966 1.00000 7 
 fake.rf 1440.00000000 51406.90817586094236802 1.00000 7 
 fake.rf 1440.00000000 51416.95566938915607835 1.00000 7 
 fake.rf 1440.00000000 51426.88927888604721872 1.00000 7 
 fake.rf 1440.00000000 51436.89075394412586206 1.00000 7 
 fake.rf 1440.00000000 51446.85812864949350143 1.00000 7 
 fake.rf 1440.00000000 51456.78434635819064980 1.00000 7 
 fake.rf 1440.00000000 51466.76247065364201561 1.00000 7 
 fake.rf 1440.00000000 51476.74150722105300559 1.00000 7 
 fake.rf 1440.00000000 51486.68829943119476056 1.00000 7 
 fake.rf 1440.00000000 51496.68832400098970581 1.00000 7 
 fake.rf 1440.00000000 51506.65099663185050716 1.00000 7 
 fake.rf 1440.00000000 51516.67921347017253808 1.00000 7 
 fake.rf 1440.00000000 51526.64845730435158799 1.00000 7 
 fake.rf 1440.00000000 51536.58904402456162330 1.00000 7 
 fake.rf 1440.00000000 51546.59857115876982192 1.00000 7 
 fake.rf 1440.00000000 51556.57196064628842436 1.00000 7 
 fake.rf 1440.00000000 51566.53342725028528548 1.00000 7 
 fake.rf 1440.00000000 51576.48472579066590171 1.00000 7 
 fake.rf 1440.00000000 51586.42756674070923850 1.00000 7 
 fake.rf 1440.00000000 51596.42079228955626036 1.00000 7 
 fake.rf 1440.00000000 51606.37829943386009290 1.00000 7 
 fake.rf 1440.00000000 51616.40963194304850603 1.00000 7 
 fake.rf 1440.00000000 51626.37350527026447367 1.00000 7 
 fake.rf 1440.00000000 51636.27601871744481699 1.00000 7 
 fake.rf 1440.00000000 51646.31501979323345353 1.00000 7 
 fake.rf 1440.00000000 51656.23057988576774946 1.00000 7 
 fake.rf 1440.00000000 51666.26698279819785853 1.00000 7 
 fake.rf 1440.00000000 51676.16698426429998747 1.00000 7 
 fake.rf 1440.00000000 51686.21832505481497222 1.00000 7 
 fake.rf 1440.00000000 51696.12298053432015621 1.00000 7 
 fake.rf 1440.00000000 51706.16219379722108940 1.00000 7 
 fake.rf 1440.00000000 51716.14057005013365398 1.00000 7 
 fake.rf 1440.00000000 51726.03669008221167758 1.00000 7 
 fake.rf 1440.00000000 51736.03681718377546872 1.00000 7 
 fake.rf 1440.00000000 51746.04397281424637711 1.00000 7 
 fake.rf 1440.00000000 51756.01810523771892747 1.00000 7 
 fake.rf 1440.00000000 51765.97175434675989436 1.00000 7 
 fake.rf 1440.00000000 51775.90100527495046023 1.00000 7 
 fake.rf 1440.00000000 51785.88147859443249033 1.00000 7 
 fake.rf 1440.00000000 51795.89255758463657386 1.00000 7 
 fake.rf 1440.00000000 51805.84913743550177045 1.00000 7 
 fake.rf 1440.00000000 51815.81958769090005745 1.00000 7 
 fake.rf 1440.00000000 51825.80285454206628160 1.00000 7 
 fake.rf 1440.00000000 51835.75598256494348703 1.00000 7 
 fake.rf 1440.00000000 51845.77765717268346535 1.00000 7 
 fake.rf 1440.00000000 51855.71442219973151211 1.00000 7 
 fake.rf 1440.00000000 51865.66824403033770352 1.00000 7 
 fake.rf 1440.00000000 51875.67868957862593504 1.00000 7 
 fake.rf 1440.00000000 51885.59405748227061395 1.00000 7 
 fake.rf 1440.00000000 51895.60135790717283655 1.00000 7 
 fake.rf 1440.00000000 51905.54900002123356018 1.00000 7 
 fake.rf 1440.00000000 51915.53251273594842274 1.00000 7 
 fake.rf 1440.00000000 51925.51511669375794611 1.00000 7 
 fake.rf 1440.00000000 51935.53726979754967275 1.00000 7 
 fake.rf 1440.00000000 51945.45060029457054540 1.00000 7 
 fake.rf 1440.00000000 51955.41617631563992674 1.00000 7 
 fake.rf 1440.00000000 51965.38119380989020257 1.00000 7 
 fake.rf 1440.00000000 51975.35823156983243720 1.00000 7 
 fake.rf 1440.00000000 51985.33444672701076072 1.00000 7 
 fake.rf 1440.00000000 51995.29477599836208057 1.00000 7 
 fake.rf 1440.00000000 52005.28710693748060478 1.00000 7 
 fake.rf 1440.00000000 52015.24650631189191685 1.00000 7 
 fake.rf 1440.00000000 52025.21251623231010086 1.00000 7 
 fake.rf 1440.00000000 52035.21160481832022882 1.00000 7 
 fake.rf 1440.00000000 52045.19843563140905829 1.00000 7 
 fake.rf 1440.00000000 52055.19890554141830208 1.00000 7 
 fake.rf 1440.00000000 52065.11609754761324353 1.00000 7 
 fake.rf 1440.00000000 52075.08388177154987986 1.00000 7 
 fake.rf 1440.00000000 52085.12424028939539156 1.00000 7 
 fake.rf 1440.00000000 52095.04920994465591022 1.00000 7 
 fake.rf 1440.00000000 52105.05537750906023575 1.00000 7 
 fake.rf 1440.00000000 52114.99628686464540905 1.00000 7 
 fake.rf 1440.00000000 52125.00234444957565216 1.00000 7 
 fake.rf 1440.00000000 52134.93574984816519091 1.00000 7 
 fake.rf 1440.00000000 52144.94042490612166674 1.00000 7 
 fake.rf 1440.00000000 52154.91212809364139247 1.00000 7 
 fake.rf 1440.00000000 52164.89293619391892776 1.00000 7 
 fake.rf 1440.00000000 52174.87873743520919234 1.00000 7 
 fake.rf 1440.00000000 52184.80485716328294998 1.00000 7 
 fake.rf 1440.00000000 52194.81167081706808730 1.00000 7 
 fake.rf 1440.00000000 52204.74874352159589108 1.00000 7 
 fake.rf 1440.00000000 52214.73314302421105282 1.00000 7 
 fake.rf 1440.00000000 52224.66744039621329421 1.00000 7 
 fake.rf 1440.00000000 52234.69775467399201574 1.00000 7 
 fake.rf 1440.00000000 52244.64827829164370954 1.00000 7 
 fake.rf 1440.00000000 52254.60654380194761615 1.00000 7 
 fake.rf 1440.00000000 52264.62973846210378071 1.00000 7 
 fake.rf 1440.00000000 52274.57258389666403176 1.00000 7 
 fake.rf 1440.00000000 52284.53519154101480382 1.00000 7 
 fake.rf 1440.00000000 52294.47857235801217257 1.00000 7 
 fake.rf 1440.00000000 52304.49238475030048079 1.00000 7 
 fake.rf 1440.00000000 52314.47462761734247394 1.00000 7 
 fake.rf 1440.00000000 52324.40471214272940159 1.00000 7 
 fake.rf 1440.00000000 52334.41183876248392082 1.00000 7 
 fake.rf 1440.00000000 52344.42047458905482316 1.00000 7 
 fake.rf 1440.00000000 52354.36469426560390517 1.00000 7 
 fake.rf 1440.00000000 52364.31626176900381964 1.00000 7 
 fake.rf 1440.00000000 52374.26939390147342124 1.00000 7 
 fake.rf 1440.00000000 52384.29203555960133798 1.00000 7 
 fake.rf 1440.00000000 52394.22793251258080716 1.00000 7 
 fake.rf 1440.00000000 52404.21667200185200741 1.00000 7 
 fake.rf 1440.00000000 52414.18945221895171116 1.00000 7 
 fake.rf 1440.00000000 52424.17689623749496874 1.00000 7 
 fake.rf 1440.00000000 52434.11566424878717640 1.00000 7 
 fake.rf 1440.00000000 52444.13248755859745032 1.00000 7 
 fake.rf 1440.00000000 52454.06857764112318421 1.00000 7 
 fake.rf 1440.00000000 52464.08968651474468814 1.00000 7 
 fake.rf 1440.00000000 52474.03128887512320944 1.00000 7 
 fake.rf 1440.00000000 52483.98048452974390443 1.00000 7 
 fake.rf 1440.00000000 52493.95501747451741181 1.00000 7 
 fake.rf 1440.00000000 52503.93073786527651947 1.00000 7 
 fake.rf 1440.00000000 52513.92764387510439761 1.00000 7 
 fake.rf 1440.00000000 52523.91388063760783567 1.00000 7 
 fake.rf 1440.00000000 52533.85120270049662849 1.00000 7 
 fake.rf 1440.00000000 52543.82239404647893721 1.00000 7 
 fake.rf 1440.00000000 52553.78645874017477269 1.00000 7 
 fake.rf 1440.00000000 52563.79268400878968137 1.00000 7 
 fake.rf 1440.00000000 52573.73104098348204616 1.00000 7 
 fake.rf 1440.00000000 52583.74858877999267293 1.00000 7 
 fake.rf 1440.00000000 52593.66139267862338258 1.00000 7 
 fake.rf 1440.00000000 52603.65376814557967933 1.00000 7 
 fake.rf 1440.00000000 52613.62909932006649782 1.00000 7 
 fake.rf 1440.00000000 52623.63478373478109873 1.00000 7 
 fake.rf 1440.00000000 52633.58454812586958838 1.00000 7 
 fake.rf 1440.00000000 52643.59431022298918634 1.00000 7 
 fake.rf 1440.00000000 52653.55260144457308868 1.00000 7 
 fake.rf 1440.00000000 52663.47388988521375452 1.00000 7 
 fake.rf 1440.00000000 52673.46252379692592172 1.00000 7 
 fake.rf 1440.00000000 52683.48458483902422955 1.00000 7 
 fake.rf 1440.00000000 52693.45581922410173803 1.00000 7 
 fake.rf 1440.00000000 52703.40765446264443383 1.00000 7 
 fake.rf 1440.00000000 52713.36242596984468989 1.00000 7 
 fake.rf 1440.00000000 52723.33374492129211930 1.00000 7 
 fake.rf 1440.00000000 52733.30032848955797320 1.00000 7 
 fake.rf 1440.00000000 52743.30450569891642232 1.00000 7 
 fake.rf 1440.00000000 52753.23661891163704141 1.00000 7 
 fake.rf 1440.00000000 52763.24993024697016253 1.00000 7 
 fake.rf 1440.00000000 52773.21918735237290932 1.00000 7 
 fake.rf 1440.00000000 52783.20354059668336433 1.00000 7 
 fake.rf 1440.00000000 52793.11001858397502318 1.00000 7 
 fake.rf 1440.00000000 52803.16444631073967031 1.00000 7 
 fake.rf 1440.00000000 52813.06849093724348165 1.00000 7 
 fake.rf 1440.00000000 52823.08251262368105472 1.00000 7 
 fake.rf 1440.00000000 52833.06714813063560499 1.00000 7 
 fake.rf 1440.00000000 52843.01915244729805821 1.00000 7 
 fake.rf 1440.00000000 52852.94833644834957909 1.00000 7 
 fake.rf 1440.00000000 52862.92434098922523589 1.00000 7 
 fake.rf 1440.00000000 52872.90987492496449818 1.00000 7 
 fake.rf 1440.00000000 52882.88805359557857599 1.00000 7 
 fake.rf 1440.00000000 52892.90891025685412785 1.00000 7 
 fake.rf 1440.00000000 52902.83455240175395318 1.00000 7 
 fake.rf 1440.00000000 52912.83241088725890933 1.00000 7 
 fake.rf 1440.00000000 52922.77256973440434251 1.00000 7 
 fake.rf 1440.00000000 52932.73120059604887189 1.00000 7 
 fake.rf 1440.00000000 52942.70612780153022925 1.00000 7 
 fake.rf 1440.00000000 52952.68335309979272196 1.00000 7 
 fake.rf 1440.00000000 52962.71091282780214016 1.00000 7 
 fake.rf 1440.00000000 52972.63443278881913301 1.00000 7 
 fake.rf 1440.00000000 52982.62759634020028088 1.00000 7 
 fake.rf 1440.00000000 52992.62118815993029486 1.00000 7 
 fake.rf 1440.00000000 53002.54324682070740948 1.00000 7 
 fake.rf 1440.00000000 53012.51554994637603002 1.00000 7 
 fake.rf 1440.00000000 53022.49121760026803685 1.00000 7 
 fake.rf 1440.00000000 53032.49523287643715719 1.00000 7 
 fake.rf 1440.00000000 53042.46142389553265062 1.00000 7 
 fake.rf 1440.00000000 53052.46857315262823462 1.00000 7 
 fake.rf 1440.00000000 53062.43200591848420800 1.00000 7 
 fake.rf 1440.00000000 53072.35547930379811987 1.00000 7 
 fake.rf 1440.00000000 53082.35918997798524188 1.00000 7 
 fake.rf 1440.00000000 53092.33428036970691366 1.00000 7 
 fake.rf 1440.00000000 53102.27486936216326185 1.00000 7 
 fake.rf 1440.00000000 53112.27697875791907123 1.00000 7 
 fake.rf 1440.00000000 53122.26675142540685925 1.00000 7 
 fake.rf 1440.00000000 53132.24866641010519075 1.00000 7 
 fake.rf 1440.00000000 53142.17938234000249764 1.00000 7 
 fake.rf 1440.00000000 53152.14846369884270061 1.00000 7 
 fake.rf 1440.00000000 53162.17020036048226572 1.00000 7 
 fake.rf 1440.00000000 53172.10422511840513238 1.00000 7 
 fake.rf 1440.00000000 53182.08614473433636505 1.00000 7 
 fake.rf 1440.00000000 53192.03003105335667655 1.00000 7 
 fake.rf 1440.00000000 53202.01221685666849837 1.00000 7 
 fake.rf 1440.00000000 53212.03041622479423722 1.00000 7 
 fake.rf 1440.00000000 53221.99946541441836345 1.00000 7 
 fake.rf 1440.00000000 53231.94911439350743265 1.00000 7 
 fake.rf 1440.00000000 53241.95324899241152394 1.00000 7 
 fake.rf 1440.00000000 53251.92452967349845139 1.00000 7 
 fake.rf 1440.00000000 53261.87870833345003163 1.00000 7 
 fake.rf 1440.00000000 53271.85437360692714748 1.00000 7 
 fake.rf 1440.00000000 53281.77647860873361196 1.00000 7 
 fake.rf 1440.00000000 53291.75112513946448445 1.00000 7 
 fake.rf 1440.00000000 53301.74768660074392912 1.00000 7 
 fake.rf 1440.00000000 53311.70248788921881911 1.00000 7 
 fake.rf 1440.00000000 53321.67674189535058815 1.00000 7 
 fake.rf 1440.00000000 53331.67627531969517563 1.00000 7 
 fake.rf 1440.00000000 53341.66239623040951656 1.00000 7 
 fake.rf 1440.00000000 53351.63014559329891284 1.00000 7 
 fake.rf 1440.00000000 53361.58079926613421407 1.00000 7 
 fake.rf 1440.00000000 53371.55765731375677774 1.00000 7 
 fake.rf 1440.00000000 53381.55951768148090508 1.00000 7 
 fake.rf 1440.00000000 53391.54118637028228633 1.00000 7 
 fake.rf 1440.00000000 53401.52043910939476845 1.00000 7 
 fake.rf 1440.00000000 53411.49019285652962452 1.00000 7 
 fake.rf 1440.00000000 53421.41794191017430293 1.00000 7 
 fake.rf 1440.00000000 53431.41427168671188497 1.00000 7 
 fake.rf 1440.00000000 53441.39324472825162715 1.00000 7 
 fake.rf 1440.00000000 53451.36234736573861781 1.00000 7 
 fake.rf 1440.00000000 53461.35506281985223964 1.00000 7 
 fake.rf 1440.00000000 53471.29974354105043943 1.00000 7 
 fake.rf 1440.00000000 53481.23017533159136505 1.00000 7 
 fake.rf 1440.00000000 53491.23211466603322606 1.00000 7 
 fake.rf 1440.00000000 53501.23131943865462290 1.00000 7 
 fake.rf 1440.00000000 53511.17124130304005902 1.00000 7 
 fake.rf 1440.00000000 53521.13535105651780555 1.00000 7 
 fake.rf 1440.00000000 53531.13090930622012920 1.00000 7 
 fake.rf 1440.00000000 53541.13111786213203658 1.00000 7 
 fake.rf 1440.00000000 53551.04333313820147566 1.00000 7 
 fake.rf 1440.00000000 53561.03747642968023612 1.00000 7 
 fake.rf 1440.00000000 53571.01916797662739711 1.00000 7 
 fake.rf 1440.00000000 53581.01768624549778863 1.00000 7 
 fake.rf 1440.00000000 53590.96123880803431305 1.00000 7 
 fake.rf 1440.00000000 53600.94488124350758440 1.00000 7 
 fake.rf 1440.00000000 53610.88393196109774408 1.00000 7 
 fake.rf 1440.00000000 53620.89292348646534947 1.00000 7 
 fake.rf 1440.00000000 53630.87812429716124285 1.00000 7 
 fake.rf 1440.00000000 53640.84401275629544870 1.00000 7 
 fake.rf 1440.00000000 53650.78309620058920260 1.00000 7 
 fake.rf 1440.00000000 53660.76335067833608505 1.00000 7 
