FORMAT 1
 fake.rf 1440.00000000 50000.78554276079586671 1.00000 7 
 fake.rf 1440.00000000 50010.79538884661311826 1.00000 7 
 fake.rf 1440.00000000 50020.73569145810226289 1.00000 7 
 fake.rf 1440.00000000 50030.70710872845123873 1.00000 7 
 fake.rf 1440.00000000 50040.67037044433554982 1.00000 7 
 fake.rf 1440.00000000 50050.70257413097481702 1.00000 7 
 fake.rf 1440.00000000 50060.66379719486345934 1.00000 7 
 fake.rf 1440.00000000 50070.60040893774535320 1.00000 7 
 fake.rf 1440.00000000 50080.61397583038048609 1.00000 7 
 fake.rf 1440.00000000 50090.56365522197640416 1.00000 7 
 fake.rf 1440.00000000 50100.54273200177360437 1.00000 7 
 fake.rf 1440.00000000 50110.50280484550014393 1.00000 7 
 fake.rf 1440.00000000 50120.49750770375518627 1.00000 7 
 fake.rf 1440.00000000 50130.45781868183119556 1.00000 7 
 fake.rf 1440.00000000 50140.39394525073142006 1.00000 7 
 fake.rf 1440.00000000 50150.36964380947281583 1.00000 7 
 fake.rf 1440.00000000 50160.36571307661823838 1.00000 7 
 fake.rf 1440.00000000 50170.33161000918750716 1.00000 7 
 fake.rf 1440.00000000 50180.35228019703092173 1.00000 7 
 fake.rf 1440.00000000 50190.28619533399255204 1.00000 7 
 fake.rf 1440.00000000 50200.30811337847931597 1.00000 7 
 fake.rf 1440.00000000 50210.26192683085217539 1.00000 7 
 fake.rf 1440.00000000 50220.24342712659366583 1.00000 7 
 fake.rf 1440.00000000 50230.16054401049041189 1.00000 7 
 fake.rf 1440.00000000 50240.18719782636866711 1.00000 7 
 fake.rf 1440.00000000 50250.13953804076973952 1.00000 7 
 fake.rf 1440.00000000 50260.13482984907167861 1.00000 7 
 fake.rf 1440.00000000 50270.10927399330925525 1.00000 7 
 fake.rf 1440.00000000 50280.00779338621966730 1.00000 7 
 fake.rf 1440.00000000 50290.04554466855673311 1.00000 7 
 fake.rf 1440.00000000 50299.99368402675282752 1.00000 7 
 fake.rf 1440.00000000 50309.93919804571565635 1.00000 7 
 fake.rf 1440.00000000 50319.93076643639906109 1.00000 7 
 fake.rf 1440.00000000 50329.92984612291642321 1.00000 7 
 fake.rf 1440.00000000 50339.87408172120313665 1.00000 7 
 fake.rf 1440.00000000 50349.85621612590389162 1.00000 7 
 fake.rf 1440.00000000 50359.83147047399222274 1.00000 7 
 fake.rf 1440.00000000 50369.76423348524625112 1.00000 7 
 fake.rf 1440.00000000 50379.79361735270451206 1.00000 7 
 fake.rf 1440.00000000 50389.72640960317768943 1.00000 7 
 fake.rf 1440.00000000 50399.71948964442893626 1.00000 7 
 fake.rf 1440.00000000 50409.67192123740884213 1.00000 7 
 fake.rf 1440.00000000 50419.67542404013372348 1.00000 7 
 fake.rf 1440.00000000 50429.60717797594282885 1.00000 7 
 fake.rf 1440.00000000 50439.63055816290266975 1.00000 7 
 fake.rf 1440.00000000 50449.59749186700478418 1.00000 7 
 fake.rf 1440.00000000 50459.53224869995097279 1.00000 7 
 fake.rf 1440.00000000 50469.49566920753587240 1.00000 7 
 fake.rf 1440.00000000 50479.53913747415057500 1.00000 7 
 fake.rf 1440.00000000 50489.43853548762305294 1.00000 7 
 fake.rf 1440.00000000 50499.44650878812743500 1.00000 7 
 fake.rf 1440.00000000 50509.45586609000992695 1.00000 7 
 fake.rf 1440.00000000 50519.41971526361604106 1.00000 7 
 fake.rf 1440.00000000 50529.35315981114242589 1.00000 7 
 fake.rf 1440.00000000 50539.30693835899414879 1.00000 7 
 fake.rf 1440.00000000 50549.32474566727164245 1.00000 7 
 fake.rf 1440.00000000 50559.32116812560468233 1.00000 7 
 fake.rf 1440.00000000 50569.29754281721966436 1.00000 7 
 fake.rf 1440.00000000 50579.23376524526106479 1.00000 7 
 fake.rf 1440.00000000 50589.23934476359173829 1.00000 7 
 fake.rf 1440.00000000 50599.19744176541922798 1.00000 7 
 fake.rf 1440.00000000 50609.10910789091708750 1.00000 7 
 fake.rf 1440.00000000 50619.08750574448733417 1.00000 7 
 fake.rf 1440.00000000 50629.06447542941243611 1.00000 7 
 fake.rf 1440.00000000 50639.08585893273561851 1.00000 7 
 fake.rf 1440.00000000 50649.03579673308436071 1.00000 7 
 fake.rf 1440.00000000 50659.02220518147420236 1.00000 7 
 fake.rf 1440.00000000 50668.96281401226591612 1.00000 7 
 fake.rf 1440.00000000 50678.95615245883738709 1.00000 7 
 fake.rf 1440.00000000 50688.91591575313523776 1.00000 7 
 fake.rf 1440.00000000 50698.89995455592650586 1.00000 7 
 fake.rf 1440.00000000 50708.91367737107080771 1.00000 7 
 fake.rf 1440.00000000 50718.85317659048032013 1.00000 7 
 fake.rf 1440.00000000 50728.78468914151346425 1.00000 7 
 fake.rf 1440.00000000 50738.75747025403757462 1.00000 7 
 fake.rf 1440.00000000 50748.74765403665897523 1.00000 7 
 fake.rf 1440.00000000 50758.75673798246085866 1.00000 7 
 fake.rf 1440.00000000 50768.69158021200073350 1.00000 7 
 fake.rf 1440.00000000 50778.67248886235726957 1.00000 7 
 fake.rf 1440.00000000 50788.66901201092939289 1.00000 7 
 fake.rf 1440.00000000 50798.61388996560128462 1.00000 7 
 fake.rf 1440.00000000 50808.63007625123876210 1.00000 7 
 fake.rf 1440.00000000 50818.57992771558921064 1.00000 7 
 fake.rf 1440.00000000 50828.51595914029627110 1.00000 7 
 fake.rf 1440.00000000 50838.49289430921596633 1.00000 7 
 fake.rf 1440.00000000 50848.50716197357741066 1.00000 7 
 fake.rf 1440.00000000 50858.48830507241702037 1.00000 7 
 fake.rf 1440.00000000 50868.40563369496667434 1.00000 7 
 fake.rf 1440.00000000 50878.42358039331687891 1.00000 7 
 fake.rf 1440.00000000 50888.36825024058910216 1.00000 7 
 fake.rf 1440.00000000 50898.31846273924749013 1.00000 7 
 fake.rf 1440.00000000 50908.32181075108240620 1.00000 7 
 fake.rf 1440.00000000 50918.28878441158727242 1.00000 7 
 fake.rf 1440.00000000 50928.24469906212696557 1.00000 7 
 fake.rf 1440.00000000 50938.25232107118557678 1.00000 7 
 fake.rf 1440.00000000 50948.18464927614436988 1.00000 7 
 fake.rf 1440.00000000 50958.20113936130998766 1.00000 7 
 fake.rf 1440.00000000 50968.13914085949051724 1.00000 7 
 fake.rf 1440.00000000 50978.12271553673821600 1.00000 7 
 fake.rf 1440.00000000 50988.07651507643218380 1.00000 7 
 fake.rf 1440.00000000 50998.08491752928542695 1.00000 7 
 fake.rf 1440.00000000 51008.07983533115670838 1.00000 7 
 fake.rf 1440.00000000 51017.99132870739856571 1.00000 7 
 fake.rf 1440.00000000 51027.96653471015918058 1.00000 7 
 fake.rf 1440.00000000 51038.00360276117693914 1.00000 7 
 fake.rf 1440.00000000 51047.91518157431753977 1.00000 7 
 fake.rf 1440.00000000 51057.90787571626380981 1.00000 7 
 fake.rf 1440.00000000 51067.89799863163851512 1.00000 7 
 fake.rf 1440.00000000 51077.85505738285787558 1.00000 7 
 fake.rf 1440.00000000 51087.85596444483477541 1.00000 7 
 fake.rf 1440.00000000 51097.78658157334997370 1.00000 7 
 fake.rf 1440.00000000 51107.79915593181975098 1.00000 7 
 fake.rf 1440.00000000 51117.76022027134824199 1.00000 7 
 fake.rf 1440.00000000 51127.75132653048837383 1.00000 7 
 fake.rf 1440.00000000 51137.72723665976572605 1.00000 7 
 fake.rf 1440.00000000 51147.69254051124702087 1.00000 7 
 fake.rf 1440.00000000 51157.64188543432072365 1.00000 7 
 fake.rf 1440.00000000 51167.62624295642364913 1.00000 7 
 fake.rf 1440.00000000 51177.61951316246863897 1.00000 7 
 fake.rf 1440.00000000 51187.53077575044882508 1.00000 7 
 fake.rf 1440.00000000 51197.57044080238366490 1.00000 7 
 fake.rf 1440.00000000 51207.54122779774336394 1.00000 7 
 fake.rf 1440.00000000 51217.48314276604692097 1.00000 7 
 fake.rf 1440.00000000 51227.43375248337240890 1.00000 7 
 fake.rf 1440.00000000 51237.38775845572168421 1.00000 7 
 fake.rf 1440.00000000 51247.36459976105046366 1.00000 7 
 fake.rf 1440.00000000 51257.35817535502727438 1.00000 7 
 fake.rf 1440.00000000 51267.35597570877147078 1.00000 7 
 fake.rf 1440.00000000 51277.29812284314861870 1.00000 7 
 fake.rf 1440.00000000 51287.30257747750078678 1.00000 7 
 fake.rf 1440.00000000 51297.28148170878807832 1.00000 7 
 fake.rf 1440.00000000 51307.25933563860620623 1.00000 7 
 fake.rf 1440.00000000 51317.20267903644952057 1.00000 7 
 fake.rf 1440.00000000 51327.20371436163286560 1.00000 7 
 fake.rf 1440.00000000 51337.18407862186975876 1.00000 7 
 fake.rf 1440.00000000 51347.10846102366302190 1.00000 7 
 fake.rf 1440.00000000 51357.13171282141698271 1.00000 7 
 fake.rf 1440.00000000 51367.04874219949622827 1.00000 7 
 fake.rf 1440.00000000 51377.07388527130838440 1.00000 7 
 fake.rf 1440.00000000 51386.99816682610846641 1.00000 7 
 fake.rf 1440.00000000 51397.02674093462567839 1.00000 7 
 fake.rf 1440.00000000 51406.92647207499134154 1.00000 7 
 fake.rf 1440.00000000 51416.97396564158510657 1.00000 7 
 fake.rf 1440.00000000 51426.90757514904780479 1.00000 7 
 fake.rf 1440.00000000 51436.90905020716098051 1.00000 7 
 fake.rf 1440.00000000 51446.87642487656884072 1.00000 7 
 fake.rf 1440.00000000 51456.80264260079036731 1.00000 7 
 fake.rf 1440.00000000 51466.78076690525696080 1.00000 7 
 fake.rf 1440.00000000 51476.75980347030742124 1.00000 7 
 fake.rf 1440.00000000 51486.70659565352946885 1.00000 7 
 fake.rf 1440.00000000 51496.70662023460955936 1.00000 7 
 fake.rf 1440.00000000 51506.66929285363828228 1.00000 7 
 fake.rf 1440.00000000 51516.69750973579697373 1.00000 7 
 fake.rf 1440.00000000 51526.66675353635542578 1.00000 7 
 fake.rf 1440.00000000 51536.60734024624196437 1.00000 7 
 fake.rf 1440.00000000 51546.61686742665111893 1.00000 7 
 fake.rf 1440.00000000 51556.59025687000212201 1.00000 7 
 fake.rf 1440.00000000 51566.55172351160862476 1.00000 7 
 fake.rf 1440.00000000 51576.50302206398615112 1.00000 7 
 fake.rf 1440.00000000 51586.44586299760661774 1.00000 7 
 fake.rf 1440.00000000 51596.43908852313460756 1.00000 7 
 fake.rf 1440.00000000 51606.39659567166039267 1.00000 7 
 fake.rf 1440.00000000 51616.42792820653727048 1.00000 7 
 fake.rf 1440.00000000 51626.39180150985226803 1.00000 7 
 fake.rf 1440.00000000 51636.29431497830906039 1.00000 7 
 fake.rf 1440.00000000 51646.33331604858682340 1.00000 7 
 fake.rf 1440.00000000 51656.24887611397777931 1.00000 7 
 fake.rf 1440.00000000 51666.28527903173888802 1.00000 7 
 fake.rf 1440.00000000 51676.18528048541391229 1.00000 7 
 fake.rf 1440.00000000 51686.23662129268037901 1.00000 7 
 fake.rf 1440.00000000 51696.14127677955567108 1.00000 7 
 fake.rf 1440.00000000 51706.18049000138436000 1.00000 7 
 fake.rf 1440.00000000 51716.15886629017133558 1.00000 7 
 fake.rf 1440.00000000 51726.05498633400893382 1.00000 7 
 fake.rf 1440.00000000 51736.05511340645502116 1.00000 7 
 fake.rf 1440.00000000 51746.06226907737440257 1.00000 7 
 fake.rf 1440.00000000 51756.03640147261776150 1.00000 7 
 fake.rf 1440.00000000 51765.99005058271178825 1.00000 7 
 fake.rf 1440.00000000 51775.91930152744686566 1.00000 7 
 fake.rf 1440.00000000 51785.89977482655720209 1.00000 7 
 fake.rf 1440.00000000 51795.91085381105538232 1.00000 7 
 fake.rf 1440.00000000 51805.86743369495488665 1.00000 7 
 fake.rf 1440.00000000 51815.83788390723186978 1.00000 7 
 fake.rf 1440.00000000 51825.82115076037879575 1.00000 7 
 fake.rf 1440.00000000 51835.77427880135855887 1.00000 7 
 fake.rf 1440.00000000 51845.79595340680764792 1.00000 7 
 fake.rf 1440.00000000 51855.73271843403067294 1.00000 7 
 fake.rf 1440.00000000 51865.68654028610136564 1.00000 7 
 fake.rf 1440.00000000 51875.69698583259377500 1.00000 7 
 fake.rf 1440.00000000 51885.61235370126939515 1.00000 7 
 fake.rf 1440.00000000 51895.61965415599948059 1.00000 7 
 fake.rf 1440.00000000 51905.56729626236372610 1.00000 7 
 fake.rf 1440.00000000 51915.55080900292707824 1.00000 7 
 fake.rf 1440.00000000 51925.53341293186355898 1.00000 7 
 fake.rf 1440.00000000 51935.55556602547493128 1.00000 7 
 fake.rf 1440.00000000 51945.46889652855915998 1.00000 7 
 fake.rf 1440.00000000 51955.43447256745091778 1.00000 7 
 fake.rf 1440.00000000 51965.39949005248637448 1.00000 7 
 fake.rf 1440.00000000 51975.37652783032356396 1.00000 7 
 fake.rf 1440.00000000 51985.35274297336069793 1.00000 7 
 fake.rf 1440.00000000 51995.31307223686966523 1.00000 7 
 fake.rf 1440.00000000 52005.30540313679304631 1.00000 7 
 fake.rf 1440.00000000 52015.26480256655241874 1.00000 7 
 fake.rf 1440.00000000 52025.23081245187882260 1.00000 7 
 fake.rf 1440.00000000 52035.22990106603981530 1.00000 7 
 fake.rf 1440.00000000 52045.21673188258307263 1.00000 7 
 fake.rf 1440.00000000 52055.21720177752980874 1.00000 7 
 fake.rf 1440.00000000 52065.13439375296218259 1.00000 7 
 fake.rf 1440.00000000 52075.10217802477104954 1.00000 7 
 fake.rf 1440.00000000 52085.14253653803957889 1.00000 7 
 fake.rf 1440.00000000 52095.06750616880296079 1.00000 7 
 fake.rf 1440.00000000 52105.07367374856131192 1.00000 7 
 fake.rf 1440.00000000 52115.01458310298287557 1.00000 7 
 fake.rf 1440.00000000 52125.02064067949520876 1.00000 7 
 fake.rf 1440.00000000 52134.95404611982699805 1.00000 7 
 fake.rf 1440.00000000 52144.95872117844523430 1.00000 7 
 fake.rf 1440.00000000 52154.93042434832065268 1.00000 7 
 fake.rf 1440.00000000 52164.91123243049495528 1.00000 7 
 fake.rf 1440.00000000 52174.89703368023838337 1.00000 7 
 fake.rf 1440.00000000 52184.82315339210860827 1.00000 7 
 fake.rf 1440.00000000 52194.82996704860300241 1.00000 7 
 fake.rf 1440.00000000 52204.76703973986943552 1.00000 7 
 fake.rf 1440.00000000 52214.75143927325104087 1.00000 7 
 fake.rf 1440.00000000 52224.68573662736344332 1.00000 7 
 fake.rf 1440.00000000 52234.71605094614020715 1.00000 7 
 fake.rf 1440.00000000 52244.66657450469194401 1.00000 7 
 fake.rf 1440.00000000 52254.62484004780040792 1.00000 7 
 fake.rf 1440.00000000 52264.64803469720326490 1.00000 7 
 fake.rf 1440.00000000 52274.59088015220911316 1.00000 7 
 fake.rf 1440.00000000 52284.55348777062406995 1.00000 7 
 fake.rf 1440.00000000 52294.49686859440518560 1.00000 7 
 fake.rf 1440.00000000 52304.51068094423365906 1.00000 7 
 fake.rf 1440.00000000 52314.49292385829615171 1.00000 7 
 fake.rf 1440.00000000 52324.42300840960847808 1.00000 7 
 fake.rf 1440.00000000 52334.43013497239708087 1.00000 7 
 fake.rf 1440.00000000 52344.43877079373162786 1.00000 7 
 fake.rf 1440.00000000 52354.38299050393936085 1.00000 7 
 fake.rf 1440.00000000 52364.33455800209560493 1.00000 7 
 fake.rf 1440.00000000 52374.28769016005338344 1.00000 7 
 fake.rf 1440.00000000 52384.31033177420700397 1.00000 7 
 fake.rf 1440.00000000 52394.24622876230146318 1.00000 7 
 fake.rf 1440.00000000 52404.23496823427397473 1.00000 7 
 fake.rf 1440.00000000 52414.20774844176460405 1.00000 7 
 fake.rf 1440.00000000 52424.19519244248427725 1.00000 7 
 fake.rf 1440.00000000 52434.13396049933432153 1.00000 7 
 fake.rf 1440.00000000 52444.15078377410159050 1.00000 7 
 fake.rf 1440.00000000 52454.08687386526542440 1.00000 7 
 fake.rf 1440.00000000 52464.10798274251624207 1.00000 7 
 fake.rf 1440.00000000 52474.04958513434033662 1.00000 7 
 fake.rf 1440.00000000 52483.99878077356770589 1.00000 7 
 fake.rf 1440.00000000 52493.97331373429166490 1.00000 7 
 fake.rf 1440.00000000 52503.94903410345096972 1.00000 7 
 fake.rf 1440.00000000 52513.94594011517396837 1.00000 7 
 fake.rf 1440.00000000 52523.93217690671085407 1.00000 7 
 fake.rf 1440.00000000 52533.86949895716489678 1.00000 7 
 fake.rf 1440.00000000 52543.84069028397219014 1.00000 7 
 fake.rf 1440.00000000 52553.80475499131651773 1.00000 7 
 fake.rf 1440.00000000 52563.81098021921175700 1.00000 7 
 fake.rf 1440.00000000 52573.74933723204096481 1.00000 7 
 fake.rf 1440.00000000 52583.76688503701033284 1.00000 7 
 fake.rf 1440.00000000 52593.67968889677856836 1.00000 7 
 fake.rf 1440.00000000 52603.67206438138130054 1.00000 7 
 fake.rf 1440.00000000 52613.64739555258404380 1.00000 7 
 fake.rf 1440.00000000 52623.65307998334733952 1.00000 7 
 fake.rf 1440.00000000 52633.60284436293105159 1.00000 7 
 fake.rf 1440.00000000 52643.61260648120105188 1.00000 7 
 fake.rf 1440.00000000 52653.57089767783093848 1.00000 7 
 fake.rf 1440.00000000 52663.49218608500981986 1.00000 7 
 fake.rf 1440.00000000 52673.48082004348664853 1.00000 7 
 fake.rf 1440.00000000 52683.50288107110812064 1.00000 7 
 fake.rf 1440.00000000 52693.47411545967706203 1.00000 7 
 fake.rf 1440.00000000 52703.42595070212214381 1.00000 7 
 fake.rf 1440.00000000 52713.38072223678128481 1.00000 7 
 fake.rf 1440.00000000 52723.35204114977411294 1.00000 7 
 fake.rf 1440.00000000 52733.31862472935481279 1.00000 7 
 fake.rf 1440.00000000 52743.32280197415973433 1.00000 7 
 fake.rf 1440.00000000 52753.25491516286975724 1.00000 7 
 fake.rf 1440.00000000 52763.26822650496140454 1.00000 7 
 fake.rf 1440.00000000 52773.23748359903464689 1.00000 7 
 fake.rf 1440.00000000 52783.22183685847422296 1.00000 7 
 fake.rf 1440.00000000 52793.12831484031025653 1.00000 7 
 fake.rf 1440.00000000 52803.18274255719546773 1.00000 7 
 fake.rf 1440.00000000 52813.08678719650218625 1.00000 7 
 fake.rf 1440.00000000 52823.10080882790284917 1.00000 7 
 fake.rf 1440.00000000 52833.08544436992725579 1.00000 7 
 fake.rf 1440.00000000 52843.03744869966166675 1.00000 7 
 fake.rf 1440.00000000 52852.96663270944207014 1.00000 7 
 fake.rf 1440.00000000 52862.94263723255197363 1.00000 7 
 fake.rf 1440.00000000 52872.92817113622054492 1.00000 7 
 fake.rf 1440.00000000 52882.90634981636521417 1.00000 7 
 fake.rf 1440.00000000 52892.92720652710147178 1.00000 7 
 fake.rf 1440.00000000 52902.85284861940704459 1.00000 7 
 fake.rf 1440.00000000 52912.85070712294945139 1.00000 7 
 fake.rf 1440.00000000 52922.79086599514602796 1.00000 7 
 fake.rf 1440.00000000 52932.74949682521115690 1.00000 7 
 fake.rf 1440.00000000 52942.72442400664390760 1.00000 7 
 fake.rf 1440.00000000 52952.70164935354533498 1.00000 7 
 fake.rf 1440.00000000 52962.72920910236899772 1.00000 7 
 fake.rf 1440.00000000 52972.65272904922371922 1.00000 7 
 fake.rf 1440.00000000 52982.64589261686232291 1.00000 7 
 fake.rf 1440.00000000 52992.63948440004228857 1.00000 7 
 fake.rf 1440.00000000 53002.56154305338852595 1.00000 7 
 fake.rf 1440.00000000 53012.53384621397002618 1.00000 7 
 fake.rf 1440.00000000 53022.50951386252821251 1.00000 7 
 fake.rf 1440.00000000 53032.51352909762029597 1.00000 7 
 fake.rf 1440.00000000 53042.47972016243286575 1.00000 7 
 fake.rf 1440.00000000 53052.48686938097508659 1.00000 7 
 fake.rf 1440.00000000 53062.45030215264290518 1.00000 7 
 fake.rf 1440.00000000 53072.37377551730706315 1.00000 7 
 fake.rf 1440.00000000 53082.37748620268421362 1.00000 7 
 fake.rf 1440.00000000 53092.35257657402251752 1.00000 7 
 fake.rf 1440.00000000 53102.29316561406053054 1.00000 7 
 fake.rf 1440.00000000 53112.29527497347616105 1.00000 7 
 fake.rf 1440.00000000 53122.28504765333235937 1.00000 7 
 fake.rf 1440.00000000 53132.26696268363611253 1.00000 7 
 fake.rf 1440.00000000 53142.19767854961453324 1.00000 7 
 fake.rf 1440.00000000 53152.16675993431087122 1.00000 7 
 fake.rf 1440.00000000 53162.18849659821362152 1.00000 7 
 fake.rf 1440.00000000 53172.12252138263135492 1.00000 7 
 fake.rf 1440.00000000 53182.10444094655388980 1.00000 7 
 fake.rf 1440.00000000 53192.04832728983000223 1.00000 7 
 fake.rf 1440.00000000 53202.03051309309744354 1.00000 7 
 fake.rf 1440.00000000 53212.04871249056708038 1.00000 7 
 fake.rf 1440.00000000 53222.01776162486808630 1.00000 7 
 fake.rf 1440.00000000 53231.96741066730951886 1.00000 7 
 fake.rf 1440.00000000 53241.97154520708103576 1.00000 7 
 fake.rf 1440.00000000 53251.94282589743806255 1.00000 7 
 fake.rf 1440.00000000 53261.89700454142959885 1.00000 7 
 fake.rf 1440.00000000 53271.87266985524786733 1.00000 7 
 fake.rf 1440.00000000 53281.79477481723449372 1.00000 7 
 fake.rf 1440.00000000 53291.76942136638234970 1.00000 7 
 fake.rf 1440.00000000 53301.76598280923430195 1.00000 7 
 fake.rf 1440.00000000 53311.72078411041306722 1.00000 7 
 fake.rf 1440.00000000 53321.69503812250771446 1.00000 7 
 fake.rf 1440.00000000 53331.69457157681864956 1.00000 7 
 fake.rf 1440.00000000 53341.68069247516593734 1.00000 7 
 fake.rf 1440.00000000 53351.64844183560942881 1.00000 7 
 fake.rf 1440.00000000 53361.59909550129156841 1.00000 7 
 fake.rf 1440.00000000 53371.57595353458863130 1.00000 7 
 fake.rf 1440.00000000 53381.57781394085183635 1.00000 7 
 fake.rf 1440.00000000 53391.55948261592416770 1.00000 7 
 fake.rf 1440.00000000 53401.53873536215544249 1.00000 7 
 fake.rf 1440.00000000 53411.50848910846104189 1.00000 7 
 fake.rf 1440.00000000 53421.43623815809558764 1.00000 7 
 fake.rf 1440.00000000 53431.43256791623971935 1.00000 7 
 fake.rf 1440.00000000 53441.41154097103089171 1.00000 7 
 fake.rf 1440.00000000 53451.38064363728918593 1.00000 7 
 fake.rf 1440.00000000 53461.37335907599772966 1.00000 7 
 fake.rf 1440.00000000 53471.31803981271112391 1.00000 7 
 fake.rf 1440.00000000 53481.24847157284809995 1.00000 7 
 fake.rf 1440.00000000 53491.25041090380227260 1.00000 7 
 fake.rf 1440.00000000 53501.24961566543754188 1.00000 7 
 fake.rf 1440.00000000 53511.18953753852026978 1.00000 7 
 fake.rf 1440.00000000 53521.15364727753075513 1.00000 7 
 fake.rf 1440.00000000 53531.14920553678589954 1.00000 7 
 fake.rf 1440.00000000 53541.14941409751176593 1.00000 7 
 fake.rf 1440.00000000 53551.06162941712538483 1.00000 7 
 fake.rf 1440.00000000 53561.05577267399007013 1.00000 7 
 fake.rf 1440.00000000 53571.03746421774523157 1.00000 7 
 fake.rf 1440.00000000 53581.03598249801056497 1.00000 7 
 fake.rf 1440.00000000 53590.97953504524611645 1.00000 7 
 fake.rf 1440.00000000 53600.96317749891579041 1.00000 7 
 fake.rf 1440.00000000 53610.90222819157018819 1.00000 7 
 fake.rf 1440.00000000 53620.91121976902875090 1.00000 7 
 fake.rf 1440.00000000 53630.89642053415332512 1.00000 7 
 fake.rf 1440.00000000 53640.86230900617587380 1.00000 7 
 fake.rf 1440.00000000 53650.80139243856751818 1.00000 7 
 fake.rf 1440.00000000 53660.78164694059463002 1.00000 7 
