FORMAT 1
 fake.rf 1440.00000000 50000.88565334487295644 1.00000 7 
 fake.rf 1440.00000000 50010.89549938081704283 1.00000 7 
 fake.rf 1440.00000000 50020.83580199949271261 1.00000 7 
 fake.rf 1440.00000000 50030.80721925754663104 1.00000 7 
 fake.rf 1440.00000000 50040.77048108116923686 1.00000 7 
 fake.rf 1440.00000000 50050.80268473772801840 1.00000 7 
 fake.rf 1440.00000000 50060.76390779497861772 1.00000 7 
 fake.rf 1440.00000000 50070.70051957587801184 1.00000 7 
 fake.rf 1440.00000000 50080.71408638372675526 1.00000 7 
 fake.rf 1440.00000000 50090.66376584804275751 1.00000 7 
 fake.rf 1440.00000000 50100.64284258754968704 1.00000 7 
 fake.rf 1440.00000000 50110.60291537822270413 1.00000 7 
 fake.rf 1440.00000000 50120.59761826235438420 1.00000 7 
 fake.rf 1440.00000000 50130.55792922232383546 1.00000 7 
 fake.rf 1440.00000000 50140.49405580667388094 1.00000 7 
 fake.rf 1440.00000000 50150.46975434767426449 1.00000 7 
 fake.rf 1440.00000000 50160.46582370959323072 1.00000 7 
 fake.rf 1440.00000000 50170.43172057961628596 1.00000 7 
 fake.rf 1440.00000000 50180.45239082172735579 1.00000 7 
 fake.rf 1440.00000000 50190.38630594280658670 1.00000 7 
 fake.rf 1440.00000000 50200.40822388076042770 1.00000 7 
 fake.rf 1440.00000000 50210.36203742722738141 1.00000 7 
 fake.rf 1440.00000000 50220.34353773096801632 1.00000 7 
 fake.rf 1440.00000000 50230.26065464483196621 1.00000 7 
 fake.rf 1440.00000000 50240.28730842066870466 1.00000 7 
 fake.rf 1440.00000000 50250.23964867353177866 1.00000 7 
 fake.rf 1440.00000000 50260.23494051273093319 1.00000 7 
 fake.rf 1440.00000000 50270.20938463020248932 1.00000 7 
 fake.rf 1440.00000000 50280.10790400064314909 1.00000 7 
 fake.rf 1440.00000000 50290.14565520292079981 1.00000 7 
 fake.rf 1440.00000000 50300.09379461911991172 1.00000 7 
 fake.rf 1440.00000000 50310.03930860247314882 1.00000 7 
 fake.rf 1440.00000000 50320.03087696999763168 1.00000 7 
 fake.rf 1440.00000000 50330.02995674154221817 1.00000 7 
 fake.rf 1440.00000000 50339.97419235289738637 1.00000 7 
 fake.rf 1440.00000000 50349.95632668948904254 1.00000 7 
 fake.rf 1440.00000000 50359.93158109631904651 1.00000 7 
 fake.rf 1440.00000000 50369.86434408905895310 1.00000 7 
 fake.rf 1440.00000000 50379.89372787385966035 1.00000 7 
 fake.rf 1440.00000000 50389.82652015607841278 1.00000 7 
 fake.rf 1440.00000000 50399.81960019649840277 1.00000 7 
 fake.rf 1440.00000000 50409.77203180644012548 1.00000 7 
 fake.rf 1440.00000000 50419.77553457498364509 1.00000 7 
 fake.rf 1440.00000000 50429.70728859079589057 1.00000 7 
 fake.rf 1440.00000000 50439.73066871998080529 1.00000 7 
 fake.rf 1440.00000000 50449.69760251438897569 1.00000 7 
 fake.rf 1440.00000000 50459.63235932758830771 1.00000 7 
 fake.rf 1440.00000000 50469.59577977758393885 1.00000 7 
 fake.rf 1440.00000000 50479.63924799900386731 1.00000 7 
 fake.rf 1440.00000000 50489.53864604254611592 1.00000 7 
 fake.rf 1440.00000000 50499.54661939811570548 1.00000 7 
 fake.rf 1440.00000000 50509.55597661681687072 1.00000 7 
 fake.rf 1440.00000000 50519.51982583871982158 1.00000 7 
 fake.rf 1440.00000000 50529.45327039443020922 1.00000 7 
 fake.rf 1440.00000000 50539.40704896145647496 1.00000 7 
 fake.rf 1440.00000000 50549.42485621612556912 1.00000 7 
 fake.rf 1440.00000000 50559.42127872328372362 1.00000 7 
 fake.rf 1440.00000000 50569.39765339213335693 1.00000 7 
 fake.rf 1440.00000000 50579.33387586887954157 1.00000 7 
 fake.rf 1440.00000000 50589.33945530888707864 1.00000 7 
 fake.rf 1440.00000000 50599.29755233431948369 1.00000 7 
 fake.rf 1440.00000000 50609.20921848749050298 1.00000 7 
 fake.rf 1440.00000000 50619.18761626928297304 1.00000 7 
 fake.rf 1440.00000000 50629.16458602810016387 1.00000 7 
 fake.rf 1440.00000000 50639.18596954098667595 1.00000 7 
 fake.rf 1440.00000000 50649.13590736303903839 1.00000 7 
 fake.rf 1440.00000000 50659.12231574448090399 1.00000 7 
 fake.rf 1440.00000000 50669.06292466451320067 1.00000 7 
 fake.rf 1440.00000000 50679.05626301995804894 1.00000 7 
 fake.rf 1440.00000000 50689.01602639453016153 1.00000 7 
 fake.rf 1440.00000000 50699.00006506813484464 1.00000 7 
 fake.rf 1440.00000000 50709.01378792319336242 1.00000 7 
 fake.rf 1440.00000000 50718.95328715054386137 1.00000 7 
 fake.rf 1440.00000000 50728.88479975225495977 1.00000 7 
 fake.rf 1440.00000000 50738.85758079327005632 1.00000 7 
 fake.rf 1440.00000000 50748.84776459765314272 1.00000 7 
 fake.rf 1440.00000000 50758.85684852082097507 1.00000 7 
 fake.rf 1440.00000000 50768.79169079247832741 1.00000 7 
 fake.rf 1440.00000000 50778.77259937983016158 1.00000 7 
 fake.rf 1440.00000000 50788.76912263766071121 1.00000 7 
 fake.rf 1440.00000000 50798.71400058132533317 1.00000 7 
 fake.rf 1440.00000000 50808.73018687082820932 1.00000 7 
 fake.rf 1440.00000000 50818.68003834942464181 1.00000 7 
 fake.rf 1440.00000000 50828.61606977490506765 1.00000 7 
 fake.rf 1440.00000000 50838.59300495391372721 1.00000 7 
 fake.rf 1440.00000000 50848.60727257655750932 1.00000 7 
 fake.rf 1440.00000000 50858.58841562400503022 1.00000 7 
 fake.rf 1440.00000000 50868.50574432373749900 1.00000 7 
 fake.rf 1440.00000000 50878.52369102401508272 1.00000 7 
 fake.rf 1440.00000000 50888.46836079683064824 1.00000 7 
 fake.rf 1440.00000000 50898.41857330245201396 1.00000 7 
 fake.rf 1440.00000000 50908.42192137406430419 1.00000 7 
 fake.rf 1440.00000000 50918.38889500022791168 1.00000 7 
 fake.rf 1440.00000000 50928.34480957567002690 1.00000 7 
 fake.rf 1440.00000000 50938.35243164743989297 1.00000 7 
 fake.rf 1440.00000000 50948.28475978805030877 1.00000 7 
 fake.rf 1440.00000000 50958.30124989616132680 1.00000 7 
 fake.rf 1440.00000000 50968.23925144245271568 1.00000 7 
 fake.rf 1440.00000000 50978.22282611472092384 1.00000 7 
 fake.rf 1440.00000000 50988.17662567600043033 1.00000 7 
 fake.rf 1440.00000000 50998.18502812028100735 1.00000 7 
 fake.rf 1440.00000000 51008.17994591886674982 1.00000 7 
 fake.rf 1440.00000000 51018.09143935758110189 1.00000 7 
 fake.rf 1440.00000000 51028.06664529250592466 1.00000 7 
 fake.rf 1440.00000000 51038.10371328882437680 1.00000 7 
 fake.rf 1440.00000000 51048.01529213188810630 1.00000 7 
 fake.rf 1440.00000000 51058.00798624592570718 1.00000 7 
 fake.rf 1440.00000000 51067.99810924083026009 1.00000 7 
 fake.rf 1440.00000000 51077.95516792816246010 1.00000 7 
 fake.rf 1440.00000000 51087.95607500716442217 1.00000 7 
 fake.rf 1440.00000000 51097.88669210425899436 1.00000 7 
 fake.rf 1440.00000000 51107.89926645809359940 1.00000 7 
 fake.rf 1440.00000000 51117.86033092495332042 1.00000 7 
 fake.rf 1440.00000000 51127.85143715018891086 1.00000 7 
 fake.rf 1440.00000000 51137.82734723606590066 1.00000 7 
 fake.rf 1440.00000000 51147.79265117024985088 1.00000 7 
 fake.rf 1440.00000000 51157.74199600708942981 1.00000 7 
 fake.rf 1440.00000000 51167.72635355613763508 1.00000 7 
 fake.rf 1440.00000000 51177.71962380111806823 1.00000 7 
 fake.rf 1440.00000000 51187.63088637592714036 1.00000 7 
 fake.rf 1440.00000000 51197.67055143227238290 1.00000 7 
 fake.rf 1440.00000000 51207.64133841349455523 1.00000 7 
 fake.rf 1440.00000000 51217.58325333140113145 1.00000 7 
 fake.rf 1440.00000000 51227.53386301512133372 1.00000 7 
 fake.rf 1440.00000000 51237.48786902292536993 1.00000 7 
 fake.rf 1440.00000000 51247.46471038480764904 1.00000 7 
 fake.rf 1440.00000000 51257.45828586183501940 1.00000 7 
 fake.rf 1440.00000000 51267.45608635815430887 1.00000 7 
 fake.rf 1440.00000000 51277.39823344489832024 1.00000 7 
 fake.rf 1440.00000000 51287.40268806058688966 1.00000 7 
 fake.rf 1440.00000000 51297.38159232860300918 1.00000 7 
 fake.rf 1440.00000000 51307.35944618630274405 1.00000 7 
 fake.rf 1440.00000000 51317.30278966460019063 1.00000 7 
 fake.rf 1440.00000000 51327.30382490156515018 1.00000 7 
 fake.rf 1440.00000000 51337.28418918401253990 1.00000 7 
 fake.rf 1440.00000000 51347.20857162142599961 1.00000 7 
 fake.rf 1440.00000000 51357.23182337970035505 1.00000 7 
 fake.rf 1440.00000000 51367.14885285445409480 1.00000 7 
 fake.rf 1440.00000000 51377.17399590172066937 1.00000 7 
 fake.rf 1440.00000000 51387.09827736183773084 1.00000 7 
 fake.rf 1440.00000000 51397.12685149773014004 1.00000 7 
 fake.rf 1440.00000000 51407.02658265225739953 1.00000 7 
 fake.rf 1440.00000000 51417.07407617304133396 1.00000 7 
 fake.rf 1440.00000000 51427.00768577479196253 1.00000 7 
 fake.rf 1440.00000000 51437.00916083199916429 1.00000 7 
 fake.rf 1440.00000000 51446.97653544074079690 1.00000 7 
 fake.rf 1440.00000000 51456.90275316505503511 1.00000 7 
 fake.rf 1440.00000000 51466.88087752553670029 1.00000 7 
 fake.rf 1440.00000000 51476.85991408399213043 1.00000 7 
 fake.rf 1440.00000000 51486.80670629401529581 1.00000 7 
 fake.rf 1440.00000000 51496.80673086572394936 1.00000 7 
 fake.rf 1440.00000000 51506.76940343029851732 1.00000 7 
 fake.rf 1440.00000000 51516.79762035325430602 1.00000 7 
 fake.rf 1440.00000000 51526.76686413342416415 1.00000 7 
 fake.rf 1440.00000000 51536.70745078445669662 1.00000 7 
 fake.rf 1440.00000000 51546.71697803866573651 1.00000 7 
 fake.rf 1440.00000000 51556.69036743442715931 1.00000 7 
 fake.rf 1440.00000000 51566.65183414257864669 1.00000 7 
 fake.rf 1440.00000000 51576.60313265065205002 1.00000 7 
 fake.rf 1440.00000000 51586.54597354997817504 1.00000 7 
 fake.rf 1440.00000000 51596.53919915619469094 1.00000 7 
 fake.rf 1440.00000000 51606.49670630372754587 1.00000 7 
 fake.rf 1440.00000000 51616.52803873890643160 1.00000 7 
 fake.rf 1440.00000000 51626.49191209610961906 1.00000 7 
 fake.rf 1440.00000000 51636.39442551881154841 1.00000 7 
 fake.rf 1440.00000000 51646.43342663467443288 1.00000 7 
 fake.rf 1440.00000000 51656.34898668333159932 1.00000 7 
 fake.rf 1440.00000000 51666.38538962878564931 1.00000 7 
 fake.rf 1440.00000000 51676.28539106471678011 1.00000 7 
 fake.rf 1440.00000000 51686.33673189732169817 1.00000 7 
 fake.rf 1440.00000000 51696.24138741355507420 1.00000 7 
 fake.rf 1440.00000000 51706.28060065042906857 1.00000 7 
 fake.rf 1440.00000000 51716.25897684644788299 1.00000 7 
 fake.rf 1440.00000000 51726.15509694309995936 1.00000 7 
 fake.rf 1440.00000000 51736.15522403188544232 1.00000 7 
 fake.rf 1440.00000000 51746.16237959958624160 1.00000 7 
 fake.rf 1440.00000000 51756.13651201219218478 1.00000 7 
 fake.rf 1440.00000000 51766.09016113429451167 1.00000 7 
 fake.rf 1440.00000000 51776.01941208816773710 1.00000 7 
 fake.rf 1440.00000000 51785.99988543537717689 1.00000 7 
 fake.rf 1440.00000000 51796.01096445301901738 1.00000 7 
 fake.rf 1440.00000000 51805.96754428400029013 1.00000 7 
 fake.rf 1440.00000000 51815.93799447546540904 1.00000 7 
 fake.rf 1440.00000000 51825.92126133637734853 1.00000 7 
 fake.rf 1440.00000000 51835.87438938000754263 1.00000 7 
 fake.rf 1440.00000000 51845.89606397645583868 1.00000 7 
 fake.rf 1440.00000000 51855.83282896876534807 1.00000 7 
 fake.rf 1440.00000000 51865.78665086496259562 1.00000 7 
 fake.rf 1440.00000000 51875.79709638173336828 1.00000 7 
 fake.rf 1440.00000000 51885.71246435924194884 1.00000 7 
 fake.rf 1440.00000000 51895.71976476955006419 1.00000 7 
 fake.rf 1440.00000000 51905.66740680106496697 1.00000 7 
 fake.rf 1440.00000000 51915.65091962159467442 1.00000 7 
 fake.rf 1440.00000000 51925.63352349864037905 1.00000 7 
 fake.rf 1440.00000000 51935.65567656266210506 1.00000 7 
 fake.rf 1440.00000000 51945.56900708120090471 1.00000 7 
 fake.rf 1440.00000000 51955.53458314889217107 1.00000 7 
 fake.rf 1440.00000000 51965.49960068811871139 1.00000 7 
 fake.rf 1440.00000000 51975.47663841171102916 1.00000 7 
 fake.rf 1440.00000000 51985.45285349943670283 1.00000 7 
 fake.rf 1440.00000000 51995.41318278087672056 1.00000 7 
 fake.rf 1440.00000000 52005.40551375488007224 1.00000 7 
 fake.rf 1440.00000000 52015.36491310331859594 1.00000 7 
 fake.rf 1440.00000000 52025.33092303608523821 1.00000 7 
 fake.rf 1440.00000000 52035.33001161360666842 1.00000 7 
 fake.rf 1440.00000000 52045.31684249863618064 1.00000 7 
 fake.rf 1440.00000000 52055.31731235758839205 1.00000 7 
 fake.rf 1440.00000000 52065.23450433956228167 1.00000 7 
 fake.rf 1440.00000000 52075.20228857181110271 1.00000 7 
 fake.rf 1440.00000000 52085.24264710465491035 1.00000 7 
 fake.rf 1440.00000000 52095.16761679872989532 1.00000 7 
 fake.rf 1440.00000000 52105.17378435593792929 1.00000 7 
 fake.rf 1440.00000000 52115.11469376701977296 1.00000 7 
 fake.rf 1440.00000000 52125.12075131531162953 1.00000 7 
 fake.rf 1440.00000000 52135.05415671514811748 1.00000 7 
 fake.rf 1440.00000000 52145.05883175435898025 1.00000 7 
 fake.rf 1440.00000000 52155.03053496319278182 1.00000 7 
 fake.rf 1440.00000000 52165.01134297096961845 1.00000 7 
 fake.rf 1440.00000000 52174.99714421054093449 1.00000 7 
 fake.rf 1440.00000000 52184.92326404697474018 1.00000 7 
 fake.rf 1440.00000000 52194.93007765186184699 1.00000 7 
 fake.rf 1440.00000000 52204.86715031280965249 1.00000 7 
 fake.rf 1440.00000000 52214.85154989123274660 1.00000 7 
 fake.rf 1440.00000000 52224.78584723106521182 1.00000 7 
 fake.rf 1440.00000000 52234.81616153395904689 1.00000 7 
 fake.rf 1440.00000000 52244.76668509111217631 1.00000 7 
 fake.rf 1440.00000000 52254.72495067388226886 1.00000 7 
 fake.rf 1440.00000000 52264.74814527327033886 1.00000 7 
 fake.rf 1440.00000000 52274.69099075316974634 1.00000 7 
 fake.rf 1440.00000000 52284.65359832572161736 1.00000 7 
 fake.rf 1440.00000000 52294.59697911082695043 1.00000 7 
 fake.rf 1440.00000000 52304.61079159651076509 1.00000 7 
 fake.rf 1440.00000000 52314.59303445072081828 1.00000 7 
 fake.rf 1440.00000000 52324.52311903951611782 1.00000 7 
 fake.rf 1440.00000000 52334.53024556314504068 1.00000 7 
 fake.rf 1440.00000000 52344.53888137142721959 1.00000 7 
 fake.rf 1440.00000000 52354.48310108376732330 1.00000 7 
 fake.rf 1440.00000000 52364.43466853326122390 1.00000 7 
 fake.rf 1440.00000000 52374.38780076886271431 1.00000 7 
 fake.rf 1440.00000000 52384.41044231856289670 1.00000 7 
 fake.rf 1440.00000000 52394.34633940087210746 1.00000 7 
 fake.rf 1440.00000000 52404.33507883371201430 1.00000 7 
 fake.rf 1440.00000000 52414.30785909007995116 1.00000 7 
 fake.rf 1440.00000000 52424.29530308740168465 1.00000 7 
 fake.rf 1440.00000000 52434.23407109672239557 1.00000 7 
 fake.rf 1440.00000000 52444.25089436578492652 1.00000 7 
 fake.rf 1440.00000000 52454.18698439285261870 1.00000 7 
 fake.rf 1440.00000000 52464.20809327706477276 1.00000 7 
 fake.rf 1440.00000000 52474.14969570695938117 1.00000 7 
 fake.rf 1440.00000000 52484.09889132337450235 1.00000 7 
 fake.rf 1440.00000000 52494.07342425421500565 1.00000 7 
 fake.rf 1440.00000000 52504.04914469703611957 1.00000 7 
 fake.rf 1440.00000000 52514.04605068848440297 1.00000 7 
 fake.rf 1440.00000000 52524.03228746591210552 1.00000 7 
 fake.rf 1440.00000000 52533.96960953796724425 1.00000 7 
 fake.rf 1440.00000000 52543.94080088060715283 1.00000 7 
 fake.rf 1440.00000000 52553.90486559797487232 1.00000 7 
 fake.rf 1440.00000000 52563.91109087120840826 1.00000 7 
 fake.rf 1440.00000000 52573.84944783837386595 1.00000 7 
 fake.rf 1440.00000000 52583.86699565328322592 1.00000 7 
 fake.rf 1440.00000000 52593.77979945466505285 1.00000 7 
 fake.rf 1440.00000000 52603.77217501877961681 1.00000 7 
 fake.rf 1440.00000000 52613.74750618970197635 1.00000 7 
 fake.rf 1440.00000000 52623.75319058175734455 1.00000 7 
 fake.rf 1440.00000000 52633.70295487451718941 1.00000 7 
 fake.rf 1440.00000000 52643.71271708062868555 1.00000 7 
 fake.rf 1440.00000000 52653.67100827305995736 1.00000 7 
 fake.rf 1440.00000000 52663.59229671623051772 1.00000 7 
 fake.rf 1440.00000000 52673.58093060578057631 1.00000 7 
 fake.rf 1440.00000000 52683.60299171703589138 1.00000 7 
 fake.rf 1440.00000000 52693.57422599084813086 1.00000 7 
 fake.rf 1440.00000000 52703.52606121353617041 1.00000 7 
 fake.rf 1440.00000000 52713.48083285187334823 1.00000 7 
 fake.rf 1440.00000000 52723.45215170818171657 1.00000 7 
 fake.rf 1440.00000000 52733.41873525281619095 1.00000 7 
 fake.rf 1440.00000000 52743.42291257468741605 1.00000 7 
 fake.rf 1440.00000000 52753.35502576922648643 1.00000 7 
 fake.rf 1440.00000000 52763.36833704222137342 1.00000 7 
 fake.rf 1440.00000000 52773.33759419481801345 1.00000 7 
 fake.rf 1440.00000000 52783.32194745621457699 1.00000 7 
 fake.rf 1440.00000000 52793.22842545062145447 1.00000 7 
 fake.rf 1440.00000000 52803.28285320227854882 1.00000 7 
 fake.rf 1440.00000000 52813.18689772312093567 1.00000 7 
 fake.rf 1440.00000000 52823.20091939608581910 1.00000 7 
 fake.rf 1440.00000000 52833.18555495477049178 1.00000 7 
 fake.rf 1440.00000000 52843.13755933338837067 1.00000 7 
 fake.rf 1440.00000000 52853.06674332907051195 1.00000 7 
 fake.rf 1440.00000000 52863.04274786221885662 1.00000 7 
 fake.rf 1440.00000000 52873.02828178219224142 1.00000 7 
 fake.rf 1440.00000000 52883.00646046370863829 1.00000 7 
 fake.rf 1440.00000000 52893.02731709271217042 1.00000 7 
 fake.rf 1440.00000000 52902.95295926487848348 1.00000 7 
 fake.rf 1440.00000000 52912.95081766978164950 1.00000 7 
 fake.rf 1440.00000000 52922.89097661769184811 1.00000 7 
 fake.rf 1440.00000000 52932.84960741124163874 1.00000 7 
 fake.rf 1440.00000000 52942.82453461780858106 1.00000 7 
 fake.rf 1440.00000000 52952.80175987545576533 1.00000 7 
 fake.rf 1440.00000000 52962.82931967261013639 1.00000 7 
 fake.rf 1440.00000000 52972.75283966397724100 1.00000 7 
 fake.rf 1440.00000000 52982.74600313393565543 1.00000 7 
 fake.rf 1440.00000000 52992.73959503405783877 1.00000 7 
 fake.rf 1440.00000000 53002.66165369902611104 1.00000 7 
 fake.rf 1440.00000000 53012.63395681621710409 1.00000 7 
 fake.rf 1440.00000000 53022.60962439035917271 1.00000 7 
 fake.rf 1440.00000000 53032.61363966537237857 1.00000 7 
 fake.rf 1440.00000000 53042.57983078274530442 1.00000 7 
 fake.rf 1440.00000000 53052.58698002332727128 1.00000 7 
 fake.rf 1440.00000000 53062.55041280476762111 1.00000 7 
 fake.rf 1440.00000000 53072.47388613888330156 1.00000 7 
 fake.rf 1440.00000000 53082.47759684951183345 1.00000 7 
 fake.rf 1440.00000000 53092.45268724018641038 1.00000 7 
 fake.rf 1440.00000000 53102.39327615055619347 1.00000 7 
 fake.rf 1440.00000000 53112.39538554784161306 1.00000 7 
 fake.rf 1440.00000000 53122.38515827214853360 1.00000 7 
 fake.rf 1440.00000000 53132.36707325239749622 1.00000 7 
 fake.rf 1440.00000000 53142.29778917660442872 1.00000 7 
 fake.rf 1440.00000000 53152.26687046258471270 1.00000 7 
 fake.rf 1440.00000000 53162.28860715258283065 1.00000 7 
 fake.rf 1440.00000000 53172.22263190770268082 1.00000 7 
 fake.rf 1440.00000000 53182.20455160709206410 1.00000 7 
 fake.rf 1440.00000000 53192.14843788000048619 1.00000 7 
 fake.rf 1440.00000000 53202.13062373743541755 1.00000 7 
 fake.rf 1440.00000000 53212.14882312222456662 1.00000 7 
 fake.rf 1440.00000000 53222.11787225845716165 1.00000 7 
 fake.rf 1440.00000000 53232.06752129114196137 1.00000 7 
 fake.rf 1440.00000000 53242.07165583356693261 1.00000 7 
 fake.rf 1440.00000000 53252.04293654123260993 1.00000 7 
 fake.rf 1440.00000000 53261.99711518343937655 1.00000 7 
 fake.rf 1440.00000000 53271.97278042124889907 1.00000 7 
 fake.rf 1440.00000000 53281.89488537675366686 1.00000 7 
 fake.rf 1440.00000000 53291.86953193981966947 1.00000 7 
 fake.rf 1440.00000000 53301.86609334939007354 1.00000 7 
 fake.rf 1440.00000000 53311.82089476119207205 1.00000 7 
 fake.rf 1440.00000000 53321.79514874400005908 1.00000 7 
 fake.rf 1440.00000000 53331.79468219099836190 1.00000 7 
 fake.rf 1440.00000000 53341.78080305498606251 1.00000 7 
 fake.rf 1440.00000000 53351.74855238373944033 1.00000 7 
 fake.rf 1440.00000000 53361.69920614470841969 1.00000 7 
 fake.rf 1440.00000000 53371.67606408932270767 1.00000 7 
 fake.rf 1440.00000000 53381.67792449479028960 1.00000 7 
 fake.rf 1440.00000000 53391.65959321500591273 1.00000 7 
 fake.rf 1440.00000000 53401.63884597195675141 1.00000 7 
 fake.rf 1440.00000000 53411.60859967976080043 1.00000 7 
 fake.rf 1440.00000000 53421.53634877084466481 1.00000 7 
 fake.rf 1440.00000000 53431.53267849107806242 1.00000 7 
 fake.rf 1440.00000000 53441.51165153416863518 1.00000 7 
 fake.rf 1440.00000000 53451.48075417497075534 1.00000 7 
 fake.rf 1440.00000000 53461.47346968680227519 1.00000 7 
 fake.rf 1440.00000000 53471.41815043029351173 1.00000 7 
 fake.rf 1440.00000000 53481.34858218315952882 1.00000 7 
 fake.rf 1440.00000000 53491.35052153906946515 1.00000 7 
 fake.rf 1440.00000000 53501.34972622001111731 1.00000 7 
 fake.rf 1440.00000000 53511.28964813342062357 1.00000 7 
 fake.rf 1440.00000000 53521.25375790231770523 1.00000 7 
 fake.rf 1440.00000000 53531.24931610899391288 1.00000 7 
 fake.rf 1440.00000000 53541.24952471241743979 1.00000 7 
 fake.rf 1440.00000000 53551.16173999430444752 1.00000 7 
 fake.rf 1440.00000000 53561.15588324822167010 1.00000 7 
 fake.rf 1440.00000000 53571.13757481976950814 1.00000 7 
 fake.rf 1440.00000000 53581.13609306022081924 1.00000 7 
 fake.rf 1440.00000000 53591.07964563502556388 1.00000 7 
 fake.rf 1440.00000000 53601.06328813527956711 1.00000 7 
 fake.rf 1440.00000000 53611.00233871649978212 1.00000 7 
 fake.rf 1440.00000000 53621.01133028584241913 1.00000 7 
 fake.rf 1440.00000000 53630.99653112743163419 1.00000 7 
 fake.rf 1440.00000000 53640.96241955917400901 1.00000 7 
 fake.rf 1440.00000000 53650.90150303364605477 1.00000 7 
 fake.rf 1440.00000000 53660.88175748705753776 1.00000 7 
