FORMAT 1
 fake.rf 1440.00000000 50000.92358037309094243 1.00000 7 
 fake.rf 1440.00000000 50010.93342643338661091 1.00000 7 
 fake.rf 1440.00000000 50020.87372908016861572 1.00000 7 
 fake.rf 1440.00000000 50030.84514634373449127 1.00000 7 
 fake.rf 1440.00000000 50040.80840807333475340 1.00000 7 
 fake.rf 1440.00000000 50050.84061174502389946 1.00000 7 
 fake.rf 1440.00000000 50060.80183479379781986 1.00000 7 
 fake.rf 1440.00000000 50070.73844655866697551 1.00000 7 
 fake.rf 1440.00000000 50080.75201346492940147 1.00000 7 
 fake.rf 1440.00000000 50090.70169285205670917 1.00000 7 
 fake.rf 1440.00000000 50100.68076959535649095 1.00000 7 
 fake.rf 1440.00000000 50110.64084244514762645 1.00000 7 
 fake.rf 1440.00000000 50120.63554532140611286 1.00000 7 
 fake.rf 1440.00000000 50130.59585628663778323 1.00000 7 
 fake.rf 1440.00000000 50140.53198287417642831 1.00000 7 
 fake.rf 1440.00000000 50150.50768143756805273 1.00000 7 
 fake.rf 1440.00000000 50160.50375069951830298 1.00000 7 
 fake.rf 1440.00000000 50170.46964761797478261 1.00000 7 
 fake.rf 1440.00000000 50180.49031780874789987 1.00000 7 
 fake.rf 1440.00000000 50190.42423293773120818 1.00000 7 
 fake.rf 1440.00000000 50200.44615096943163124 1.00000 7 
 fake.rf 1440.00000000 50210.39996446205248048 1.00000 7 
 fake.rf 1440.00000000 50220.38146472273448140 1.00000 7 
 fake.rf 1440.00000000 50230.29858163386110448 1.00000 7 
 fake.rf 1440.00000000 50240.32523542981993714 1.00000 7 
 fake.rf 1440.00000000 50250.27757565893608316 1.00000 7 
 fake.rf 1440.00000000 50260.27286748107970027 1.00000 7 
 fake.rf 1440.00000000 50270.24731161023095538 1.00000 7 
 fake.rf 1440.00000000 50280.14583098052845855 1.00000 7 
 fake.rf 1440.00000000 50290.18358227129425586 1.00000 7 
 fake.rf 1440.00000000 50300.13172165352680310 1.00000 7 
 fake.rf 1440.00000000 50310.07723566242947655 1.00000 7 
 fake.rf 1440.00000000 50320.06880403239393473 1.00000 7 
 fake.rf 1440.00000000 50330.06788371199990806 1.00000 7 
 fake.rf 1440.00000000 50340.01211932402977922 1.00000 7 
 fake.rf 1440.00000000 50349.99425374529629451 1.00000 7 
 fake.rf 1440.00000000 50359.96950810936077403 1.00000 7 
 fake.rf 1440.00000000 50369.90227109831468155 1.00000 7 
 fake.rf 1440.00000000 50379.93165495418027788 1.00000 7 
 fake.rf 1440.00000000 50389.86444721431825045 1.00000 7 
 fake.rf 1440.00000000 50399.85752727512982574 1.00000 7 
 fake.rf 1440.00000000 50409.80995886060815181 1.00000 7 
 fake.rf 1440.00000000 50419.81346163749015687 1.00000 7 
 fake.rf 1440.00000000 50429.74521556905490982 1.00000 7 
 fake.rf 1440.00000000 50439.76859579617475404 1.00000 7 
 fake.rf 1440.00000000 50449.73552949142432666 1.00000 7 
 fake.rf 1440.00000000 50459.67028631963876251 1.00000 7 
 fake.rf 1440.00000000 50469.63370682257654920 1.00000 7 
 fake.rf 1440.00000000 50479.67717508014880323 1.00000 7 
 fake.rf 1440.00000000 50489.57657309181725225 1.00000 7 
 fake.rf 1440.00000000 50499.58454641597518275 1.00000 7 
 fake.rf 1440.00000000 50509.59390369422645861 1.00000 7 
 fake.rf 1440.00000000 50519.55775287217565861 1.00000 7 
 fake.rf 1440.00000000 50529.49119744547326860 1.00000 7 
 fake.rf 1440.00000000 50539.44497597745648676 1.00000 7 
 fake.rf 1440.00000000 50549.46278328285947623 1.00000 7 
 fake.rf 1440.00000000 50559.45920574333696251 1.00000 7 
 fake.rf 1440.00000000 50569.43558044512099059 1.00000 7 
 fake.rf 1440.00000000 50579.37180288364275071 1.00000 7 
 fake.rf 1440.00000000 50589.37738236922830737 1.00000 7 
 fake.rf 1440.00000000 50599.33547936786527188 1.00000 7 
 fake.rf 1440.00000000 50609.24714552190945227 1.00000 7 
 fake.rf 1440.00000000 50619.22554334771479034 1.00000 7 
 fake.rf 1440.00000000 50629.20251304297899608 1.00000 7 
 fake.rf 1440.00000000 50639.22389654732993591 1.00000 7 
 fake.rf 1440.00000000 50649.17383433016047789 1.00000 7 
 fake.rf 1440.00000000 50659.16024277464736514 1.00000 7 
 fake.rf 1440.00000000 50669.10085163977077016 1.00000 7 
 fake.rf 1440.00000000 50679.09419006638785277 1.00000 7 
 fake.rf 1440.00000000 50689.05395337633891373 1.00000 7 
 fake.rf 1440.00000000 50699.03799215102836229 1.00000 7 
 fake.rf 1440.00000000 50709.05171499290008796 1.00000 7 
 fake.rf 1440.00000000 50718.99121421482233174 1.00000 7 
 fake.rf 1440.00000000 50728.92272676596870795 1.00000 7 
 fake.rf 1440.00000000 50738.89550788403931847 1.00000 7 
 fake.rf 1440.00000000 50748.88569167453821862 1.00000 7 
 fake.rf 1440.00000000 50758.89477556849273299 1.00000 7 
 fake.rf 1440.00000000 50768.82961782197508427 1.00000 7 
 fake.rf 1440.00000000 50778.81052645964999570 1.00000 7 
 fake.rf 1440.00000000 50788.80704963699319876 1.00000 7 
 fake.rf 1440.00000000 50798.75192757805871580 1.00000 7 
 fake.rf 1440.00000000 50808.76811384137739580 1.00000 7 
 fake.rf 1440.00000000 50818.71796531094162930 1.00000 7 
 fake.rf 1440.00000000 50828.65399676422165953 1.00000 7 
 fake.rf 1440.00000000 50838.63093192479189852 1.00000 7 
 fake.rf 1440.00000000 50848.64519958852408621 1.00000 7 
 fake.rf 1440.00000000 50858.62634266961222096 1.00000 7 
 fake.rf 1440.00000000 50868.54367132047285338 1.00000 7 
 fake.rf 1440.00000000 50878.56161801205403350 1.00000 7 
 fake.rf 1440.00000000 50888.50628787009499021 1.00000 7 
 fake.rf 1440.00000000 50898.45650033093952658 1.00000 7 
 fake.rf 1440.00000000 50908.45984835918341460 1.00000 7 
 fake.rf 1440.00000000 50918.42682201524373653 1.00000 7 
 fake.rf 1440.00000000 50928.38273665913185084 1.00000 7 
 fake.rf 1440.00000000 50938.39035870525107086 1.00000 7 
 fake.rf 1440.00000000 50948.32268686988203044 1.00000 7 
 fake.rf 1440.00000000 50958.33917697577304295 1.00000 7 
 fake.rf 1440.00000000 50968.27717845746687786 1.00000 7 
 fake.rf 1440.00000000 50978.26075314430531549 1.00000 7 
 fake.rf 1440.00000000 50988.21455268692471563 1.00000 7 
 fake.rf 1440.00000000 50998.22295513554027480 1.00000 7 
 fake.rf 1440.00000000 51008.21787295249805183 1.00000 7 
 fake.rf 1440.00000000 51018.12936633994482349 1.00000 7 
 fake.rf 1440.00000000 51028.10457234490849743 1.00000 7 
 fake.rf 1440.00000000 51038.14164035475370440 1.00000 7 
 fake.rf 1440.00000000 51048.05321918589095631 1.00000 7 
 fake.rf 1440.00000000 51058.04591331562899725 1.00000 7 
 fake.rf 1440.00000000 51068.03603625005913003 1.00000 7 
 fake.rf 1440.00000000 51077.99309499717014305 1.00000 7 
 fake.rf 1440.00000000 51087.99400207959751441 1.00000 7 
 fake.rf 1440.00000000 51097.92461919406667192 1.00000 7 
 fake.rf 1440.00000000 51107.93719353686403295 1.00000 7 
 fake.rf 1440.00000000 51117.89825789425661284 1.00000 7 
 fake.rf 1440.00000000 51127.88936414941197839 1.00000 7 
 fake.rf 1440.00000000 51137.86527427484171682 1.00000 7 
 fake.rf 1440.00000000 51147.83057814786918271 1.00000 7 
 fake.rf 1440.00000000 51157.77992304855986561 1.00000 7 
 fake.rf 1440.00000000 51167.76428059197644060 1.00000 7 
 fake.rf 1440.00000000 51177.75755077704046769 1.00000 7 
 fake.rf 1440.00000000 51187.66881337851008382 1.00000 7 
 fake.rf 1440.00000000 51197.70847842767510727 1.00000 7 
 fake.rf 1440.00000000 51207.67926541901900706 1.00000 7 
 fake.rf 1440.00000000 51217.62118036312657310 1.00000 7 
 fake.rf 1440.00000000 51227.57179008542317789 1.00000 7 
 fake.rf 1440.00000000 51237.52579604897263366 1.00000 7 
 fake.rf 1440.00000000 51247.50263736383327995 1.00000 7 
 fake.rf 1440.00000000 51257.49621294680237682 1.00000 7 
 fake.rf 1440.00000000 51267.49401333748133069 1.00000 7 
 fake.rf 1440.00000000 51277.43616045851512908 1.00000 7 
 fake.rf 1440.00000000 51287.44061507150220081 1.00000 7 
 fake.rf 1440.00000000 51297.41951934254570489 1.00000 7 
 fake.rf 1440.00000000 51307.39737322659802388 1.00000 7 
 fake.rf 1440.00000000 51317.34071665525109296 1.00000 7 
 fake.rf 1440.00000000 51327.34175195973269723 1.00000 7 
 fake.rf 1440.00000000 51337.32211621423913073 1.00000 7 
 fake.rf 1440.00000000 51347.24649865510366098 1.00000 7 
 fake.rf 1440.00000000 51357.26975046582181861 1.00000 7 
 fake.rf 1440.00000000 51367.18677983425763500 1.00000 7 
 fake.rf 1440.00000000 51377.21192288087918598 1.00000 7 
 fake.rf 1440.00000000 51387.13620441659452709 1.00000 7 
 fake.rf 1440.00000000 51397.16477855415084974 1.00000 7 
 fake.rf 1440.00000000 51407.06450970111110266 1.00000 7 
 fake.rf 1440.00000000 51417.11200325206090866 1.00000 7 
 fake.rf 1440.00000000 51427.04561275849754765 1.00000 7 
 fake.rf 1440.00000000 51437.04708781774757398 1.00000 7 
 fake.rf 1440.00000000 51447.01446250964347939 1.00000 7 
 fake.rf 1440.00000000 51456.94068020065254032 1.00000 7 
 fake.rf 1440.00000000 51466.91880449333226721 1.00000 7 
 fake.rf 1440.00000000 51476.89784106973105793 1.00000 7 
 fake.rf 1440.00000000 51486.84463325999796979 1.00000 7 
 fake.rf 1440.00000000 51496.84465784041073277 1.00000 7 
 fake.rf 1440.00000000 51506.80733046345259041 1.00000 7 
 fake.rf 1440.00000000 51516.83554732228919093 1.00000 7 
 fake.rf 1440.00000000 51526.80479115834112491 1.00000 7 
 fake.rf 1440.00000000 51536.74537785665293299 1.00000 7 
 fake.rf 1440.00000000 51546.75490501907659890 1.00000 7 
 fake.rf 1440.00000000 51556.72829448954792397 1.00000 7 
 fake.rf 1440.00000000 51566.68976110885834174 1.00000 7 
 fake.rf 1440.00000000 51576.64105965483041771 1.00000 7 
 fake.rf 1440.00000000 51586.58390059917061521 1.00000 7 
 fake.rf 1440.00000000 51596.57712615735121275 1.00000 7 
 fake.rf 1440.00000000 51606.53463330308847290 1.00000 7 
 fake.rf 1440.00000000 51616.56596580699464027 1.00000 7 
 fake.rf 1440.00000000 51626.52983910249692201 1.00000 7 
 fake.rf 1440.00000000 51636.43235258185288217 1.00000 7 
 fake.rf 1440.00000000 51646.47135364965802751 1.00000 7 
 fake.rf 1440.00000000 51656.38691373088284209 1.00000 7 
 fake.rf 1440.00000000 51666.42331667150395802 1.00000 7 
 fake.rf 1440.00000000 51676.32331812209220345 1.00000 7 
 fake.rf 1440.00000000 51686.37465891323714473 1.00000 7 
 fake.rf 1440.00000000 51696.27931437125307568 1.00000 7 
 fake.rf 1440.00000000 51706.31852764412464651 1.00000 7 
 fake.rf 1440.00000000 51716.29690390347941431 1.00000 7 
 fake.rf 1440.00000000 51726.19302394732236294 1.00000 7 
 fake.rf 1440.00000000 51736.19315100951400765 1.00000 7 
 fake.rf 1440.00000000 51746.20030668424703890 1.00000 7 
 fake.rf 1440.00000000 51756.17443906909158358 1.00000 7 
 fake.rf 1440.00000000 51766.12808817479175616 1.00000 7 
 fake.rf 1440.00000000 51776.05733913802635371 1.00000 7 
 fake.rf 1440.00000000 51786.03781243737531881 1.00000 7 
 fake.rf 1440.00000000 51796.04889142860096740 1.00000 7 
 fake.rf 1440.00000000 51806.00547129528688117 1.00000 7 
 fake.rf 1440.00000000 51815.97592153099869350 1.00000 7 
 fake.rf 1440.00000000 51825.95918838525453509 1.00000 7 
 fake.rf 1440.00000000 51835.91231642436881089 1.00000 7 
 fake.rf 1440.00000000 51845.93399102679314083 1.00000 7 
 fake.rf 1440.00000000 51855.87075604131374362 1.00000 7 
 fake.rf 1440.00000000 51865.82457788638540919 1.00000 7 
 fake.rf 1440.00000000 51875.83502344208073964 1.00000 7 
 fake.rf 1440.00000000 51885.75039133098138677 1.00000 7 
 fake.rf 1440.00000000 51895.75769178546813265 1.00000 7 
 fake.rf 1440.00000000 51905.70533387983358153 1.00000 7 
 fake.rf 1440.00000000 51915.68884660664507535 1.00000 7 
 fake.rf 1440.00000000 51925.67145054084872413 1.00000 7 
 fake.rf 1440.00000000 51935.69360362852185276 1.00000 7 
 fake.rf 1440.00000000 51945.60693412456732787 1.00000 7 
 fake.rf 1440.00000000 51955.57251016730388926 1.00000 7 
 fake.rf 1440.00000000 51965.53752764869431857 1.00000 7 
 fake.rf 1440.00000000 51975.51456542798442584 1.00000 7 
 fake.rf 1440.00000000 51985.49078058699526039 1.00000 7 
 fake.rf 1440.00000000 51995.45110985323453079 1.00000 7 
 fake.rf 1440.00000000 52005.44344076886267558 1.00000 7 
 fake.rf 1440.00000000 52015.40284018327079707 1.00000 7 
 fake.rf 1440.00000000 52025.36885007076264742 1.00000 7 
 fake.rf 1440.00000000 52035.36793868088737369 1.00000 7 
 fake.rf 1440.00000000 52045.35476949374248079 1.00000 7 
 fake.rf 1440.00000000 52055.35523936280484847 1.00000 7 
 fake.rf 1440.00000000 52065.27243137645990956 1.00000 7 
 fake.rf 1440.00000000 52075.24021565320339988 1.00000 7 
 fake.rf 1440.00000000 52085.28057415478602721 1.00000 7 
 fake.rf 1440.00000000 52095.20554379973382808 1.00000 7 
 fake.rf 1440.00000000 52105.21171135199346836 1.00000 7 
 fake.rf 1440.00000000 52115.15262072286333606 1.00000 7 
 fake.rf 1440.00000000 52125.15867830213161227 1.00000 7 
 fake.rf 1440.00000000 52135.09208371122391412 1.00000 7 
 fake.rf 1440.00000000 52145.09675877471534733 1.00000 7 
 fake.rf 1440.00000000 52155.06846195495540286 1.00000 7 
 fake.rf 1440.00000000 52165.04927004382347633 1.00000 7 
 fake.rf 1440.00000000 52175.03507130073487374 1.00000 7 
 fake.rf 1440.00000000 52184.96119101394482342 1.00000 7 
 fake.rf 1440.00000000 52194.96800467780727217 1.00000 7 
 fake.rf 1440.00000000 52204.90507737579793712 1.00000 7 
 fake.rf 1440.00000000 52214.88947686941685333 1.00000 7 
 fake.rf 1440.00000000 52224.82377422990784765 1.00000 7 
 fake.rf 1440.00000000 52234.85408854094468722 1.00000 7 
 fake.rf 1440.00000000 52244.80461214515306168 1.00000 7 
 fake.rf 1440.00000000 52254.76287765749262348 1.00000 7 
 fake.rf 1440.00000000 52264.78607234000654103 1.00000 7 
 fake.rf 1440.00000000 52274.72891774473598758 1.00000 7 
 fake.rf 1440.00000000 52284.69152537831972438 1.00000 7 
 fake.rf 1440.00000000 52294.63490619218281807 1.00000 7 
 fake.rf 1440.00000000 52304.64871858553827622 1.00000 7 
 fake.rf 1440.00000000 52314.63096145289617667 1.00000 7 
 fake.rf 1440.00000000 52324.56104601396956255 1.00000 7 
 fake.rf 1440.00000000 52334.56817259923186469 1.00000 7 
 fake.rf 1440.00000000 52344.57680841393276339 1.00000 7 
 fake.rf 1440.00000000 52354.52102812404892518 1.00000 7 
 fake.rf 1440.00000000 52364.47259560364859610 1.00000 7 
 fake.rf 1440.00000000 52374.42572776180144345 1.00000 7 
 fake.rf 1440.00000000 52384.44836939061999814 1.00000 7 
 fake.rf 1440.00000000 52394.38426638169158522 1.00000 7 
 fake.rf 1440.00000000 52404.37300585341149173 1.00000 7 
 fake.rf 1440.00000000 52414.34578605602799328 1.00000 7 
 fake.rf 1440.00000000 52424.33323007417256534 1.00000 7 
 fake.rf 1440.00000000 52434.27199811174517308 1.00000 7 
 fake.rf 1440.00000000 52444.28882139497476089 1.00000 7 
 fake.rf 1440.00000000 52454.22491147065090544 1.00000 7 
 fake.rf 1440.00000000 52464.24602035287248825 1.00000 7 
 fake.rf 1440.00000000 52474.18762273575793387 1.00000 7 
 fake.rf 1440.00000000 52484.13681840110683297 1.00000 7 
 fake.rf 1440.00000000 52494.11135132448536211 1.00000 7 
 fake.rf 1440.00000000 52504.08707170149284948 1.00000 7 
 fake.rf 1440.00000000 52514.08397773194650782 1.00000 7 
 fake.rf 1440.00000000 52524.07021450991828360 1.00000 7 
 fake.rf 1440.00000000 52534.00753655868868819 1.00000 7 
 fake.rf 1440.00000000 52543.97872789820831230 1.00000 7 
 fake.rf 1440.00000000 52553.94279259546494032 1.00000 7 
 fake.rf 1440.00000000 52563.94901783994949440 1.00000 7 
 fake.rf 1440.00000000 52573.88737485004933347 1.00000 7 
 fake.rf 1440.00000000 52583.90492265651953119 1.00000 7 
 fake.rf 1440.00000000 52593.81772651644803318 1.00000 7 
 fake.rf 1440.00000000 52603.81010199961983886 1.00000 7 
 fake.rf 1440.00000000 52613.78543318053331035 1.00000 7 
 fake.rf 1440.00000000 52623.79111759137295934 1.00000 7 
 fake.rf 1440.00000000 52633.74088196829747588 1.00000 7 
 fake.rf 1440.00000000 52643.75064406697488195 1.00000 7 
 fake.rf 1440.00000000 52653.70893529743165118 1.00000 7 
 fake.rf 1440.00000000 52663.63022371693838863 1.00000 7 
 fake.rf 1440.00000000 52673.61885764485006334 1.00000 7 
 fake.rf 1440.00000000 52683.64091869661970691 1.00000 7 
 fake.rf 1440.00000000 52693.61215307341040770 1.00000 7 
 fake.rf 1440.00000000 52703.56398829767079306 1.00000 7 
 fake.rf 1440.00000000 52713.51875984238087725 1.00000 7 
 fake.rf 1440.00000000 52723.49007875059974992 1.00000 7 
 fake.rf 1440.00000000 52733.45666234060535515 1.00000 7 
 fake.rf 1440.00000000 52743.46083955689348599 1.00000 7 
 fake.rf 1440.00000000 52753.39295278353785790 1.00000 7 
 fake.rf 1440.00000000 52763.40626409615054726 1.00000 7 
 fake.rf 1440.00000000 52773.37552119796724526 1.00000 7 
 fake.rf 1440.00000000 52783.35987445975691301 1.00000 7 
 fake.rf 1440.00000000 52793.26635245491400283 1.00000 7 
 fake.rf 1440.00000000 52803.32078017486125177 1.00000 7 
 fake.rf 1440.00000000 52813.22482478585206778 1.00000 7 
 fake.rf 1440.00000000 52823.23884646750471816 1.00000 7 
 fake.rf 1440.00000000 52833.22348197054933649 1.00000 7 
 fake.rf 1440.00000000 52843.17548629158160978 1.00000 7 
 fake.rf 1440.00000000 52853.10467030341929018 1.00000 7 
 fake.rf 1440.00000000 52863.08067484898688448 1.00000 7 
 fake.rf 1440.00000000 52873.06620877099521749 1.00000 7 
 fake.rf 1440.00000000 52883.04438744060312061 1.00000 7 
 fake.rf 1440.00000000 52893.06524412812091640 1.00000 7 
 fake.rf 1440.00000000 52902.99088623962788347 1.00000 7 
 fake.rf 1440.00000000 52912.98874471986822599 1.00000 7 
 fake.rf 1440.00000000 52922.92890359150491264 1.00000 7 
 fake.rf 1440.00000000 52932.88753444604679643 1.00000 7 
 fake.rf 1440.00000000 52942.86246163615343363 1.00000 7 
 fake.rf 1440.00000000 52952.83968695486614564 1.00000 7 
 fake.rf 1440.00000000 52962.86724670705148554 1.00000 7 
 fake.rf 1440.00000000 52972.79076663750628384 1.00000 7 
 fake.rf 1440.00000000 52982.78393022071919205 1.00000 7 
 fake.rf 1440.00000000 52992.77752202119863512 1.00000 7 
 fake.rf 1440.00000000 53002.69958067334959040 1.00000 7 
 fake.rf 1440.00000000 53012.67188380570535244 1.00000 7 
 fake.rf 1440.00000000 53022.64755147665981383 1.00000 7 
 fake.rf 1440.00000000 53032.65156672134758864 1.00000 7 
 fake.rf 1440.00000000 53042.61775775815607759 1.00000 7 
 fake.rf 1440.00000000 53052.62490699345209677 1.00000 7 
 fake.rf 1440.00000000 53062.58833977496708911 1.00000 7 
 fake.rf 1440.00000000 53072.51181314539801903 1.00000 7 
 fake.rf 1440.00000000 53082.51552381071251574 1.00000 7 
 fake.rf 1440.00000000 53092.49061420957539781 1.00000 7 
 fake.rf 1440.00000000 53102.43120320557501657 1.00000 7 
 fake.rf 1440.00000000 53112.43331259536081035 1.00000 7 
 fake.rf 1440.00000000 53122.42308528781267185 1.00000 7 
 fake.rf 1440.00000000 53132.40500028537512023 1.00000 7 
 fake.rf 1440.00000000 53142.33571618616624832 1.00000 7 
 fake.rf 1440.00000000 53152.30479752733863208 1.00000 7 
 fake.rf 1440.00000000 53162.32653419312101306 1.00000 7 
 fake.rf 1440.00000000 53172.26055897997259336 1.00000 7 
 fake.rf 1440.00000000 53182.24247856748867136 1.00000 7 
 fake.rf 1440.00000000 53192.18636491963166435 1.00000 7 
 fake.rf 1440.00000000 53202.16855072952529682 1.00000 7 
 fake.rf 1440.00000000 53212.18675008366729529 1.00000 7 
 fake.rf 1440.00000000 53222.15579925126752059 1.00000 7 
 fake.rf 1440.00000000 53232.10544825902834631 1.00000 7 
 fake.rf 1440.00000000 53242.10958281719819141 1.00000 7 
 fake.rf 1440.00000000 53252.08086352503648442 1.00000 7 
 fake.rf 1440.00000000 53262.03504216031184981 1.00000 7 
 fake.rf 1440.00000000 53272.01070747766163294 1.00000 7 
 fake.rf 1440.00000000 53281.93281244761801929 1.00000 7 
 fake.rf 1440.00000000 53291.90745900081288156 1.00000 7 
 fake.rf 1440.00000000 53301.90402042094635249 1.00000 7 
 fake.rf 1440.00000000 53311.85882174357103480 1.00000 7 
 fake.rf 1440.00000000 53321.83307575638794518 1.00000 7 
 fake.rf 1440.00000000 53331.83260918677769880 1.00000 7 
 fake.rf 1440.00000000 53341.81873008410285308 1.00000 7 
 fake.rf 1440.00000000 53351.78647946477028796 1.00000 7 
 fake.rf 1440.00000000 53361.73713311354740796 1.00000 7 
 fake.rf 1440.00000000 53371.71399115967451010 1.00000 7 
 fake.rf 1440.00000000 53381.71585155315424487 1.00000 7 
 fake.rf 1440.00000000 53391.69752022416014725 1.00000 7 
 fake.rf 1440.00000000 53401.67677297790170599 1.00000 7 
 fake.rf 1440.00000000 53411.64652669969380483 1.00000 7 
 fake.rf 1440.00000000 53421.57427577423703013 1.00000 7 
 fake.rf 1440.00000000 53431.57060552232630712 1.00000 7 
 fake.rf 1440.00000000 53441.54957860090604882 1.00000 7 
 fake.rf 1440.00000000 53451.51868124324057874 1.00000 7 
 fake.rf 1440.00000000 53461.51139667034001945 1.00000 7 
 fake.rf 1440.00000000 53471.45607741478025332 1.00000 7 
 fake.rf 1440.00000000 53481.38650916563924298 1.00000 7 
 fake.rf 1440.00000000 53491.38844854083561131 1.00000 7 
 fake.rf 1440.00000000 53501.38765328885529726 1.00000 7 
 fake.rf 1440.00000000 53511.32757517243703305 1.00000 7 
 fake.rf 1440.00000000 53521.29168489808391840 1.00000 7 
 fake.rf 1440.00000000 53531.28724315470419626 1.00000 7 
 fake.rf 1440.00000000 53541.28745172167889876 1.00000 7 
 fake.rf 1440.00000000 53551.19966701233529704 1.00000 7 
 fake.rf 1440.00000000 53561.19381028446671422 1.00000 7 
 fake.rf 1440.00000000 53571.17550183867584224 1.00000 7 
 fake.rf 1440.00000000 53581.17402008835783889 1.00000 7 
 fake.rf 1440.00000000 53591.11757267498506607 1.00000 7 
 fake.rf 1440.00000000 53601.10121510275508783 1.00000 7 
 fake.rf 1440.00000000 53611.04026579963247201 1.00000 7 
 fake.rf 1440.00000000 53621.04925736162709171 1.00000 7 
 fake.rf 1440.00000000 53631.03445814394933677 1.00000 7 
 fake.rf 1440.00000000 53641.00034660523321861 1.00000 7 
 fake.rf 1440.00000000 53650.93943004608640734 1.00000 7 
 fake.rf 1440.00000000 53660.91968453885036183 1.00000 7 
