FORMAT 1
 fake.rf 1440.00000000 50000.93529439493812916 1.00000 7 
 fake.rf 1440.00000000 50010.94514047023942993 1.00000 7 
 fake.rf 1440.00000000 50020.88544309487768658 1.00000 7 
 fake.rf 1440.00000000 50030.85686037569115570 1.00000 7 
 fake.rf 1440.00000000 50040.82012210734685809 1.00000 7 
 fake.rf 1440.00000000 50050.85232574358916580 1.00000 7 
 fake.rf 1440.00000000 50060.81354881473769680 1.00000 7 
 fake.rf 1440.00000000 50070.75016056072937332 1.00000 7 
 fake.rf 1440.00000000 50080.76372747516302297 1.00000 7 
 fake.rf 1440.00000000 50090.71340686226986705 1.00000 7 
 fake.rf 1440.00000000 50100.69248363216602726 1.00000 7 
 fake.rf 1440.00000000 50110.65255644748427954 1.00000 7 
 fake.rf 1440.00000000 50120.64725935032770465 1.00000 7 
 fake.rf 1440.00000000 50130.60757030427724956 1.00000 7 
 fake.rf 1440.00000000 50140.54369689311309699 1.00000 7 
 fake.rf 1440.00000000 50150.51939545787501729 1.00000 7 
 fake.rf 1440.00000000 50160.51546474004536691 1.00000 7 
 fake.rf 1440.00000000 50170.48136164031782869 1.00000 7 
 fake.rf 1440.00000000 50180.50203182799840107 1.00000 7 
 fake.rf 1440.00000000 50190.43594696686485790 1.00000 7 
 fake.rf 1440.00000000 50200.45786499817940651 1.00000 7 
 fake.rf 1440.00000000 50210.41167849124329337 1.00000 7 
 fake.rf 1440.00000000 50220.39317875080214293 1.00000 7 
 fake.rf 1440.00000000 50230.31029564541801946 1.00000 7 
 fake.rf 1440.00000000 50240.33694945078571337 1.00000 7 
 fake.rf 1440.00000000 50250.28928967095181690 1.00000 7 
 fake.rf 1440.00000000 50260.28458152070398768 1.00000 7 
 fake.rf 1440.00000000 50270.25902564122191762 1.00000 7 
 fake.rf 1440.00000000 50280.15754501093103812 1.00000 7 
 fake.rf 1440.00000000 50290.19529629250886416 1.00000 7 
 fake.rf 1440.00000000 50300.14343566076270520 1.00000 7 
 fake.rf 1440.00000000 50310.08894968903510403 1.00000 7 
 fake.rf 1440.00000000 50320.08051806100636938 1.00000 7 
 fake.rf 1440.00000000 50330.07959772895267037 1.00000 7 
 fake.rf 1440.00000000 50340.02383336960260607 1.00000 7 
 fake.rf 1440.00000000 50350.00596778110082141 1.00000 7 
 fake.rf 1440.00000000 50359.98122211688307814 1.00000 7 
 fake.rf 1440.00000000 50369.91398513571932583 1.00000 7 
 fake.rf 1440.00000000 50379.94336898080562293 1.00000 7 
 fake.rf 1440.00000000 50389.87616124861377287 1.00000 7 
 fake.rf 1440.00000000 50399.86924129473248257 1.00000 7 
 fake.rf 1440.00000000 50409.82167288213398137 1.00000 7 
 fake.rf 1440.00000000 50419.82517565019234951 1.00000 7 
 fake.rf 1440.00000000 50429.75692957686285567 1.00000 7 
 fake.rf 1440.00000000 50439.78030980841420572 1.00000 7 
 fake.rf 1440.00000000 50449.74724351041712112 1.00000 7 
 fake.rf 1440.00000000 50459.68200033327735810 1.00000 7 
 fake.rf 1440.00000000 50469.64542083105199310 1.00000 7 
 fake.rf 1440.00000000 50479.68888910189505026 1.00000 7 
 fake.rf 1440.00000000 50489.58828713754163076 1.00000 7 
 fake.rf 1440.00000000 50499.59626043936028594 1.00000 7 
 fake.rf 1440.00000000 50509.60561771564060862 1.00000 7 
 fake.rf 1440.00000000 50519.56946687303918964 1.00000 7 
 fake.rf 1440.00000000 50529.50291147660190916 1.00000 7 
 fake.rf 1440.00000000 50539.45669000153426254 1.00000 7 
 fake.rf 1440.00000000 50549.47449729281818875 1.00000 7 
 fake.rf 1440.00000000 50559.47091975163241528 1.00000 7 
 fake.rf 1440.00000000 50569.44729446582111265 1.00000 7 
 fake.rf 1440.00000000 50579.38351691673620181 1.00000 7 
 fake.rf 1440.00000000 50589.38909639032165444 1.00000 7 
 fake.rf 1440.00000000 50599.34719337905291070 1.00000 7 
 fake.rf 1440.00000000 50609.25885951889473446 1.00000 7 
 fake.rf 1440.00000000 50619.23725736310861123 1.00000 7 
 fake.rf 1440.00000000 50629.21422706803911140 1.00000 7 
 fake.rf 1440.00000000 50639.23561058108856159 1.00000 7 
 fake.rf 1440.00000000 50649.18554833644956403 1.00000 7 
 fake.rf 1440.00000000 50659.17195680817340175 1.00000 7 
 fake.rf 1440.00000000 50669.11256565477758329 1.00000 7 
 fake.rf 1440.00000000 50679.10590409372898080 1.00000 7 
 fake.rf 1440.00000000 50689.06566739134979827 1.00000 7 
 fake.rf 1440.00000000 50699.04970616420046881 1.00000 7 
 fake.rf 1440.00000000 50709.06342900336355228 1.00000 7 
 fake.rf 1440.00000000 50719.00292825571559163 1.00000 7 
 fake.rf 1440.00000000 50728.93444080562044007 1.00000 7 
 fake.rf 1440.00000000 50738.90722190296161642 1.00000 7 
 fake.rf 1440.00000000 50748.89740568941423504 1.00000 7 
 fake.rf 1440.00000000 50758.90648960253455257 1.00000 7 
 fake.rf 1440.00000000 50768.84133186455386877 1.00000 7 
 fake.rf 1440.00000000 50778.82224046861509237 1.00000 7 
 fake.rf 1440.00000000 50788.81876364331330009 1.00000 7 
 fake.rf 1440.00000000 50798.76364159118784514 1.00000 7 
 fake.rf 1440.00000000 50808.77982786034910490 1.00000 7 
 fake.rf 1440.00000000 50818.72967934758828790 1.00000 7 
 fake.rf 1440.00000000 50828.66571078294599317 1.00000 7 
 fake.rf 1440.00000000 50838.64264595246120493 1.00000 7 
 fake.rf 1440.00000000 50848.65691363624906884 1.00000 7 
 fake.rf 1440.00000000 50858.63805671446585777 1.00000 7 
 fake.rf 1440.00000000 50868.55538534058067768 1.00000 7 
 fake.rf 1440.00000000 50878.57333203910929953 1.00000 7 
 fake.rf 1440.00000000 50888.51800190678347136 1.00000 7 
 fake.rf 1440.00000000 50898.46821434572778742 1.00000 7 
 fake.rf 1440.00000000 50908.47156237597108230 1.00000 7 
 fake.rf 1440.00000000 50918.43853605941677287 1.00000 7 
 fake.rf 1440.00000000 50928.39445069821323386 1.00000 7 
 fake.rf 1440.00000000 50938.40207271322521265 1.00000 7 
 fake.rf 1440.00000000 50948.33440090633063235 1.00000 7 
 fake.rf 1440.00000000 50958.35089101084953001 1.00000 7 
 fake.rf 1440.00000000 50968.28889246892761022 1.00000 7 
 fake.rf 1440.00000000 50978.27246717026402933 1.00000 7 
 fake.rf 1440.00000000 50988.22626669572211711 1.00000 7 
 fake.rf 1440.00000000 50998.23466914491881141 1.00000 7 
 fake.rf 1440.00000000 51008.22958698337727768 1.00000 7 
 fake.rf 1440.00000000 51018.14108035171737399 1.00000 7 
 fake.rf 1440.00000000 51028.11628634691323825 1.00000 7 
 fake.rf 1440.00000000 51038.15335438794574685 1.00000 7 
 fake.rf 1440.00000000 51048.06493319851281498 1.00000 7 
 fake.rf 1440.00000000 51058.05762732723339781 1.00000 7 
 fake.rf 1440.00000000 51068.04775026566323248 1.00000 7 
 fake.rf 1440.00000000 51078.00480902320222043 1.00000 7 
 fake.rf 1440.00000000 51088.00571611602297040 1.00000 7 
 fake.rf 1440.00000000 51097.93633320227527506 1.00000 7 
 fake.rf 1440.00000000 51107.94890754570693403 1.00000 7 
 fake.rf 1440.00000000 51117.90997193048940161 1.00000 7 
 fake.rf 1440.00000000 51127.90107815427137439 1.00000 7 
 fake.rf 1440.00000000 51137.87698827683248837 1.00000 7 
 fake.rf 1440.00000000 51147.84229214488064841 1.00000 7 
 fake.rf 1440.00000000 51157.79163706952718016 1.00000 7 
 fake.rf 1440.00000000 51167.77599460935890363 1.00000 7 
 fake.rf 1440.00000000 51177.76926479800553693 1.00000 7 
 fake.rf 1440.00000000 51187.68052740747971896 1.00000 7 
 fake.rf 1440.00000000 51197.72019245033815693 1.00000 7 
 fake.rf 1440.00000000 51207.69097944131668854 1.00000 7 
 fake.rf 1440.00000000 51217.63289438913398044 1.00000 7 
 fake.rf 1440.00000000 51227.58350411664009272 1.00000 7 
 fake.rf 1440.00000000 51237.53751006820987968 1.00000 7 
 fake.rf 1440.00000000 51247.51435138615197218 1.00000 7 
 fake.rf 1440.00000000 51257.50792696798881920 1.00000 7 
 fake.rf 1440.00000000 51267.50572737190013939 1.00000 7 
 fake.rf 1440.00000000 51277.44787448214993830 1.00000 7 
 fake.rf 1440.00000000 51287.45232907742382622 1.00000 7 
 fake.rf 1440.00000000 51297.43123334975558691 1.00000 7 
 fake.rf 1440.00000000 51307.40908724560158660 1.00000 7 
 fake.rf 1440.00000000 51317.35243067132551786 1.00000 7 
 fake.rf 1440.00000000 51327.35346598107576455 1.00000 7 
 fake.rf 1440.00000000 51337.33383022312714772 1.00000 7 
 fake.rf 1440.00000000 51347.25821267161749972 1.00000 7 
 fake.rf 1440.00000000 51357.28146449490100878 1.00000 7 
 fake.rf 1440.00000000 51367.19849386831984361 1.00000 7 
 fake.rf 1440.00000000 51377.22363687778090124 1.00000 7 
 fake.rf 1440.00000000 51387.14791842148716938 1.00000 7 
 fake.rf 1440.00000000 51397.17649256996744711 1.00000 7 
 fake.rf 1440.00000000 51407.07622373105600388 1.00000 7 
 fake.rf 1440.00000000 51417.12371728697056383 1.00000 7 
 fake.rf 1440.00000000 51427.05732676862479025 1.00000 7 
 fake.rf 1440.00000000 51437.05880184946902745 1.00000 7 
 fake.rf 1440.00000000 51447.02617651253387621 1.00000 7 
 fake.rf 1440.00000000 51456.95239421364323462 1.00000 7 
 fake.rf 1440.00000000 51466.93051852830004833 1.00000 7 
 fake.rf 1440.00000000 51476.90955508861476986 1.00000 7 
 fake.rf 1440.00000000 51486.85634730369890022 1.00000 7 
 fake.rf 1440.00000000 51496.85637186797086429 1.00000 7 
 fake.rf 1440.00000000 51506.81904449071641849 1.00000 7 
 fake.rf 1440.00000000 51516.84726136291612875 1.00000 7 
 fake.rf 1440.00000000 51526.81650519739554639 1.00000 7 
 fake.rf 1440.00000000 51536.75709187452886795 1.00000 7 
 fake.rf 1440.00000000 51546.76661904135155368 1.00000 7 
 fake.rf 1440.00000000 51556.74000853960220780 1.00000 7 
 fake.rf 1440.00000000 51566.70147514254036736 1.00000 7 
 fake.rf 1440.00000000 51576.65277366955072580 1.00000 7 
 fake.rf 1440.00000000 51586.59561462694722422 1.00000 7 
 fake.rf 1440.00000000 51596.58884018705134622 1.00000 7 
 fake.rf 1440.00000000 51606.54634731038517970 1.00000 7 
 fake.rf 1440.00000000 51616.57767980712312195 1.00000 7 
 fake.rf 1440.00000000 51626.54155312525443833 1.00000 7 
 fake.rf 1440.00000000 51636.44406660598078673 1.00000 7 
 fake.rf 1440.00000000 51646.48306766827489156 1.00000 7 
 fake.rf 1440.00000000 51656.39862773759836045 1.00000 7 
 fake.rf 1440.00000000 51666.43503067582056332 1.00000 7 
 fake.rf 1440.00000000 51676.33503214171695817 1.00000 7 
 fake.rf 1440.00000000 51686.38637294024653812 1.00000 7 
 fake.rf 1440.00000000 51696.29102840666663354 1.00000 7 
 fake.rf 1440.00000000 51706.33024167124959902 1.00000 7 
 fake.rf 1440.00000000 51716.30861792855895942 1.00000 7 
 fake.rf 1440.00000000 51726.20473796861955762 1.00000 7 
 fake.rf 1440.00000000 51736.20486505672288757 1.00000 7 
 fake.rf 1440.00000000 51746.21202069326974637 1.00000 7 
 fake.rf 1440.00000000 51756.18615310517466099 1.00000 7 
 fake.rf 1440.00000000 51766.13980219404392003 1.00000 7 
 fake.rf 1440.00000000 51776.06905318178314346 1.00000 7 
 fake.rf 1440.00000000 51786.04952647823933631 1.00000 7 
 fake.rf 1440.00000000 51796.06060545785898697 1.00000 7 
 fake.rf 1440.00000000 51806.01718531562556436 1.00000 7 
 fake.rf 1440.00000000 51815.98763554380256124 1.00000 7 
 fake.rf 1440.00000000 51825.97090240323392152 1.00000 7 
 fake.rf 1440.00000000 51835.92403045075976564 1.00000 7 
 fake.rf 1440.00000000 51845.94570505213794931 1.00000 7 
 fake.rf 1440.00000000 51855.88247004334233026 1.00000 7 
 fake.rf 1440.00000000 51865.83629190563365441 1.00000 7 
 fake.rf 1440.00000000 51875.84673746695587582 1.00000 7 
 fake.rf 1440.00000000 51885.76210534945119690 1.00000 7 
 fake.rf 1440.00000000 51895.76940579878293391 1.00000 7 
 fake.rf 1440.00000000 51905.71704790290158726 1.00000 7 
 fake.rf 1440.00000000 51915.70056060081716964 1.00000 7 
 fake.rf 1440.00000000 51925.68316455762097306 1.00000 7 
 fake.rf 1440.00000000 51935.70531765363632104 1.00000 7 
 fake.rf 1440.00000000 51945.61864815800126038 1.00000 7 
 fake.rf 1440.00000000 51955.58422419676719173 1.00000 7 
 fake.rf 1440.00000000 51965.54924169017313318 1.00000 7 
 fake.rf 1440.00000000 51975.52627946260389891 1.00000 7 
 fake.rf 1440.00000000 51985.50249458185435714 1.00000 7 
 fake.rf 1440.00000000 51995.46282389252345624 1.00000 7 
 fake.rf 1440.00000000 52005.45515479844997131 1.00000 7 
 fake.rf 1440.00000000 52015.41455419281659189 1.00000 7 
 fake.rf 1440.00000000 52025.38056409848689299 1.00000 7 
 fake.rf 1440.00000000 52035.37965270869377576 1.00000 7 
 fake.rf 1440.00000000 52045.36648350501517868 1.00000 7 
 fake.rf 1440.00000000 52055.36695338329333538 1.00000 7 
 fake.rf 1440.00000000 52065.28414542096250983 1.00000 7 
 fake.rf 1440.00000000 52075.25192967149837386 1.00000 7 
 fake.rf 1440.00000000 52085.29228815775221761 1.00000 7 
 fake.rf 1440.00000000 52095.21725781572567726 1.00000 7 
 fake.rf 1440.00000000 52105.22342538820370450 1.00000 7 
 fake.rf 1440.00000000 52115.16433476086138299 1.00000 7 
 fake.rf 1440.00000000 52125.17039232643688962 1.00000 7 
 fake.rf 1440.00000000 52135.10379772042194091 1.00000 7 
 fake.rf 1440.00000000 52145.10847281569716216 1.00000 7 
 fake.rf 1440.00000000 52155.08017595842276037 1.00000 7 
 fake.rf 1440.00000000 52165.06098407884099544 1.00000 7 
 fake.rf 1440.00000000 52175.04678530744628162 1.00000 7 
 fake.rf 1440.00000000 52184.97290506267116683 1.00000 7 
 fake.rf 1440.00000000 52194.97971867966611370 1.00000 7 
 fake.rf 1440.00000000 52204.91679138519108960 1.00000 7 
 fake.rf 1440.00000000 52214.90119091010870278 1.00000 7 
 fake.rf 1440.00000000 52224.83548825577738839 1.00000 7 
 fake.rf 1440.00000000 52234.86580257026312779 1.00000 7 
 fake.rf 1440.00000000 52244.81632614837491957 1.00000 7 
 fake.rf 1440.00000000 52254.77459166698629289 1.00000 7 
 fake.rf 1440.00000000 52264.79778634772598522 1.00000 7 
 fake.rf 1440.00000000 52274.74063179357490583 1.00000 7 
 fake.rf 1440.00000000 52284.70323941861058614 1.00000 7 
 fake.rf 1440.00000000 52294.64662023147942449 1.00000 7 
 fake.rf 1440.00000000 52304.66043260916979207 1.00000 7 
 fake.rf 1440.00000000 52314.64267545286137562 1.00000 7 
 fake.rf 1440.00000000 52324.57276004461598617 1.00000 7 
 fake.rf 1440.00000000 52334.57988663302169030 1.00000 7 
 fake.rf 1440.00000000 52344.58852245534532344 1.00000 7 
 fake.rf 1440.00000000 52354.53274214116157026 1.00000 7 
 fake.rf 1440.00000000 52364.48430963512709369 1.00000 7 
 fake.rf 1440.00000000 52374.43744177575679188 1.00000 7 
 fake.rf 1440.00000000 52384.46008341297619282 1.00000 7 
 fake.rf 1440.00000000 52394.39598040681358171 1.00000 7 
 fake.rf 1440.00000000 52404.38471988065208862 1.00000 7 
 fake.rf 1440.00000000 52414.35750009626830703 1.00000 7 
 fake.rf 1440.00000000 52424.34494408114839459 1.00000 7 
 fake.rf 1440.00000000 52434.28371211629156434 1.00000 7 
 fake.rf 1440.00000000 52444.30053542575344139 1.00000 7 
 fake.rf 1440.00000000 52454.23662550195232157 1.00000 7 
 fake.rf 1440.00000000 52464.25773436060478616 1.00000 7 
 fake.rf 1440.00000000 52474.19933674005588387 1.00000 7 
 fake.rf 1440.00000000 52484.14853240200374174 1.00000 7 
 fake.rf 1440.00000000 52494.12306534733956553 1.00000 7 
 fake.rf 1440.00000000 52504.09878572022754284 1.00000 7 
 fake.rf 1440.00000000 52514.09569172694262207 1.00000 7 
 fake.rf 1440.00000000 52524.08192851679240576 1.00000 7 
 fake.rf 1440.00000000 52534.01925059058671508 1.00000 7 
 fake.rf 1440.00000000 52543.99044192189006708 1.00000 7 
 fake.rf 1440.00000000 52553.95450661628022004 1.00000 7 
 fake.rf 1440.00000000 52563.96073186354951901 1.00000 7 
 fake.rf 1440.00000000 52573.89908886674642474 1.00000 7 
 fake.rf 1440.00000000 52583.91663668418749822 1.00000 7 
 fake.rf 1440.00000000 52593.82944052953604341 1.00000 7 
 fake.rf 1440.00000000 52603.82181600913540009 1.00000 7 
 fake.rf 1440.00000000 52613.79714719198874207 1.00000 7 
 fake.rf 1440.00000000 52623.80283159468337928 1.00000 7 
 fake.rf 1440.00000000 52633.75259598526439575 1.00000 7 
 fake.rf 1440.00000000 52643.76235808671618699 1.00000 7 
 fake.rf 1440.00000000 52653.72064930490750712 1.00000 7 
 fake.rf 1440.00000000 52663.64193775719208546 1.00000 7 
 fake.rf 1440.00000000 52673.63057167198437725 1.00000 7 
 fake.rf 1440.00000000 52683.65263270546673624 1.00000 7 
 fake.rf 1440.00000000 52693.62386708532228852 1.00000 7 
 fake.rf 1440.00000000 52703.57570232288373191 1.00000 7 
 fake.rf 1440.00000000 52713.53047385829491134 1.00000 7 
 fake.rf 1440.00000000 52723.50179279207668870 1.00000 7 
 fake.rf 1440.00000000 52733.46837635039954151 1.00000 7 
 fake.rf 1440.00000000 52743.47255360143597258 1.00000 7 
 fake.rf 1440.00000000 52753.40466681550466177 1.00000 7 
 fake.rf 1440.00000000 52763.41797812972456327 1.00000 7 
 fake.rf 1440.00000000 52773.38723521507722580 1.00000 7 
 fake.rf 1440.00000000 52783.37158849281546580 1.00000 7 
 fake.rf 1440.00000000 52793.27806645637965133 1.00000 7 
 fake.rf 1440.00000000 52803.33249418552846421 1.00000 7 
 fake.rf 1440.00000000 52813.23653879894207819 1.00000 7 
 fake.rf 1440.00000000 52823.25056049613558073 1.00000 7 
 fake.rf 1440.00000000 52833.23519598083733584 1.00000 7 
 fake.rf 1440.00000000 52843.18720030304663027 1.00000 7 
 fake.rf 1440.00000000 52853.11638431420512418 1.00000 7 
 fake.rf 1440.00000000 52863.09238887193461309 1.00000 7 
 fake.rf 1440.00000000 52873.07792277966834860 1.00000 7 
 fake.rf 1440.00000000 52883.05610143722620364 1.00000 7 
 fake.rf 1440.00000000 52893.07695814053428407 1.00000 7 
 fake.rf 1440.00000000 52903.00260025244541140 1.00000 7 
 fake.rf 1440.00000000 52913.00045873456994627 1.00000 7 
 fake.rf 1440.00000000 52922.94061760965614738 1.00000 7 
 fake.rf 1440.00000000 52932.89924845424493327 1.00000 7 
 fake.rf 1440.00000000 52942.87417566567971861 1.00000 7 
 fake.rf 1440.00000000 52952.85140099294843807 1.00000 7 
 fake.rf 1440.00000000 52962.87896072047535156 1.00000 7 
 fake.rf 1440.00000000 52972.80248068192696564 1.00000 7 
 fake.rf 1440.00000000 52982.79564421901364923 1.00000 7 
 fake.rf 1440.00000000 52992.78923602528395875 1.00000 7 
 fake.rf 1440.00000000 53002.71129469956057534 1.00000 7 
 fake.rf 1440.00000000 53012.68359784234559839 1.00000 7 
 fake.rf 1440.00000000 53022.65926549542242796 1.00000 7 
 fake.rf 1440.00000000 53032.66328074359279299 1.00000 7 
 fake.rf 1440.00000000 53042.62947177547560074 1.00000 7 
 fake.rf 1440.00000000 53052.63662100558383017 1.00000 7 
 fake.rf 1440.00000000 53062.60005382609016777 1.00000 7 
 fake.rf 1440.00000000 53072.52352715536669692 1.00000 7 
 fake.rf 1440.00000000 53082.52723783391485668 1.00000 7 
 fake.rf 1440.00000000 53092.50232823028906282 1.00000 7 
 fake.rf 1440.00000000 53102.44291721017897245 1.00000 7 
 fake.rf 1440.00000000 53112.44502662606665311 1.00000 7 
 fake.rf 1440.00000000 53122.43479929237184933 1.00000 7 
 fake.rf 1440.00000000 53132.41671432036813627 1.00000 7 
 fake.rf 1440.00000000 53142.34743019585641832 1.00000 7 
 fake.rf 1440.00000000 53152.31651155156291821 1.00000 7 
 fake.rf 1440.00000000 53162.33824822525648912 1.00000 7 
 fake.rf 1440.00000000 53172.27227302156794053 1.00000 7 
 fake.rf 1440.00000000 53182.25419260400871480 1.00000 7 
 fake.rf 1440.00000000 53192.19807895748932935 1.00000 7 
 fake.rf 1440.00000000 53202.18026473622644446 1.00000 7 
 fake.rf 1440.00000000 53212.19846413030823129 1.00000 7 
 fake.rf 1440.00000000 53222.16751326584713055 1.00000 7 
 fake.rf 1440.00000000 53232.11716228296494791 1.00000 7 
 fake.rf 1440.00000000 53242.12129685447035854 1.00000 7 
 fake.rf 1440.00000000 53252.09257755139416801 1.00000 7 
 fake.rf 1440.00000000 53262.04675620581630824 1.00000 7 
 fake.rf 1440.00000000 53272.02242147895787028 1.00000 7 
 fake.rf 1440.00000000 53281.94452646146353914 1.00000 7 
 fake.rf 1440.00000000 53291.91917301003227792 1.00000 7 
 fake.rf 1440.00000000 53301.91573445207206206 1.00000 7 
 fake.rf 1440.00000000 53311.87053575085552026 1.00000 7 
 fake.rf 1440.00000000 53321.84478976227971003 1.00000 7 
 fake.rf 1440.00000000 53331.84432322224023793 1.00000 7 
 fake.rf 1440.00000000 53341.83044410889139542 1.00000 7 
 fake.rf 1440.00000000 53351.79819348889128250 1.00000 7 
 fake.rf 1440.00000000 53361.74884714582958978 1.00000 7 
 fake.rf 1440.00000000 53371.72570518703811260 1.00000 7 
 fake.rf 1440.00000000 53381.72756556333151678 1.00000 7 
 fake.rf 1440.00000000 53391.70923424813615554 1.00000 7 
 fake.rf 1440.00000000 53401.68848699678231284 1.00000 7 
 fake.rf 1440.00000000 53411.65824070720412209 1.00000 7 
 fake.rf 1440.00000000 53421.58598981009978601 1.00000 7 
 fake.rf 1440.00000000 53431.58231955594991192 1.00000 7 
 fake.rf 1440.00000000 53441.56129260187757524 1.00000 7 
 fake.rf 1440.00000000 53451.53039525303364243 1.00000 7 
 fake.rf 1440.00000000 53461.52311071251141072 1.00000 7 
 fake.rf 1440.00000000 53471.46779144605513068 1.00000 7 
 fake.rf 1440.00000000 53481.39822318610478646 1.00000 7 
 fake.rf 1440.00000000 53491.40016256457965937 1.00000 7 
 fake.rf 1440.00000000 53501.39936730786766006 1.00000 7 
 fake.rf 1440.00000000 53511.33928919558919901 1.00000 7 
 fake.rf 1440.00000000 53521.30339892293461190 1.00000 7 
 fake.rf 1440.00000000 53531.29895716271756001 1.00000 7 
 fake.rf 1440.00000000 53541.29916573293018800 1.00000 7 
 fake.rf 1440.00000000 53551.21138101857549785 1.00000 7 
 fake.rf 1440.00000000 53561.20552429993925614 1.00000 7 
 fake.rf 1440.00000000 53571.18721583554581045 1.00000 7 
 fake.rf 1440.00000000 53581.18573412393101307 1.00000 7 
 fake.rf 1440.00000000 53591.12928668673567500 1.00000 7 
 fake.rf 1440.00000000 53601.11292911734123834 1.00000 7 
 fake.rf 1440.00000000 53611.05197981938055207 1.00000 7 
 fake.rf 1440.00000000 53621.06097136652966029 1.00000 7 
 fake.rf 1440.00000000 53631.04617217135184148 1.00000 7 
 fake.rf 1440.00000000 53641.01206061707067363 1.00000 7 
 fake.rf 1440.00000000 53650.95114406030749521 1.00000 7 
 fake.rf 1440.00000000 53660.93139857294151085 1.00000 7 
