FORMAT 1
 fake.rf 1440.00000000 50000.93921075251423503 1.00000 7 
 fake.rf 1440.00000000 50010.94905682657523016 1.00000 7 
 fake.rf 1440.00000000 50020.88935945188809740 1.00000 7 
 fake.rf 1440.00000000 50030.86077673025188872 1.00000 7 
 fake.rf 1440.00000000 50040.82403844520700531 1.00000 7 
 fake.rf 1440.00000000 50050.85624211745877332 1.00000 7 
 fake.rf 1440.00000000 50060.81746516621389276 1.00000 7 
 fake.rf 1440.00000000 50070.75407694274845127 1.00000 7 
 fake.rf 1440.00000000 50080.76764382742424786 1.00000 7 
 fake.rf 1440.00000000 50090.71732322219524747 1.00000 7 
 fake.rf 1440.00000000 50100.69639998766759703 1.00000 7 
 fake.rf 1440.00000000 50110.65647280828433807 1.00000 7 
 fake.rf 1440.00000000 50120.65117568809493420 1.00000 7 
 fake.rf 1440.00000000 50130.61148666628057669 1.00000 7 
 fake.rf 1440.00000000 50140.54761324189665217 1.00000 7 
 fake.rf 1440.00000000 50150.52331181359084056 1.00000 7 
 fake.rf 1440.00000000 50160.51938109046414738 1.00000 7 
 fake.rf 1440.00000000 50170.48527797829028785 1.00000 7 
 fake.rf 1440.00000000 50180.50594817565697880 1.00000 7 
 fake.rf 1440.00000000 50190.43986331224706987 1.00000 7 
 fake.rf 1440.00000000 50200.46178134954430661 1.00000 7 
 fake.rf 1440.00000000 50210.41559482483152266 1.00000 7 
 fake.rf 1440.00000000 50220.39709509336486093 1.00000 7 
 fake.rf 1440.00000000 50230.31421199244078934 1.00000 7 
 fake.rf 1440.00000000 50240.34086581551532191 1.00000 7 
 fake.rf 1440.00000000 50250.29320603524831057 1.00000 7 
 fake.rf 1440.00000000 50260.28849784992215177 1.00000 7 
 fake.rf 1440.00000000 50270.26294199395035989 1.00000 7 
 fake.rf 1440.00000000 50280.16146134957203273 1.00000 7 
 fake.rf 1440.00000000 50290.19921265131360499 1.00000 7 
 fake.rf 1440.00000000 50300.14735204517041112 1.00000 7 
 fake.rf 1440.00000000 50310.09286603858613418 1.00000 7 
 fake.rf 1440.00000000 50320.08443442658792577 1.00000 7 
 fake.rf 1440.00000000 50330.08351409989807834 1.00000 7 
 fake.rf 1440.00000000 50340.02774972390076158 1.00000 7 
 fake.rf 1440.00000000 50350.00988412143105677 1.00000 7 
 fake.rf 1440.00000000 50359.98513847563657464 1.00000 7 
 fake.rf 1440.00000000 50369.91790149243297847 1.00000 7 
 fake.rf 1440.00000000 50379.94728534418604227 1.00000 7 
 fake.rf 1440.00000000 50389.88007759091374282 1.00000 7 
 fake.rf 1440.00000000 50399.87315764095268733 1.00000 7 
 fake.rf 1440.00000000 50409.82558924879513995 1.00000 7 
 fake.rf 1440.00000000 50419.82909200386993831 1.00000 7 
 fake.rf 1440.00000000 50429.76084594848648379 1.00000 7 
 fake.rf 1440.00000000 50439.78422617199365519 1.00000 7 
 fake.rf 1440.00000000 50449.75115986193091544 1.00000 7 
 fake.rf 1440.00000000 50459.68591670369009350 1.00000 7 
 fake.rf 1440.00000000 50469.64933720105461390 1.00000 7 
 fake.rf 1440.00000000 50479.69280546568563750 1.00000 7 
 fake.rf 1440.00000000 50489.59220348892726804 1.00000 7 
 fake.rf 1440.00000000 50499.60017678978519484 1.00000 7 
 fake.rf 1440.00000000 50509.60953408728184044 1.00000 7 
 fake.rf 1440.00000000 50519.57338324294535781 1.00000 7 
 fake.rf 1440.00000000 50529.50682782370011026 1.00000 7 
 fake.rf 1440.00000000 50539.46060634956810276 1.00000 7 
 fake.rf 1440.00000000 50549.47841365982946016 1.00000 7 
 fake.rf 1440.00000000 50559.47483613747067110 1.00000 7 
 fake.rf 1440.00000000 50569.45121080143786330 1.00000 7 
 fake.rf 1440.00000000 50579.38743325508800197 1.00000 7 
 fake.rf 1440.00000000 50589.39301274032285249 1.00000 7 
 fake.rf 1440.00000000 50599.35110974030535402 1.00000 7 
 fake.rf 1440.00000000 50609.26277589150684477 1.00000 7 
 fake.rf 1440.00000000 50619.24117374146613102 1.00000 7 
 fake.rf 1440.00000000 50629.21814342981672752 1.00000 7 
 fake.rf 1440.00000000 50639.23952692168048628 1.00000 7 
 fake.rf 1440.00000000 50649.18946471514189867 1.00000 7 
 fake.rf 1440.00000000 50659.17587316249419871 1.00000 7 
 fake.rf 1440.00000000 50669.11648201919118151 1.00000 7 
 fake.rf 1440.00000000 50679.10982046090223818 1.00000 7 
 fake.rf 1440.00000000 50689.06958375998259214 1.00000 7 
 fake.rf 1440.00000000 50699.05362254262459132 1.00000 7 
 fake.rf 1440.00000000 50709.06734538200640472 1.00000 7 
 fake.rf 1440.00000000 50719.00684461124895464 1.00000 7 
 fake.rf 1440.00000000 50728.93835716067330210 1.00000 7 
 fake.rf 1440.00000000 50738.91113825079659350 1.00000 7 
 fake.rf 1440.00000000 50748.90132203248128917 1.00000 7 
 fake.rf 1440.00000000 50758.91040596012305386 1.00000 7 
 fake.rf 1440.00000000 50768.84524820345069784 1.00000 7 
 fake.rf 1440.00000000 50778.82615682358987641 1.00000 7 
 fake.rf 1440.00000000 50788.82268001302364979 1.00000 7 
 fake.rf 1440.00000000 50798.76755796666420650 1.00000 7 
 fake.rf 1440.00000000 50808.78374423193354303 1.00000 7 
 fake.rf 1440.00000000 50818.73359568819924803 1.00000 7 
 fake.rf 1440.00000000 50828.66962714780819965 1.00000 7 
 fake.rf 1440.00000000 50838.64656231527720820 1.00000 7 
 fake.rf 1440.00000000 50848.66082997516719288 1.00000 7 
 fake.rf 1440.00000000 50858.64197304690543078 1.00000 7 
 fake.rf 1440.00000000 50868.55930169357816339 1.00000 7 
 fake.rf 1440.00000000 50878.57724838795309807 1.00000 7 
 fake.rf 1440.00000000 50888.52191824405334941 1.00000 7 
 fake.rf 1440.00000000 50898.47213070912465582 1.00000 7 
 fake.rf 1440.00000000 50908.47547873891553749 1.00000 7 
 fake.rf 1440.00000000 50918.44245241296119531 1.00000 7 
 fake.rf 1440.00000000 50928.39836704154008373 1.00000 7 
 fake.rf 1440.00000000 50938.40598907867939715 1.00000 7 
 fake.rf 1440.00000000 50948.33831726434999254 1.00000 7 
 fake.rf 1440.00000000 50958.35480733816368470 1.00000 7 
 fake.rf 1440.00000000 50968.29280884041499888 1.00000 7 
 fake.rf 1440.00000000 50978.27638351764867863 1.00000 7 
 fake.rf 1440.00000000 50988.23018306782535092 1.00000 7 
 fake.rf 1440.00000000 50998.23858553208710731 1.00000 7 
 fake.rf 1440.00000000 51008.23350332369739490 1.00000 7 
 fake.rf 1440.00000000 51018.14499670706462453 1.00000 7 
 fake.rf 1440.00000000 51028.12020273007667370 1.00000 7 
 fake.rf 1440.00000000 51038.15727075251821887 1.00000 7 
 fake.rf 1440.00000000 51048.06884955953623617 1.00000 7 
 fake.rf 1440.00000000 51058.06154369019712647 1.00000 7 
 fake.rf 1440.00000000 51068.05166661261763394 1.00000 7 
 fake.rf 1440.00000000 51078.00872537457589928 1.00000 7 
 fake.rf 1440.00000000 51088.00963246632827719 1.00000 7 
 fake.rf 1440.00000000 51097.94024955562928980 1.00000 7 
 fake.rf 1440.00000000 51107.95282392608415734 1.00000 7 
 fake.rf 1440.00000000 51117.91388827023477148 1.00000 7 
 fake.rf 1440.00000000 51127.90499451903153627 1.00000 7 
 fake.rf 1440.00000000 51137.88090465961075282 1.00000 7 
 fake.rf 1440.00000000 51147.84620851972951172 1.00000 7 
 fake.rf 1440.00000000 51157.79555343962270797 1.00000 7 
 fake.rf 1440.00000000 51167.77991097366188811 1.00000 7 
 fake.rf 1440.00000000 51177.77318113972406977 1.00000 7 
 fake.rf 1440.00000000 51187.68444374846131240 1.00000 7 
 fake.rf 1440.00000000 51197.72410882078429495 1.00000 7 
 fake.rf 1440.00000000 51207.69489579618921837 1.00000 7 
 fake.rf 1440.00000000 51217.63681072504924430 1.00000 7 
 fake.rf 1440.00000000 51227.58742048725120810 1.00000 7 
 fake.rf 1440.00000000 51237.54142644219761138 1.00000 7 
 fake.rf 1440.00000000 51247.51826773694910955 1.00000 7 
 fake.rf 1440.00000000 51257.51184332678116817 1.00000 7 
 fake.rf 1440.00000000 51267.50964370261790393 1.00000 7 
 fake.rf 1440.00000000 51277.45179083604518411 1.00000 7 
 fake.rf 1440.00000000 51287.45624544995834171 1.00000 7 
 fake.rf 1440.00000000 51297.43514971973040772 1.00000 7 
 fake.rf 1440.00000000 51307.41300360230767197 1.00000 7 
 fake.rf 1440.00000000 51317.35634703843945204 1.00000 7 
 fake.rf 1440.00000000 51327.35738235353612779 1.00000 7 
 fake.rf 1440.00000000 51337.33774658903437782 1.00000 7 
 fake.rf 1440.00000000 51347.26212902829077933 1.00000 7 
 fake.rf 1440.00000000 51357.28538082706313617 1.00000 7 
 fake.rf 1440.00000000 51367.20241021250385671 1.00000 7 
 fake.rf 1440.00000000 51377.22755323741618838 1.00000 7 
 fake.rf 1440.00000000 51387.15183479400241495 1.00000 7 
 fake.rf 1440.00000000 51397.18040891803861570 1.00000 7 
 fake.rf 1440.00000000 51407.08014007604891304 1.00000 7 
 fake.rf 1440.00000000 51417.12763362867560701 1.00000 7 
 fake.rf 1440.00000000 51427.06124314119482577 1.00000 7 
 fake.rf 1440.00000000 51437.06271817714321770 1.00000 7 
 fake.rf 1440.00000000 51447.03009288511165664 1.00000 7 
 fake.rf 1440.00000000 51456.95631056294921635 1.00000 7 
 fake.rf 1440.00000000 51466.93443488747282188 1.00000 7 
 fake.rf 1440.00000000 51476.91347144279627202 1.00000 7 
 fake.rf 1440.00000000 51486.86026364051677007 1.00000 7 
 fake.rf 1440.00000000 51496.86028820532912675 1.00000 7 
 fake.rf 1440.00000000 51506.82296084781720324 1.00000 7 
 fake.rf 1440.00000000 51516.85117769486139849 1.00000 7 
 fake.rf 1440.00000000 51526.82042154741256823 1.00000 7 
 fake.rf 1440.00000000 51536.76100824551183521 1.00000 7 
 fake.rf 1440.00000000 51546.77053541004914550 1.00000 7 
 fake.rf 1440.00000000 51556.74392488863239237 1.00000 7 
 fake.rf 1440.00000000 51566.70539148449762124 1.00000 7 
 fake.rf 1440.00000000 51576.65669003004578741 1.00000 7 
 fake.rf 1440.00000000 51586.59953097041753978 1.00000 7 
 fake.rf 1440.00000000 51596.59275653142554674 1.00000 7 
 fake.rf 1440.00000000 51606.55026367499493389 1.00000 7 
 fake.rf 1440.00000000 51616.58159619175449961 1.00000 7 
 fake.rf 1440.00000000 51626.54546950019705065 1.00000 7 
 fake.rf 1440.00000000 51636.44798295023576529 1.00000 7 
 fake.rf 1440.00000000 51646.48698402226166593 1.00000 7 
 fake.rf 1440.00000000 51656.40254410966372589 1.00000 7 
 fake.rf 1440.00000000 51666.43894703207303820 1.00000 7 
 fake.rf 1440.00000000 51676.33894849520813253 1.00000 7 
 fake.rf 1440.00000000 51686.39028929586278949 1.00000 7 
 fake.rf 1440.00000000 51696.29494474757059663 1.00000 7 
 fake.rf 1440.00000000 51706.33415800602160672 1.00000 7 
 fake.rf 1440.00000000 51716.31253427760733032 1.00000 7 
 fake.rf 1440.00000000 51726.20865432051101607 1.00000 7 
 fake.rf 1440.00000000 51736.20878140446114202 1.00000 7 
 fake.rf 1440.00000000 51746.21593705926950335 1.00000 7 
 fake.rf 1440.00000000 51756.19006945140950293 1.00000 7 
 fake.rf 1440.00000000 51766.14371857487128281 1.00000 7 
 fake.rf 1440.00000000 51776.07296952333890161 1.00000 7 
 fake.rf 1440.00000000 51786.05344281831003883 1.00000 7 
 fake.rf 1440.00000000 51796.06452181510780264 1.00000 7 
 fake.rf 1440.00000000 51806.02110165505742856 1.00000 7 
 fake.rf 1440.00000000 51815.99155190894807888 1.00000 7 
 fake.rf 1440.00000000 51825.97481875399389395 1.00000 7 
 fake.rf 1440.00000000 51835.92794680674322905 1.00000 7 
 fake.rf 1440.00000000 51845.94962141719645743 1.00000 7 
 fake.rf 1440.00000000 51855.88638640916068212 1.00000 7 
 fake.rf 1440.00000000 51865.84020826673924631 1.00000 7 
 fake.rf 1440.00000000 51875.85065382521177568 1.00000 7 
 fake.rf 1440.00000000 51885.76602172184282580 1.00000 7 
 fake.rf 1440.00000000 51895.77332216598529513 1.00000 7 
 fake.rf 1440.00000000 51905.72096426646204392 1.00000 7 
 fake.rf 1440.00000000 51915.70447698364877809 1.00000 7 
 fake.rf 1440.00000000 51925.68708092692695999 1.00000 7 
 fake.rf 1440.00000000 51935.70923401360357374 1.00000 7 
 fake.rf 1440.00000000 51945.62256450601167046 1.00000 7 
 fake.rf 1440.00000000 51955.58814053000577715 1.00000 7 
 fake.rf 1440.00000000 51965.55315803306940836 1.00000 7 
 fake.rf 1440.00000000 51975.53019579306313958 1.00000 7 
 fake.rf 1440.00000000 51985.50641096642111094 1.00000 7 
 fake.rf 1440.00000000 51995.46674023224187877 1.00000 7 
 fake.rf 1440.00000000 52005.45907114520919734 1.00000 7 
 fake.rf 1440.00000000 52015.41847054869539235 1.00000 7 
 fake.rf 1440.00000000 52025.38448044049588859 1.00000 7 
 fake.rf 1440.00000000 52035.38356905317750645 1.00000 7 
 fake.rf 1440.00000000 52045.37039987111911188 1.00000 7 
 fake.rf 1440.00000000 52055.37086974337569600 1.00000 7 
 fake.rf 1440.00000000 52065.28806176949164097 1.00000 7 
 fake.rf 1440.00000000 52075.25584602336227746 1.00000 7 
 fake.rf 1440.00000000 52085.29620453202927521 1.00000 7 
 fake.rf 1440.00000000 52095.22117417359214642 1.00000 7 
 fake.rf 1440.00000000 52105.22734173368116828 1.00000 7 
 fake.rf 1440.00000000 52115.16825111587688824 1.00000 7 
 fake.rf 1440.00000000 52125.17430867958410801 1.00000 7 
 fake.rf 1440.00000000 52135.10771409013888444 1.00000 7 
 fake.rf 1440.00000000 52145.11238914601221950 1.00000 7 
 fake.rf 1440.00000000 52155.08409234198714799 1.00000 7 
 fake.rf 1440.00000000 52165.06490041831975546 1.00000 7 
 fake.rf 1440.00000000 52175.05070165978612451 1.00000 7 
 fake.rf 1440.00000000 52184.97682141691419133 1.00000 7 
 fake.rf 1440.00000000 52194.98363504359780052 1.00000 7 
 fake.rf 1440.00000000 52204.92070774186188231 1.00000 7 
 fake.rf 1440.00000000 52214.90510724981302459 1.00000 7 
 fake.rf 1440.00000000 52224.83940462340104816 1.00000 7 
 fake.rf 1440.00000000 52234.86971891580206062 1.00000 7 
 fake.rf 1440.00000000 52244.82024252543319065 1.00000 7 
 fake.rf 1440.00000000 52254.77850803580554029 1.00000 7 
 fake.rf 1440.00000000 52264.80170272097352679 1.00000 7 
 fake.rf 1440.00000000 52274.74454812500785295 1.00000 7 
 fake.rf 1440.00000000 52284.70715576147837922 1.00000 7 
 fake.rf 1440.00000000 52294.65053658088071487 1.00000 7 
 fake.rf 1440.00000000 52304.66434896041389280 1.00000 7 
 fake.rf 1440.00000000 52314.64659181843907021 1.00000 7 
 fake.rf 1440.00000000 52324.57667638585904157 1.00000 7 
 fake.rf 1440.00000000 52334.58380298691402999 1.00000 7 
 fake.rf 1440.00000000 52344.59243879112626274 1.00000 7 
 fake.rf 1440.00000000 52354.53665850371963586 1.00000 7 
 fake.rf 1440.00000000 52364.48822599012845558 1.00000 7 
 fake.rf 1440.00000000 52374.44135816000885697 1.00000 7 
 fake.rf 1440.00000000 52384.46399979224599974 1.00000 7 
 fake.rf 1440.00000000 52394.39989674794145458 1.00000 7 
 fake.rf 1440.00000000 52404.38863622449267154 1.00000 7 
 fake.rf 1440.00000000 52414.36141643019479375 1.00000 7 
 fake.rf 1440.00000000 52424.34886045663338550 1.00000 7 
 fake.rf 1440.00000000 52434.28762848454971390 1.00000 7 
 fake.rf 1440.00000000 52444.30445176422997733 1.00000 7 
 fake.rf 1440.00000000 52454.24054185703243292 1.00000 7 
 fake.rf 1440.00000000 52464.26165073725623245 1.00000 7 
 fake.rf 1440.00000000 52474.20325311947257418 1.00000 7 
 fake.rf 1440.00000000 52484.15244876911489058 1.00000 7 
 fake.rf 1440.00000000 52494.12698170616688031 1.00000 7 
 fake.rf 1440.00000000 52504.10270207168653300 1.00000 7 
 fake.rf 1440.00000000 52514.09960810426395028 1.00000 7 
 fake.rf 1440.00000000 52524.08584489574836240 1.00000 7 
 fake.rf 1440.00000000 52534.02316694681574560 1.00000 7 
 fake.rf 1440.00000000 52543.99435827156254675 1.00000 7 
 fake.rf 1440.00000000 52553.95842297267874343 1.00000 7 
 fake.rf 1440.00000000 52563.96464821492905273 1.00000 7 
 fake.rf 1440.00000000 52573.90300522047235532 1.00000 7 
 fake.rf 1440.00000000 52583.92055303410723255 1.00000 7 
 fake.rf 1440.00000000 52593.83335689962601833 1.00000 7 
 fake.rf 1440.00000000 52603.82573237246110409 1.00000 7 
 fake.rf 1440.00000000 52613.80106356514837529 1.00000 7 
 fake.rf 1440.00000000 52623.80674796879768351 1.00000 7 
 fake.rf 1440.00000000 52633.75651235309589282 1.00000 7 
 fake.rf 1440.00000000 52643.76627445139238759 1.00000 7 
 fake.rf 1440.00000000 52653.72456566992279292 1.00000 7 
 fake.rf 1440.00000000 52663.64585411076087240 1.00000 7 
 fake.rf 1440.00000000 52673.63448800540020756 1.00000 7 
 fake.rf 1440.00000000 52683.65654907331772705 1.00000 7 
 fake.rf 1440.00000000 52693.62778345032981875 1.00000 7 
 fake.rf 1440.00000000 52703.57961867170277515 1.00000 7 
 fake.rf 1440.00000000 52713.53439022091839306 1.00000 7 
 fake.rf 1440.00000000 52723.50570914743810036 1.00000 7 
 fake.rf 1440.00000000 52733.47229270442570837 1.00000 7 
 fake.rf 1440.00000000 52743.47646993841203766 1.00000 7 
 fake.rf 1440.00000000 52753.40858316175680542 1.00000 7 
 fake.rf 1440.00000000 52763.42189446713821965 1.00000 7 
 fake.rf 1440.00000000 52773.39115159185250548 1.00000 7 
 fake.rf 1440.00000000 52783.37550485426724833 1.00000 7 
 fake.rf 1440.00000000 52793.28198283158218729 1.00000 7 
 fake.rf 1440.00000000 52803.33641055853907886 1.00000 7 
 fake.rf 1440.00000000 52813.24045516620777008 1.00000 7 
 fake.rf 1440.00000000 52823.25447684819977567 1.00000 7 
 fake.rf 1440.00000000 52833.23911233032855961 1.00000 7 
 fake.rf 1440.00000000 52843.19111667606948046 1.00000 7 
 fake.rf 1440.00000000 52853.12030068891719381 1.00000 7 
 fake.rf 1440.00000000 52863.09630522126904495 1.00000 7 
 fake.rf 1440.00000000 52873.08183914663337433 1.00000 7 
 fake.rf 1440.00000000 52883.06001779930262430 1.00000 7 
 fake.rf 1440.00000000 52893.08087449740661512 1.00000 7 
 fake.rf 1440.00000000 52903.00651659933959081 1.00000 7 
 fake.rf 1440.00000000 52913.00437511213177544 1.00000 7 
 fake.rf 1440.00000000 52922.94453398173738279 1.00000 7 
 fake.rf 1440.00000000 52932.90316483234223810 1.00000 7 
 fake.rf 1440.00000000 52942.87809203134547076 1.00000 7 
 fake.rf 1440.00000000 52952.85531734763259948 1.00000 7 
 fake.rf 1440.00000000 52962.88287708089960049 1.00000 7 
 fake.rf 1440.00000000 52972.80639702409341751 1.00000 7 
 fake.rf 1440.00000000 52982.79956058515338313 1.00000 7 
 fake.rf 1440.00000000 52992.79315238443138369 1.00000 7 
 fake.rf 1440.00000000 53002.71521105592756129 1.00000 7 
 fake.rf 1440.00000000 53012.68751418782072449 1.00000 7 
 fake.rf 1440.00000000 53022.66318184537505331 1.00000 7 
 fake.rf 1440.00000000 53032.66719708968945213 1.00000 7 
 fake.rf 1440.00000000 53042.63338813724951137 1.00000 7 
 fake.rf 1440.00000000 53052.64053736443861808 1.00000 7 
 fake.rf 1440.00000000 53062.60397017377885831 1.00000 7 
 fake.rf 1440.00000000 53072.52744350751956759 1.00000 7 
 fake.rf 1440.00000000 53082.53115418294475347 1.00000 7 
 fake.rf 1440.00000000 53092.50624459719655590 1.00000 7 
 fake.rf 1440.00000000 53102.44683359227435204 1.00000 7 
 fake.rf 1440.00000000 53112.44894297734524358 1.00000 7 
 fake.rf 1440.00000000 53122.43871566345399060 1.00000 7 
 fake.rf 1440.00000000 53132.42063065861423965 1.00000 7 
 fake.rf 1440.00000000 53142.35134655260003456 1.00000 7 
 fake.rf 1440.00000000 53152.32042790377814256 1.00000 7 
 fake.rf 1440.00000000 53162.34216458253299820 1.00000 7 
 fake.rf 1440.00000000 53172.27618937060490012 1.00000 7 
 fake.rf 1440.00000000 53182.25810896076427170 1.00000 7 
 fake.rf 1440.00000000 53192.20199529378077585 1.00000 7 
 fake.rf 1440.00000000 53202.18418109149666861 1.00000 7 
 fake.rf 1440.00000000 53212.20238048496387506 1.00000 7 
 fake.rf 1440.00000000 53222.17142964531834082 1.00000 7 
 fake.rf 1440.00000000 53232.12107865531248407 1.00000 7 
 fake.rf 1440.00000000 53242.12521319829784971 1.00000 7 
 fake.rf 1440.00000000 53252.09649388707035200 1.00000 7 
 fake.rf 1440.00000000 53262.05067253829177076 1.00000 7 
 fake.rf 1440.00000000 53272.02633785173368963 1.00000 7 
 fake.rf 1440.00000000 53281.94844281173670808 1.00000 7 
 fake.rf 1440.00000000 53291.92308938231052551 1.00000 7 
 fake.rf 1440.00000000 53301.91965081398285164 1.00000 7 
 fake.rf 1440.00000000 53311.87445211732077155 1.00000 7 
 fake.rf 1440.00000000 53321.84870613597734845 1.00000 7 
 fake.rf 1440.00000000 53331.84823956085261543 1.00000 7 
 fake.rf 1440.00000000 53341.83436047108644829 1.00000 7 
 fake.rf 1440.00000000 53351.80210982960440802 1.00000 7 
 fake.rf 1440.00000000 53361.75276349914100393 1.00000 7 
 fake.rf 1440.00000000 53371.72962154014427227 1.00000 7 
 fake.rf 1440.00000000 53381.73148192324524786 1.00000 7 
 fake.rf 1440.00000000 53391.71315061327857876 1.00000 7 
 fake.rf 1440.00000000 53401.69240335480456494 1.00000 7 
 fake.rf 1440.00000000 53411.66215707593730144 1.00000 7 
 fake.rf 1440.00000000 53421.58990614395556307 1.00000 7 
 fake.rf 1440.00000000 53431.58623592077926645 1.00000 7 
 fake.rf 1440.00000000 53441.56520896719633029 1.00000 7 
 fake.rf 1440.00000000 53451.53431161899768398 1.00000 7 
 fake.rf 1440.00000000 53461.52702704081896812 1.00000 7 
 fake.rf 1440.00000000 53471.47170778069815356 1.00000 7 
 fake.rf 1440.00000000 53481.40213954834501209 1.00000 7 
 fake.rf 1440.00000000 53491.40407890654795153 1.00000 7 
 fake.rf 1440.00000000 53501.40328365303290425 1.00000 7 
 fake.rf 1440.00000000 53511.34320555485343718 1.00000 7 
 fake.rf 1440.00000000 53521.30731529503636779 1.00000 7 
 fake.rf 1440.00000000 53531.30287354062641114 1.00000 7 
 fake.rf 1440.00000000 53541.30308209474066317 1.00000 7 
 fake.rf 1440.00000000 53551.21529739381269408 1.00000 7 
 fake.rf 1440.00000000 53561.20944067009492784 1.00000 7 
 fake.rf 1440.00000000 53571.19113222232478222 1.00000 7 
 fake.rf 1440.00000000 53581.18965048135016360 1.00000 7 
 fake.rf 1440.00000000 53591.13320304232048130 1.00000 7 
 fake.rf 1440.00000000 53601.11684547829291958 1.00000 7 
 fake.rf 1440.00000000 53611.05589619336035057 1.00000 7 
 fake.rf 1440.00000000 53621.06488775023998272 1.00000 7 
 fake.rf 1440.00000000 53631.05008851957357052 1.00000 7 
 fake.rf 1440.00000000 53641.01597698281967652 1.00000 7 
 fake.rf 1440.00000000 53650.95506044294256398 1.00000 7 
 fake.rf 1440.00000000 53660.93531493569665258 1.00000 7 
