FORMAT 1
 fake.rf 1440.00000000 50000.93754968858789667 1.00000 7 
 fake.rf 1440.00000000 50010.94739572013561357 1.00000 7 
 fake.rf 1440.00000000 50020.88769841020869933 1.00000 7 
 fake.rf 1440.00000000 50030.85911562126258545 1.00000 7 
 fake.rf 1440.00000000 50040.82237729804779747 1.00000 7 
 fake.rf 1440.00000000 50050.85458113665704971 1.00000 7 
 fake.rf 1440.00000000 50060.81580405623070362 1.00000 7 
 fake.rf 1440.00000000 50070.75241588371186197 1.00000 7 
 fake.rf 1440.00000000 50080.76598277249710023 1.00000 7 
 fake.rf 1440.00000000 50090.71566216290390727 1.00000 7 
 fake.rf 1440.00000000 50100.69473898113339416 1.00000 7 
 fake.rf 1440.00000000 50110.65481172097394236 1.00000 7 
 fake.rf 1440.00000000 50120.64951460108431647 1.00000 7 
 fake.rf 1440.00000000 50130.60982557448760843 1.00000 7 
 fake.rf 1440.00000000 50140.54595218624126929 1.00000 7 
 fake.rf 1440.00000000 50150.52165075387980764 1.00000 7 
 fake.rf 1440.00000000 50160.51771993237204583 1.00000 7 
 fake.rf 1440.00000000 50170.48361700663173224 1.00000 7 
 fake.rf 1440.00000000 50180.50428705241657568 1.00000 7 
 fake.rf 1440.00000000 50190.43820231078019489 1.00000 7 
 fake.rf 1440.00000000 50200.46012021329497088 1.00000 7 
 fake.rf 1440.00000000 50210.41393375586584824 1.00000 7 
 fake.rf 1440.00000000 50220.39543402029731212 1.00000 7 
 fake.rf 1440.00000000 50230.31255100645885392 1.00000 7 
 fake.rf 1440.00000000 50240.33920465370588460 1.00000 7 
 fake.rf 1440.00000000 50250.29154496952824260 1.00000 7 
 fake.rf 1440.00000000 50260.28683679570962539 1.00000 7 
 fake.rf 1440.00000000 50270.26128092063498087 1.00000 7 
 fake.rf 1440.00000000 50280.15980027776101124 1.00000 7 
 fake.rf 1440.00000000 50290.19755166436065608 1.00000 7 
 fake.rf 1440.00000000 50300.14569091800084877 1.00000 7 
 fake.rf 1440.00000000 50310.09120489789578201 1.00000 7 
 fake.rf 1440.00000000 50320.08277341890011058 1.00000 7 
 fake.rf 1440.00000000 50330.08185298311768818 1.00000 7 
 fake.rf 1440.00000000 50340.02608857793521935 1.00000 7 
 fake.rf 1440.00000000 50350.00822305553418445 1.00000 7 
 fake.rf 1440.00000000 50359.98347739565689807 1.00000 7 
 fake.rf 1440.00000000 50369.91624032810830514 1.00000 7 
 fake.rf 1440.00000000 50379.94562428547564892 1.00000 7 
 fake.rf 1440.00000000 50389.87841657250933736 1.00000 7 
 fake.rf 1440.00000000 50399.87149649328256373 1.00000 7 
 fake.rf 1440.00000000 50409.82392818570550119 1.00000 7 
 fake.rf 1440.00000000 50419.82743100303093087 1.00000 7 
 fake.rf 1440.00000000 50429.75918481667508075 1.00000 7 
 fake.rf 1440.00000000 50439.78256509405490959 1.00000 7 
 fake.rf 1440.00000000 50449.74949874721341558 1.00000 7 
 fake.rf 1440.00000000 50459.68425571432253918 1.00000 7 
 fake.rf 1440.00000000 50469.64767607815161554 1.00000 7 
 fake.rf 1440.00000000 50479.69114438818878554 1.00000 7 
 fake.rf 1440.00000000 50489.59054244919376231 1.00000 7 
 fake.rf 1440.00000000 50499.59851563710715538 1.00000 7 
 fake.rf 1440.00000000 50509.60787305038607897 1.00000 7 
 fake.rf 1440.00000000 50519.57172213501368319 1.00000 7 
 fake.rf 1440.00000000 50529.50516670556337218 1.00000 7 
 fake.rf 1440.00000000 50539.45894535835259731 1.00000 7 
 fake.rf 1440.00000000 50549.47675256681022304 1.00000 7 
 fake.rf 1440.00000000 50559.47317511701738724 1.00000 7 
 fake.rf 1440.00000000 50569.44954974803615855 1.00000 7 
 fake.rf 1440.00000000 50579.38577225566881523 1.00000 7 
 fake.rf 1440.00000000 50589.39135168412648724 1.00000 7 
 fake.rf 1440.00000000 50599.34944866121547236 1.00000 7 
 fake.rf 1440.00000000 50609.26111491945030707 1.00000 7 
 fake.rf 1440.00000000 50619.23951275182120213 1.00000 7 
 fake.rf 1440.00000000 50629.21648243736749961 1.00000 7 
 fake.rf 1440.00000000 50639.23786586815171518 1.00000 7 
 fake.rf 1440.00000000 50649.18780358997278412 1.00000 7 
 fake.rf 1440.00000000 50659.17421217419148505 1.00000 7 
 fake.rf 1440.00000000 50669.11482086481523623 1.00000 7 
 fake.rf 1440.00000000 50679.10815935704037827 1.00000 7 
 fake.rf 1440.00000000 50689.06792272936026578 1.00000 7 
 fake.rf 1440.00000000 50699.05196141800922049 1.00000 7 
 fake.rf 1440.00000000 50709.06568427650475783 1.00000 7 
 fake.rf 1440.00000000 50719.00518361688346403 1.00000 7 
 fake.rf 1440.00000000 50728.93669613114003880 1.00000 7 
 fake.rf 1440.00000000 50738.90947714199084828 1.00000 7 
 fake.rf 1440.00000000 50748.89966094721057388 1.00000 7 
 fake.rf 1440.00000000 50758.90874493692580671 1.00000 7 
 fake.rf 1440.00000000 50768.84358713092597526 1.00000 7 
 fake.rf 1440.00000000 50778.82449569514042409 1.00000 7 
 fake.rf 1440.00000000 50788.82101889463428179 1.00000 7 
 fake.rf 1440.00000000 50798.76589687570352893 1.00000 7 
 fake.rf 1440.00000000 50808.78208317788681114 1.00000 7 
 fake.rf 1440.00000000 50818.73193471994373738 1.00000 7 
 fake.rf 1440.00000000 50828.66796615535887938 1.00000 7 
 fake.rf 1440.00000000 50838.64490132779635445 1.00000 7 
 fake.rf 1440.00000000 50848.65916894070709731 1.00000 7 
 fake.rf 1440.00000000 50858.64031195805312535 1.00000 7 
 fake.rf 1440.00000000 50868.55764063002678199 1.00000 7 
 fake.rf 1440.00000000 50878.57558726477634892 1.00000 7 
 fake.rf 1440.00000000 50888.52025710736108266 1.00000 7 
 fake.rf 1440.00000000 50898.47046964979448092 1.00000 7 
 fake.rf 1440.00000000 50908.47381762631076896 1.00000 7 
 fake.rf 1440.00000000 50918.44079128371999943 1.00000 7 
 fake.rf 1440.00000000 50928.39670603129199478 1.00000 7 
 fake.rf 1440.00000000 50938.40432805737265909 1.00000 7 
 fake.rf 1440.00000000 50948.33665614962906432 1.00000 7 
 fake.rf 1440.00000000 50958.35314638043412216 1.00000 7 
 fake.rf 1440.00000000 50968.29114778004880293 1.00000 7 
 fake.rf 1440.00000000 50978.27472251019012717 1.00000 7 
 fake.rf 1440.00000000 50988.22852196638663358 1.00000 7 
 fake.rf 1440.00000000 50998.23692440443274521 1.00000 7 
 fake.rf 1440.00000000 51008.23184234538885207 1.00000 7 
 fake.rf 1440.00000000 51018.14333571618979235 1.00000 7 
 fake.rf 1440.00000000 51028.11854159978121359 1.00000 7 
 fake.rf 1440.00000000 51038.15560965396034732 1.00000 7 
 fake.rf 1440.00000000 51048.06718847237302938 1.00000 7 
 fake.rf 1440.00000000 51058.05988261052205246 1.00000 7 
 fake.rf 1440.00000000 51068.05000562387586882 1.00000 7 
 fake.rf 1440.00000000 51078.00706422592353562 1.00000 7 
 fake.rf 1440.00000000 51088.00797144629190782 1.00000 7 
 fake.rf 1440.00000000 51097.93858844948703535 1.00000 7 
 fake.rf 1440.00000000 51107.95116294573790228 1.00000 7 
 fake.rf 1440.00000000 51117.91222720063374751 1.00000 7 
 fake.rf 1440.00000000 51127.90333344625764411 1.00000 7 
 fake.rf 1440.00000000 51137.87924354373970814 1.00000 7 
 fake.rf 1440.00000000 51147.84454749717614419 1.00000 7 
 fake.rf 1440.00000000 51157.79389243639547047 1.00000 7 
 fake.rf 1440.00000000 51167.77824981112056335 1.00000 7 
 fake.rf 1440.00000000 51177.77152016270111545 1.00000 7 
 fake.rf 1440.00000000 51187.68278260339948460 1.00000 7 
 fake.rf 1440.00000000 51197.72244774465372430 1.00000 7 
 fake.rf 1440.00000000 51207.69323467775287284 1.00000 7 
 fake.rf 1440.00000000 51217.63514963114844747 1.00000 7 
 fake.rf 1440.00000000 51227.58575934505162763 1.00000 7 
 fake.rf 1440.00000000 51237.53976531574210540 1.00000 7 
 fake.rf 1440.00000000 51247.51660675552303204 1.00000 7 
 fake.rf 1440.00000000 51257.51018232264433649 1.00000 7 
 fake.rf 1440.00000000 51267.50798272615009665 1.00000 7 
 fake.rf 1440.00000000 51277.45012970694555676 1.00000 7 
 fake.rf 1440.00000000 51287.45458447707357408 1.00000 7 
 fake.rf 1440.00000000 51297.43348865779617896 1.00000 7 
 fake.rf 1440.00000000 51307.41134254660755332 1.00000 7 
 fake.rf 1440.00000000 51317.35468603857748704 1.00000 7 
 fake.rf 1440.00000000 51327.35572131241165650 1.00000 7 
 fake.rf 1440.00000000 51337.33608556989912231 1.00000 7 
 fake.rf 1440.00000000 51347.26046789317157248 1.00000 7 
 fake.rf 1440.00000000 51357.28371974738341166 1.00000 7 
 fake.rf 1440.00000000 51367.20074913562881491 1.00000 7 
 fake.rf 1440.00000000 51377.22589222527669151 1.00000 7 
 fake.rf 1440.00000000 51387.15017369495569355 1.00000 7 
 fake.rf 1440.00000000 51397.17874795225052509 1.00000 7 
 fake.rf 1440.00000000 51407.07847901029667170 1.00000 7 
 fake.rf 1440.00000000 51417.12597260805232935 1.00000 7 
 fake.rf 1440.00000000 51427.05958208396479847 1.00000 7 
 fake.rf 1440.00000000 51437.06105712059058632 1.00000 7 
 fake.rf 1440.00000000 51447.02843188815731068 1.00000 7 
 fake.rf 1440.00000000 51456.95464960170240332 1.00000 7 
 fake.rf 1440.00000000 51466.93277383067912467 1.00000 7 
 fake.rf 1440.00000000 51476.91181044170112102 1.00000 7 
 fake.rf 1440.00000000 51486.85860256991963624 1.00000 7 
 fake.rf 1440.00000000 51496.85862707025212970 1.00000 7 
 fake.rf 1440.00000000 51506.82129984218737917 1.00000 7 
 fake.rf 1440.00000000 51516.84951663309687575 1.00000 7 
 fake.rf 1440.00000000 51526.81876053091278678 1.00000 7 
 fake.rf 1440.00000000 51536.75934711675128241 1.00000 7 
 fake.rf 1440.00000000 51546.76887428311041006 1.00000 7 
 fake.rf 1440.00000000 51556.74226372837087595 1.00000 7 
 fake.rf 1440.00000000 51566.70373050613329369 1.00000 7 
 fake.rf 1440.00000000 51576.65502905406174960 1.00000 7 
 fake.rf 1440.00000000 51586.59786988753188552 1.00000 7 
 fake.rf 1440.00000000 51596.59109543504050066 1.00000 7 
 fake.rf 1440.00000000 51606.54860255582483575 1.00000 7 
 fake.rf 1440.00000000 51616.57993511208024273 1.00000 7 
 fake.rf 1440.00000000 51626.54380838280478017 1.00000 7 
 fake.rf 1440.00000000 51636.44632190562874641 1.00000 7 
 fake.rf 1440.00000000 51646.48532295247567347 1.00000 7 
 fake.rf 1440.00000000 51656.40088303735626596 1.00000 7 
 fake.rf 1440.00000000 51666.43728594335768634 1.00000 7 
 fake.rf 1440.00000000 51676.33728751692603964 1.00000 7 
 fake.rf 1440.00000000 51686.38862821453141905 1.00000 7 
 fake.rf 1440.00000000 51696.29328362676331565 1.00000 7 
 fake.rf 1440.00000000 51706.33249696122199524 1.00000 7 
 fake.rf 1440.00000000 51716.31087320399373297 1.00000 7 
 fake.rf 1440.00000000 51726.20699324814296105 1.00000 7 
 fake.rf 1440.00000000 51736.20712031118774021 1.00000 7 
 fake.rf 1440.00000000 51746.21427608518921915 1.00000 7 
 fake.rf 1440.00000000 51756.18840832242628736 1.00000 7 
 fake.rf 1440.00000000 51766.14205742882248629 1.00000 7 
 fake.rf 1440.00000000 51776.07130849965111352 1.00000 7 
 fake.rf 1440.00000000 51786.05178176784500366 1.00000 7 
 fake.rf 1440.00000000 51796.06286074606374825 1.00000 7 
 fake.rf 1440.00000000 51806.01944059279894361 1.00000 7 
 fake.rf 1440.00000000 51815.98989094046288173 1.00000 7 
 fake.rf 1440.00000000 51825.97315776731291592 1.00000 7 
 fake.rf 1440.00000000 51835.92628565584212552 1.00000 7 
 fake.rf 1440.00000000 51845.94796038899889012 1.00000 7 
 fake.rf 1440.00000000 51855.88472530049790876 1.00000 7 
 fake.rf 1440.00000000 51865.83854721583510994 1.00000 7 
 fake.rf 1440.00000000 51875.84899273971458911 1.00000 7 
 fake.rf 1440.00000000 51885.76436057366838028 1.00000 7 
 fake.rf 1440.00000000 51895.77166115976545058 1.00000 7 
 fake.rf 1440.00000000 51905.71930318940286497 1.00000 7 
 fake.rf 1440.00000000 51915.70281584455012336 1.00000 7 
 fake.rf 1440.00000000 51925.68541988907264795 1.00000 7 
 fake.rf 1440.00000000 51935.70757293639739061 1.00000 7 
 fake.rf 1440.00000000 51945.62090351724347315 1.00000 7 
 fake.rf 1440.00000000 51955.58647956228904619 1.00000 7 
 fake.rf 1440.00000000 51965.55149689786489375 1.00000 7 
 fake.rf 1440.00000000 51975.52853480031998146 1.00000 7 
 fake.rf 1440.00000000 51985.50474995241209442 1.00000 7 
 fake.rf 1440.00000000 51995.46507912410591246 1.00000 7 
 fake.rf 1440.00000000 52005.45741009630664919 1.00000 7 
 fake.rf 1440.00000000 52015.41680957779341554 1.00000 7 
 fake.rf 1440.00000000 52025.38281934949409546 1.00000 7 
 fake.rf 1440.00000000 52035.38190803568775067 1.00000 7 
 fake.rf 1440.00000000 52045.36873887306896691 1.00000 7 
 fake.rf 1440.00000000 52055.36920863324330000 1.00000 7 
 fake.rf 1440.00000000 52065.28640075327096426 1.00000 7 
 fake.rf 1440.00000000 52075.25418504870322778 1.00000 7 
 fake.rf 1440.00000000 52085.29454343372977121 1.00000 7 
 fake.rf 1440.00000000 52095.21951305646440389 1.00000 7 
 fake.rf 1440.00000000 52105.22568075349021299 1.00000 7 
 fake.rf 1440.00000000 52115.16659010773711103 1.00000 7 
 fake.rf 1440.00000000 52125.17264767655213475 1.00000 7 
 fake.rf 1440.00000000 52135.10605295830725581 1.00000 7 
 fake.rf 1440.00000000 52145.11072811821455630 1.00000 7 
 fake.rf 1440.00000000 52155.08243132726883573 1.00000 7 
 fake.rf 1440.00000000 52165.06323943645671903 1.00000 7 
 fake.rf 1440.00000000 52175.04904056725127859 1.00000 7 
 fake.rf 1440.00000000 52184.97516040649568581 1.00000 7 
 fake.rf 1440.00000000 52194.98197390833366427 1.00000 7 
 fake.rf 1440.00000000 52204.91904664317542029 1.00000 7 
 fake.rf 1440.00000000 52214.90344618286319545 1.00000 7 
 fake.rf 1440.00000000 52224.83774361712440992 1.00000 7 
 fake.rf 1440.00000000 52234.86805779189142029 1.00000 7 
 fake.rf 1440.00000000 52244.81858150428086418 1.00000 7 
 fake.rf 1440.00000000 52254.77684699363067722 1.00000 7 
 fake.rf 1440.00000000 52264.80004170691334053 1.00000 7 
 fake.rf 1440.00000000 52274.74288710002205249 1.00000 7 
 fake.rf 1440.00000000 52284.70549478841110869 1.00000 7 
 fake.rf 1440.00000000 52294.64887553116136232 1.00000 7 
 fake.rf 1440.00000000 52304.66268784036708794 1.00000 7 
 fake.rf 1440.00000000 52314.64493076857675646 1.00000 7 
 fake.rf 1440.00000000 52324.57501534880513461 1.00000 7 
 fake.rf 1440.00000000 52334.58214198282287555 1.00000 7 
 fake.rf 1440.00000000 52344.59077781316398514 1.00000 7 
 fake.rf 1440.00000000 52354.53499749450835310 1.00000 7 
 fake.rf 1440.00000000 52364.48656495266095590 1.00000 7 
 fake.rf 1440.00000000 52374.43969703005394223 1.00000 7 
 fake.rf 1440.00000000 52384.46233881022373424 1.00000 7 
 fake.rf 1440.00000000 52394.39823572650146488 1.00000 7 
 fake.rf 1440.00000000 52404.38697513188457933 1.00000 7 
 fake.rf 1440.00000000 52414.35975545001494424 1.00000 7 
 fake.rf 1440.00000000 52424.34719936708239985 1.00000 7 
 fake.rf 1440.00000000 52434.28596747565801905 1.00000 7 
 fake.rf 1440.00000000 52444.30279062843089122 1.00000 7 
 fake.rf 1440.00000000 52454.23888069853723337 1.00000 7 
 fake.rf 1440.00000000 52464.25998968034228298 1.00000 7 
 fake.rf 1440.00000000 52474.20159196476362240 1.00000 7 
 fake.rf 1440.00000000 52484.15078772029935550 1.00000 7 
 fake.rf 1440.00000000 52494.12532062716528358 1.00000 7 
 fake.rf 1440.00000000 52504.10104094873630842 1.00000 7 
 fake.rf 1440.00000000 52514.09794697179985690 1.00000 7 
 fake.rf 1440.00000000 52524.08418391252643431 1.00000 7 
 fake.rf 1440.00000000 52534.02150585174700126 1.00000 7 
 fake.rf 1440.00000000 52543.99269729580025512 1.00000 7 
 fake.rf 1440.00000000 52553.95676196842435957 1.00000 7 
 fake.rf 1440.00000000 52563.96298717630984854 1.00000 7 
 fake.rf 1440.00000000 52573.90134410146144361 1.00000 7 
 fake.rf 1440.00000000 52583.91889195716580829 1.00000 7 
 fake.rf 1440.00000000 52593.83169582038321366 1.00000 7 
 fake.rf 1440.00000000 52603.82407137153122534 1.00000 7 
 fake.rf 1440.00000000 52613.79940245875722837 1.00000 7 
 fake.rf 1440.00000000 52623.80508698344249296 1.00000 7 
 fake.rf 1440.00000000 52633.75485130134245182 1.00000 7 
 fake.rf 1440.00000000 52643.76461333122961506 1.00000 7 
 fake.rf 1440.00000000 52653.72290457278043263 1.00000 7 
 fake.rf 1440.00000000 52663.64419304734160576 1.00000 7 
 fake.rf 1440.00000000 52673.63282699414775934 1.00000 7 
 fake.rf 1440.00000000 52683.65488796800794802 1.00000 7 
 fake.rf 1440.00000000 52693.62612240902931404 1.00000 7 
 fake.rf 1440.00000000 52703.57795758643239736 1.00000 7 
 fake.rf 1440.00000000 52713.53272913564041957 1.00000 7 
 fake.rf 1440.00000000 52723.50404812921695097 1.00000 7 
 fake.rf 1440.00000000 52733.47063157369016650 1.00000 7 
 fake.rf 1440.00000000 52743.47480882458967244 1.00000 7 
 fake.rf 1440.00000000 52753.40692199815079277 1.00000 7 
 fake.rf 1440.00000000 52763.42023350339583843 1.00000 7 
 fake.rf 1440.00000000 52773.38949047005142390 1.00000 7 
 fake.rf 1440.00000000 52783.37384381395352406 1.00000 7 
 fake.rf 1440.00000000 52793.28032176977729151 1.00000 7 
 fake.rf 1440.00000000 52803.33474952075194864 1.00000 7 
 fake.rf 1440.00000000 52813.23879418763434046 1.00000 7 
 fake.rf 1440.00000000 52823.25281584749144059 1.00000 7 
 fake.rf 1440.00000000 52833.23745126377177073 1.00000 7 
 fake.rf 1440.00000000 52843.18945567502737859 1.00000 7 
 fake.rf 1440.00000000 52853.11863964965179008 1.00000 7 
 fake.rf 1440.00000000 52863.09464424010901240 1.00000 7 
 fake.rf 1440.00000000 52873.08017800633811945 1.00000 7 
 fake.rf 1440.00000000 52883.05835677733357159 1.00000 7 
 fake.rf 1440.00000000 52893.07921350636040714 1.00000 7 
 fake.rf 1440.00000000 52903.00485559702281790 1.00000 7 
 fake.rf 1440.00000000 52913.00271403939571258 1.00000 7 
 fake.rf 1440.00000000 52922.94287297439982254 1.00000 7 
 fake.rf 1440.00000000 52932.90150380186490864 1.00000 7 
 fake.rf 1440.00000000 52942.87643097187172714 1.00000 7 
 fake.rf 1440.00000000 52952.85365625513562904 1.00000 7 
 fake.rf 1440.00000000 52962.88121600351834317 1.00000 7 
 fake.rf 1440.00000000 52972.80473590429780018 1.00000 7 
 fake.rf 1440.00000000 52982.79789960443546093 1.00000 7 
 fake.rf 1440.00000000 52992.79149135013407346 1.00000 7 
 fake.rf 1440.00000000 53002.71355008216001536 1.00000 7 
 fake.rf 1440.00000000 53012.68585304939670522 1.00000 7 
 fake.rf 1440.00000000 53022.66152082944464041 1.00000 7 
 fake.rf 1440.00000000 53032.66553602454660776 1.00000 7 
 fake.rf 1440.00000000 53042.63172700216412636 1.00000 7 
 fake.rf 1440.00000000 53052.63887636413826954 1.00000 7 
 fake.rf 1440.00000000 53062.60230904459026391 1.00000 7 
 fake.rf 1440.00000000 53072.52578253232042016 1.00000 7 
 fake.rf 1440.00000000 53082.52949318835764103 1.00000 7 
 fake.rf 1440.00000000 53092.50458351654093647 1.00000 7 
 fake.rf 1440.00000000 53102.44517249945774040 1.00000 7 
 fake.rf 1440.00000000 53112.44728198733190183 1.00000 7 
 fake.rf 1440.00000000 53122.43705456449169944 1.00000 7 
 fake.rf 1440.00000000 53132.41896959145159229 1.00000 7 
 fake.rf 1440.00000000 53142.34968544366416765 1.00000 7 
 fake.rf 1440.00000000 53152.31876686286746292 1.00000 7 
 fake.rf 1440.00000000 53162.34050343478162404 1.00000 7 
 fake.rf 1440.00000000 53172.27452837962050225 1.00000 7 
 fake.rf 1440.00000000 53182.25644789010229729 1.00000 7 
 fake.rf 1440.00000000 53192.20033416919947911 1.00000 7 
 fake.rf 1440.00000000 53202.18251998463030006 1.00000 7 
 fake.rf 1440.00000000 53212.20071943962719985 1.00000 7 
 fake.rf 1440.00000000 53222.16976852044352597 1.00000 7 
 fake.rf 1440.00000000 53232.11941762534188882 1.00000 7 
 fake.rf 1440.00000000 53242.12355210189056720 1.00000 7 
 fake.rf 1440.00000000 53252.09483287611597291 1.00000 7 
 fake.rf 1440.00000000 53262.04901150808306198 1.00000 7 
 fake.rf 1440.00000000 53272.02467672976741042 1.00000 7 
 fake.rf 1440.00000000 53281.94678178884588604 1.00000 7 
 fake.rf 1440.00000000 53291.92142840589100672 1.00000 7 
 fake.rf 1440.00000000 53301.91798970861032814 1.00000 7 
 fake.rf 1440.00000000 53311.87279100413987365 1.00000 7 
 fake.rf 1440.00000000 53321.84704513516636837 1.00000 7 
 fake.rf 1440.00000000 53331.84657846351382204 1.00000 7 
 fake.rf 1440.00000000 53341.83269939121935366 1.00000 7 
 fake.rf 1440.00000000 53351.80044886689278982 1.00000 7 
 fake.rf 1440.00000000 53361.75110247414862741 1.00000 7 
 fake.rf 1440.00000000 53371.72796055494903555 1.00000 7 
 fake.rf 1440.00000000 53381.72982091853619124 1.00000 7 
 fake.rf 1440.00000000 53391.71148962961430584 1.00000 7 
 fake.rf 1440.00000000 53401.69074232806562819 1.00000 7 
 fake.rf 1440.00000000 53411.66049604220008362 1.00000 7 
 fake.rf 1440.00000000 53421.58824518358545319 1.00000 7 
 fake.rf 1440.00000000 53431.58457481388920485 1.00000 7 
 fake.rf 1440.00000000 53441.56354794188416335 1.00000 7 
 fake.rf 1440.00000000 53451.53265051338487623 1.00000 7 
 fake.rf 1440.00000000 53461.52536595096161420 1.00000 7 
 fake.rf 1440.00000000 53471.47004678864436755 1.00000 7 
 fake.rf 1440.00000000 53481.40047839259692708 1.00000 7 
 fake.rf 1440.00000000 53491.40241787774945692 1.00000 7 
 fake.rf 1440.00000000 53501.40162258359017144 1.00000 7 
 fake.rf 1440.00000000 53511.34154453574759103 1.00000 7 
 fake.rf 1440.00000000 53521.30565414308911443 1.00000 7 
 fake.rf 1440.00000000 53531.30121251825082851 1.00000 7 
 fake.rf 1440.00000000 53541.30142110571033243 1.00000 7 
 fake.rf 1440.00000000 53551.21363639168515647 1.00000 7 
 fake.rf 1440.00000000 53561.20777968880344844 1.00000 7 
 fake.rf 1440.00000000 53571.18947106719134865 1.00000 7 
 fake.rf 1440.00000000 53581.18798945496487462 1.00000 7 
 fake.rf 1440.00000000 53591.13154202035166307 1.00000 7 
 fake.rf 1440.00000000 53601.11518448555838390 1.00000 7 
 fake.rf 1440.00000000 53611.05423515812446311 1.00000 7 
 fake.rf 1440.00000000 53621.06322672751601388 1.00000 7 
 fake.rf 1440.00000000 53631.04842744419276812 1.00000 7 
 fake.rf 1440.00000000 53641.01431585509442357 1.00000 7 
 fake.rf 1440.00000000 53650.95339944581669656 1.00000 7 
 fake.rf 1440.00000000 53660.93365381216556642 1.00000 7 
