FORMAT 1
 fake.rf 1440.00000000 50000.94392530046777523 1.00000 7 
 fake.rf 1440.00000000 50010.95377136984281208 1.00000 7 
 fake.rf 1440.00000000 50020.89407398214056499 1.00000 7 
 fake.rf 1440.00000000 50030.86549129809043990 1.00000 7 
 fake.rf 1440.00000000 50040.82875302241960824 1.00000 7 
 fake.rf 1440.00000000 50050.86095666777906743 1.00000 7 
 fake.rf 1440.00000000 50060.82217972920061300 1.00000 7 
 fake.rf 1440.00000000 50070.75879145969321016 1.00000 7 
 fake.rf 1440.00000000 50080.77235840149494450 1.00000 7 
 fake.rf 1440.00000000 50090.72203777346195963 1.00000 7 
 fake.rf 1440.00000000 50100.70111450689795163 1.00000 7 
 fake.rf 1440.00000000 50110.66118736359343089 1.00000 7 
 fake.rf 1440.00000000 50120.65589022026155774 1.00000 7 
 fake.rf 1440.00000000 50130.61620121332785871 1.00000 7 
 fake.rf 1440.00000000 50140.55232782313289519 1.00000 7 
 fake.rf 1440.00000000 50150.52802633777776009 1.00000 7 
 fake.rf 1440.00000000 50160.52409563936313219 1.00000 7 
 fake.rf 1440.00000000 50170.48999251664819710 1.00000 7 
 fake.rf 1440.00000000 50180.51066273853478705 1.00000 7 
 fake.rf 1440.00000000 50190.44457785260865634 1.00000 7 
 fake.rf 1440.00000000 50200.46649589932055591 1.00000 7 
 fake.rf 1440.00000000 50210.42030935636075739 1.00000 7 
 fake.rf 1440.00000000 50220.40180962792743813 1.00000 7 
 fake.rf 1440.00000000 50230.31892655744746534 1.00000 7 
 fake.rf 1440.00000000 50240.34558033474899474 1.00000 7 
 fake.rf 1440.00000000 50250.29792056254115451 1.00000 7 
 fake.rf 1440.00000000 50260.29321241282836397 1.00000 7 
 fake.rf 1440.00000000 50270.26765656737289234 1.00000 7 
 fake.rf 1440.00000000 50280.16617588654088422 1.00000 7 
 fake.rf 1440.00000000 50290.20392719492177136 1.00000 7 
 fake.rf 1440.00000000 50300.15206660445915432 1.00000 7 
 fake.rf 1440.00000000 50310.09758062299880876 1.00000 7 
 fake.rf 1440.00000000 50320.08914896049676457 1.00000 7 
 fake.rf 1440.00000000 50330.08822864868394831 1.00000 7 
 fake.rf 1440.00000000 50340.03246425677276221 1.00000 7 
 fake.rf 1440.00000000 50350.01459866472925953 1.00000 7 
 fake.rf 1440.00000000 50359.98985302441200673 1.00000 7 
 fake.rf 1440.00000000 50369.92261604762830629 1.00000 7 
 fake.rf 1440.00000000 50379.95199986955873683 1.00000 7 
 fake.rf 1440.00000000 50389.88479213150093017 1.00000 7 
 fake.rf 1440.00000000 50399.87787218410203849 1.00000 7 
 fake.rf 1440.00000000 50409.83030381928137231 1.00000 7 
 fake.rf 1440.00000000 50419.83380657114863510 1.00000 7 
 fake.rf 1440.00000000 50429.76556050159142686 1.00000 7 
 fake.rf 1440.00000000 50439.78894069675061473 1.00000 7 
 fake.rf 1440.00000000 50449.75587444905015033 1.00000 7 
 fake.rf 1440.00000000 50459.69063126617641046 1.00000 7 
 fake.rf 1440.00000000 50469.65405175419369144 1.00000 7 
 fake.rf 1440.00000000 50479.69752003404322238 1.00000 7 
 fake.rf 1440.00000000 50489.59691804205997911 1.00000 7 
 fake.rf 1440.00000000 50499.60489130715754769 1.00000 7 
 fake.rf 1440.00000000 50509.61424861848496093 1.00000 7 
 fake.rf 1440.00000000 50519.57809778561991010 1.00000 7 
 fake.rf 1440.00000000 50529.51154235987464247 1.00000 7 
 fake.rf 1440.00000000 50539.46532088293347584 1.00000 7 
 fake.rf 1440.00000000 50549.48312823065240806 1.00000 7 
 fake.rf 1440.00000000 50559.47955069960429597 1.00000 7 
 fake.rf 1440.00000000 50569.45592539100039176 1.00000 7 
 fake.rf 1440.00000000 50579.39214780256225268 1.00000 7 
 fake.rf 1440.00000000 50589.39772730685585600 1.00000 7 
 fake.rf 1440.00000000 50599.35582426458542571 1.00000 7 
 fake.rf 1440.00000000 50609.26749043645124715 1.00000 7 
 fake.rf 1440.00000000 50619.24588830156390884 1.00000 7 
 fake.rf 1440.00000000 50629.22285799386148852 1.00000 7 
 fake.rf 1440.00000000 50639.24424147033559152 1.00000 7 
 fake.rf 1440.00000000 50649.19417925403342906 1.00000 7 
 fake.rf 1440.00000000 50659.18058769186826851 1.00000 7 
 fake.rf 1440.00000000 50669.12119655147513697 1.00000 7 
 fake.rf 1440.00000000 50679.11453502676584648 1.00000 7 
 fake.rf 1440.00000000 50689.07429833270633068 1.00000 7 
 fake.rf 1440.00000000 50699.05833706188105836 1.00000 7 
 fake.rf 1440.00000000 50709.07205993965099111 1.00000 7 
 fake.rf 1440.00000000 50719.01155914997584517 1.00000 7 
 fake.rf 1440.00000000 50728.94307170592539435 1.00000 7 
 fake.rf 1440.00000000 50738.91585281578637279 1.00000 7 
 fake.rf 1440.00000000 50748.90603659607791798 1.00000 7 
 fake.rf 1440.00000000 50758.91512052108788922 1.00000 7 
 fake.rf 1440.00000000 50768.84996274354475077 1.00000 7 
 fake.rf 1440.00000000 50778.83087138773102964 1.00000 7 
 fake.rf 1440.00000000 50788.82739458096566310 1.00000 7 
 fake.rf 1440.00000000 50798.77227249704470324 1.00000 7 
 fake.rf 1440.00000000 50808.78845876983318774 1.00000 7 
 fake.rf 1440.00000000 50818.73831025158052555 1.00000 7 
 fake.rf 1440.00000000 50828.67434169866943705 1.00000 7 
 fake.rf 1440.00000000 50838.65127684095580207 1.00000 7 
 fake.rf 1440.00000000 50848.66554451568665840 1.00000 7 
 fake.rf 1440.00000000 50858.64668762961846582 1.00000 7 
 fake.rf 1440.00000000 50868.56401627378179597 1.00000 7 
 fake.rf 1440.00000000 50878.58196293336512994 1.00000 7 
 fake.rf 1440.00000000 50888.52663277612663251 1.00000 7 
 fake.rf 1440.00000000 50898.47684525971047620 1.00000 7 
 fake.rf 1440.00000000 50908.48019330443106156 1.00000 7 
 fake.rf 1440.00000000 50918.44716693565526811 1.00000 7 
 fake.rf 1440.00000000 50928.40308159753857353 1.00000 7 
 fake.rf 1440.00000000 50938.41070362420314410 1.00000 7 
 fake.rf 1440.00000000 50948.34303178838332471 1.00000 7 
 fake.rf 1440.00000000 50958.35952191575402281 1.00000 7 
 fake.rf 1440.00000000 50968.29752335093431626 1.00000 7 
 fake.rf 1440.00000000 50978.28109806776906865 1.00000 7 
 fake.rf 1440.00000000 50988.23489763387716422 1.00000 7 
 fake.rf 1440.00000000 50998.24330007155295519 1.00000 7 
 fake.rf 1440.00000000 51008.23821787123413785 1.00000 7 
 fake.rf 1440.00000000 51018.14971123577610612 1.00000 7 
 fake.rf 1440.00000000 51028.12491727766933636 1.00000 7 
 fake.rf 1440.00000000 51038.16198529942445461 1.00000 7 
 fake.rf 1440.00000000 51048.07356408121566815 1.00000 7 
 fake.rf 1440.00000000 51058.06625825979635991 1.00000 7 
 fake.rf 1440.00000000 51068.05638118200331022 1.00000 7 
 fake.rf 1440.00000000 51078.01343993524070441 1.00000 7 
 fake.rf 1440.00000000 51088.01434701746063283 1.00000 7 
 fake.rf 1440.00000000 51097.94496410899574457 1.00000 7 
 fake.rf 1440.00000000 51107.95753848086892646 1.00000 7 
 fake.rf 1440.00000000 51117.91860281475548433 1.00000 7 
 fake.rf 1440.00000000 51127.90970909664948607 1.00000 7 
 fake.rf 1440.00000000 51137.88561918364074899 1.00000 7 
 fake.rf 1440.00000000 51147.85092308541396022 1.00000 7 
 fake.rf 1440.00000000 51157.80026797745216172 1.00000 7 
 fake.rf 1440.00000000 51167.78462553739678143 1.00000 7 
 fake.rf 1440.00000000 51177.77789568214589622 1.00000 7 
 fake.rf 1440.00000000 51187.68915831222460611 1.00000 7 
 fake.rf 1440.00000000 51197.72882333653338804 1.00000 7 
 fake.rf 1440.00000000 51207.69961032951524871 1.00000 7 
 fake.rf 1440.00000000 51217.64152528091899441 1.00000 7 
 fake.rf 1440.00000000 51227.59213501523590040 1.00000 7 
 fake.rf 1440.00000000 51237.54614096434628223 1.00000 7 
 fake.rf 1440.00000000 51247.52298229100860283 1.00000 7 
 fake.rf 1440.00000000 51257.51655787787790075 1.00000 7 
 fake.rf 1440.00000000 51267.51435829207706973 1.00000 7 
 fake.rf 1440.00000000 51277.45650537952895931 1.00000 7 
 fake.rf 1440.00000000 51287.46096001267726905 1.00000 7 
 fake.rf 1440.00000000 51297.43986427599345745 1.00000 7 
 fake.rf 1440.00000000 51307.41771818078839829 1.00000 7 
 fake.rf 1440.00000000 51317.36106159233233015 1.00000 7 
 fake.rf 1440.00000000 51327.36209689717858851 1.00000 7 
 fake.rf 1440.00000000 51337.34246111649295230 1.00000 7 
 fake.rf 1440.00000000 51347.26684357765274669 1.00000 7 
 fake.rf 1440.00000000 51357.29009537123725693 1.00000 7 
 fake.rf 1440.00000000 51367.20712476425785908 1.00000 7 
 fake.rf 1440.00000000 51377.23226777764848805 1.00000 7 
 fake.rf 1440.00000000 51387.15654937301278338 1.00000 7 
 fake.rf 1440.00000000 51397.18512346323094420 1.00000 7 
 fake.rf 1440.00000000 51407.08485459951016239 1.00000 7 
 fake.rf 1440.00000000 51417.13234817165445634 1.00000 7 
 fake.rf 1440.00000000 51427.06595769608934532 1.00000 7 
 fake.rf 1440.00000000 51437.06743276619077321 1.00000 7 
 fake.rf 1440.00000000 51447.03480744452408757 1.00000 7 
 fake.rf 1440.00000000 51456.96102509516930823 1.00000 7 
 fake.rf 1440.00000000 51466.93914942229601195 1.00000 7 
 fake.rf 1440.00000000 51476.91818601053414994 1.00000 7 
 fake.rf 1440.00000000 51486.86497816901903946 1.00000 7 
 fake.rf 1440.00000000 51496.86500278401667430 1.00000 7 
 fake.rf 1440.00000000 51506.82767537628245691 1.00000 7 
 fake.rf 1440.00000000 51516.85589223680546667 1.00000 7 
 fake.rf 1440.00000000 51526.82513609823257283 1.00000 7 
 fake.rf 1440.00000000 51536.76572276714281884 1.00000 7 
 fake.rf 1440.00000000 51546.77524993671854148 1.00000 7 
 fake.rf 1440.00000000 51556.74863942798440064 1.00000 7 
 fake.rf 1440.00000000 51566.71010603794863769 1.00000 7 
 fake.rf 1440.00000000 51576.66140461190057920 1.00000 7 
 fake.rf 1440.00000000 51586.60424554751043047 1.00000 7 
 fake.rf 1440.00000000 51596.59747105423074842 1.00000 7 
 fake.rf 1440.00000000 51606.55497819825277972 1.00000 7 
 fake.rf 1440.00000000 51616.58631074320981469 1.00000 7 
 fake.rf 1440.00000000 51626.55018403552506001 1.00000 7 
 fake.rf 1440.00000000 51636.45269747065253085 1.00000 7 
 fake.rf 1440.00000000 51646.49169856077971730 1.00000 7 
 fake.rf 1440.00000000 51656.40725866816452694 1.00000 7 
 fake.rf 1440.00000000 51666.44366160815364353 1.00000 7 
 fake.rf 1440.00000000 51676.34366304364999678 1.00000 7 
 fake.rf 1440.00000000 51686.39500383168491027 1.00000 7 
 fake.rf 1440.00000000 51696.29965933672062661 1.00000 7 
 fake.rf 1440.00000000 51706.33887257515461400 1.00000 7 
 fake.rf 1440.00000000 51716.31724884871783487 1.00000 7 
 fake.rf 1440.00000000 51726.21336885183422183 1.00000 7 
 fake.rf 1440.00000000 51736.21349596748996191 1.00000 7 
 fake.rf 1440.00000000 51746.22065159236370846 1.00000 7 
 fake.rf 1440.00000000 51756.19478401206280083 1.00000 7 
 fake.rf 1440.00000000 51766.14843309004275085 1.00000 7 
 fake.rf 1440.00000000 51776.07768405817529711 1.00000 7 
 fake.rf 1440.00000000 51786.05815739084724214 1.00000 7 
 fake.rf 1440.00000000 51796.06923634868207174 1.00000 7 
 fake.rf 1440.00000000 51806.02581623924107745 1.00000 7 
 fake.rf 1440.00000000 51815.99626643627528821 1.00000 7 
 fake.rf 1440.00000000 51825.97953333918274410 1.00000 7 
 fake.rf 1440.00000000 51835.93266133132953399 1.00000 7 
 fake.rf 1440.00000000 51845.95433597972930784 1.00000 7 
 fake.rf 1440.00000000 51855.89110095725369831 1.00000 7 
 fake.rf 1440.00000000 51865.84492282242982597 1.00000 7 
 fake.rf 1440.00000000 51875.85536836819813900 1.00000 7 
 fake.rf 1440.00000000 51885.77073625287540537 1.00000 7 
 fake.rf 1440.00000000 51895.77803667970045254 1.00000 7 
 fake.rf 1440.00000000 51905.72567884324772791 1.00000 7 
 fake.rf 1440.00000000 51915.70919151138741654 1.00000 7 
 fake.rf 1440.00000000 51925.69179547045300893 1.00000 7 
 fake.rf 1440.00000000 51935.71394858555508378 1.00000 7 
 fake.rf 1440.00000000 51945.62727908217593153 1.00000 7 
 fake.rf 1440.00000000 51955.59285509941366854 1.00000 7 
 fake.rf 1440.00000000 51965.55787258127752892 1.00000 7 
 fake.rf 1440.00000000 51975.53491035334490533 1.00000 7 
 fake.rf 1440.00000000 51985.51112553304545116 1.00000 7 
 fake.rf 1440.00000000 51995.47145477999270113 1.00000 7 
 fake.rf 1440.00000000 52005.46378569910411471 1.00000 7 
 fake.rf 1440.00000000 52015.42318507949485351 1.00000 7 
 fake.rf 1440.00000000 52025.38919496653656438 1.00000 7 
 fake.rf 1440.00000000 52035.38828358115607742 1.00000 7 
 fake.rf 1440.00000000 52045.37511440447115163 1.00000 7 
 fake.rf 1440.00000000 52055.37558432763659866 1.00000 7 
 fake.rf 1440.00000000 52065.29277632739065496 1.00000 7 
 fake.rf 1440.00000000 52075.26056057943690192 1.00000 7 
 fake.rf 1440.00000000 52085.30091909667962113 1.00000 7 
 fake.rf 1440.00000000 52095.22588870505066794 1.00000 7 
 fake.rf 1440.00000000 52105.23205629216654700 1.00000 7 
 fake.rf 1440.00000000 52115.17296564079490295 1.00000 7 
 fake.rf 1440.00000000 52125.17902321531948928 1.00000 7 
 fake.rf 1440.00000000 52135.11242865062521545 1.00000 7 
 fake.rf 1440.00000000 52145.11710373233733762 1.00000 7 
 fake.rf 1440.00000000 52155.08880688475354503 1.00000 7 
 fake.rf 1440.00000000 52165.06961494781375066 1.00000 7 
 fake.rf 1440.00000000 52175.05541624269958945 1.00000 7 
 fake.rf 1440.00000000 52184.98153593184785848 1.00000 7 
 fake.rf 1440.00000000 52194.98834957556859138 1.00000 7 
 fake.rf 1440.00000000 52204.92542229560244138 1.00000 7 
 fake.rf 1440.00000000 52214.90982179349273906 1.00000 7 
 fake.rf 1440.00000000 52224.84411916411781363 1.00000 7 
 fake.rf 1440.00000000 52234.87443344054593553 1.00000 7 
 fake.rf 1440.00000000 52244.82495708087660446 1.00000 7 
 fake.rf 1440.00000000 52254.78322257845560017 1.00000 7 
 fake.rf 1440.00000000 52264.80641724604576126 1.00000 7 
 fake.rf 1440.00000000 52274.74926267283015235 1.00000 7 
 fake.rf 1440.00000000 52284.71187032555893026 1.00000 7 
 fake.rf 1440.00000000 52294.65525111688092608 1.00000 7 
 fake.rf 1440.00000000 52304.66906349490157524 1.00000 7 
 fake.rf 1440.00000000 52314.65130638968195953 1.00000 7 
 fake.rf 1440.00000000 52324.58139094282477188 1.00000 7 
 fake.rf 1440.00000000 52334.58851754790767785 1.00000 7 
 fake.rf 1440.00000000 52344.59715334849878943 1.00000 7 
 fake.rf 1440.00000000 52354.54137305468697150 1.00000 7 
 fake.rf 1440.00000000 52364.49294052262952803 1.00000 7 
 fake.rf 1440.00000000 52374.44607267442497545 1.00000 7 
 fake.rf 1440.00000000 52384.46871430204974729 1.00000 7 
 fake.rf 1440.00000000 52394.40461130447072335 1.00000 7 
 fake.rf 1440.00000000 52404.39335075705516331 1.00000 7 
 fake.rf 1440.00000000 52414.36613097987693166 1.00000 7 
 fake.rf 1440.00000000 52424.35357497872865906 1.00000 7 
 fake.rf 1440.00000000 52434.29234303884837587 1.00000 7 
 fake.rf 1440.00000000 52444.30916631706046616 1.00000 7 
 fake.rf 1440.00000000 52454.24525641696436651 1.00000 7 
 fake.rf 1440.00000000 52464.26636527352002304 1.00000 7 
 fake.rf 1440.00000000 52474.20796765182391042 1.00000 7 
 fake.rf 1440.00000000 52484.15716332712880288 1.00000 7 
 fake.rf 1440.00000000 52494.13169627371694759 1.00000 7 
 fake.rf 1440.00000000 52504.10741661255867285 1.00000 7 
 fake.rf 1440.00000000 52514.10432263393740726 1.00000 7 
 fake.rf 1440.00000000 52524.09055944374760827 1.00000 7 
 fake.rf 1440.00000000 52534.02788147286746323 1.00000 7 
 fake.rf 1440.00000000 52543.99907279367909396 1.00000 7 
 fake.rf 1440.00000000 52553.96313754996742063 1.00000 7 
 fake.rf 1440.00000000 52563.96936279882017828 1.00000 7 
 fake.rf 1440.00000000 52573.90771978376009699 1.00000 7 
 fake.rf 1440.00000000 52583.92526757040227992 1.00000 7 
 fake.rf 1440.00000000 52593.83807145186200316 1.00000 7 
 fake.rf 1440.00000000 52603.83044691836374085 1.00000 7 
 fake.rf 1440.00000000 52613.80577814157178196 1.00000 7 
 fake.rf 1440.00000000 52623.81146249032323681 1.00000 7 
 fake.rf 1440.00000000 52633.76122690547728311 1.00000 7 
 fake.rf 1440.00000000 52643.77098899294752599 1.00000 7 
 fake.rf 1440.00000000 52653.72928021376322505 1.00000 7 
 fake.rf 1440.00000000 52663.65056865219256110 1.00000 7 
 fake.rf 1440.00000000 52673.63920253524675630 1.00000 7 
 fake.rf 1440.00000000 52683.66126363709286551 1.00000 7 
 fake.rf 1440.00000000 52693.63249799744041724 1.00000 7 
 fake.rf 1440.00000000 52703.58433321092599400 1.00000 7 
 fake.rf 1440.00000000 52713.53910475101328004 1.00000 7 
 fake.rf 1440.00000000 52723.51042369263137743 1.00000 7 
 fake.rf 1440.00000000 52733.47700726321068387 1.00000 7 
 fake.rf 1440.00000000 52743.48118449699298438 1.00000 7 
 fake.rf 1440.00000000 52753.41329771521902359 1.00000 7 
 fake.rf 1440.00000000 52763.42660900431750193 1.00000 7 
 fake.rf 1440.00000000 52773.39586616072530134 1.00000 7 
 fake.rf 1440.00000000 52783.38021941643278012 1.00000 7 
 fake.rf 1440.00000000 52793.28669738473169204 1.00000 7 
 fake.rf 1440.00000000 52803.34112508218218096 1.00000 7 
 fake.rf 1440.00000000 52813.24516971945554999 1.00000 7 
 fake.rf 1440.00000000 52823.25919138924301066 1.00000 7 
 fake.rf 1440.00000000 52833.24382688860007207 1.00000 7 
 fake.rf 1440.00000000 52843.19583124886680636 1.00000 7 
 fake.rf 1440.00000000 52853.12501521245080838 1.00000 7 
 fake.rf 1440.00000000 52863.10101978819194812 1.00000 7 
 fake.rf 1440.00000000 52873.08655370540520124 1.00000 7 
 fake.rf 1440.00000000 52883.06473237628740236 1.00000 7 
 fake.rf 1440.00000000 52893.08558905636990133 1.00000 7 
 fake.rf 1440.00000000 52903.01123113835806322 1.00000 7 
 fake.rf 1440.00000000 52913.00908962685828740 1.00000 7 
 fake.rf 1440.00000000 52922.94924851541333055 1.00000 7 
 fake.rf 1440.00000000 52932.90787937363226590 1.00000 7 
 fake.rf 1440.00000000 52942.88280655188417967 1.00000 7 
 fake.rf 1440.00000000 52952.86003187118468816 1.00000 7 
 fake.rf 1440.00000000 52962.88759161018817068 1.00000 7 
 fake.rf 1440.00000000 52972.81111157042024828 1.00000 7 
 fake.rf 1440.00000000 52982.80427514036615477 1.00000 7 
 fake.rf 1440.00000000 52992.79786692012125826 1.00000 7 
 fake.rf 1440.00000000 53002.71992557575367400 1.00000 7 
 fake.rf 1440.00000000 53012.69222870781485213 1.00000 7 
 fake.rf 1440.00000000 53022.66789639905136156 1.00000 7 
 fake.rf 1440.00000000 53032.67191166148639425 1.00000 7 
 fake.rf 1440.00000000 53042.63810270303532235 1.00000 7 
 fake.rf 1440.00000000 53052.64525190335752214 1.00000 7 
 fake.rf 1440.00000000 53062.60868471555591341 1.00000 7 
 fake.rf 1440.00000000 53072.53215806094348395 1.00000 7 
 fake.rf 1440.00000000 53082.53586871393195068 1.00000 7 
 fake.rf 1440.00000000 53092.51095912012590361 1.00000 7 
 fake.rf 1440.00000000 53102.45154815623455136 1.00000 7 
 fake.rf 1440.00000000 53112.45365752225627887 1.00000 7 
 fake.rf 1440.00000000 53122.44343018142017954 1.00000 7 
 fake.rf 1440.00000000 53132.42534518789701536 1.00000 7 
 fake.rf 1440.00000000 53142.35606109949878118 1.00000 7 
 fake.rf 1440.00000000 53152.32514244727014940 1.00000 7 
 fake.rf 1440.00000000 53162.34687914771215489 1.00000 7 
 fake.rf 1440.00000000 53172.28090389631260493 1.00000 7 
 fake.rf 1440.00000000 53182.26282347854938592 1.00000 7 
 fake.rf 1440.00000000 53192.20670984290049432 1.00000 7 
 fake.rf 1440.00000000 53202.18889564910578471 1.00000 7 
 fake.rf 1440.00000000 53212.20709504252449307 1.00000 7 
 fake.rf 1440.00000000 53222.17614417949558003 1.00000 7 
 fake.rf 1440.00000000 53232.12579321189603476 1.00000 7 
 fake.rf 1440.00000000 53242.12992776026172237 1.00000 7 
 fake.rf 1440.00000000 53252.10120844276384844 1.00000 7 
 fake.rf 1440.00000000 53262.05538712452668548 1.00000 7 
 fake.rf 1440.00000000 53272.03105239047055974 1.00000 7 
 fake.rf 1440.00000000 53281.95315737170687953 1.00000 7 
 fake.rf 1440.00000000 53291.92780392823386748 1.00000 7 
 fake.rf 1440.00000000 53301.92436533563482470 1.00000 7 
 fake.rf 1440.00000000 53311.87916666538989574 1.00000 7 
 fake.rf 1440.00000000 53321.85342069836174872 1.00000 7 
 fake.rf 1440.00000000 53331.85295413749172866 1.00000 7 
 fake.rf 1440.00000000 53341.83907503275615625 1.00000 7 
 fake.rf 1440.00000000 53351.80682439012733553 1.00000 7 
 fake.rf 1440.00000000 53361.75747802921224761 1.00000 7 
 fake.rf 1440.00000000 53371.73433608294279651 1.00000 7 
 fake.rf 1440.00000000 53381.73619644242932836 1.00000 7 
 fake.rf 1440.00000000 53391.71786515511377402 1.00000 7 
 fake.rf 1440.00000000 53401.69711788358614868 1.00000 7 
 fake.rf 1440.00000000 53411.66687159784177297 1.00000 7 
 fake.rf 1440.00000000 53421.59462069890281555 1.00000 7 
 fake.rf 1440.00000000 53431.59095046877521185 1.00000 7 
 fake.rf 1440.00000000 53441.56992352793970369 1.00000 7 
 fake.rf 1440.00000000 53451.53902617817316312 1.00000 7 
 fake.rf 1440.00000000 53461.53174159130779231 1.00000 7 
 fake.rf 1440.00000000 53471.47642231784534772 1.00000 7 
 fake.rf 1440.00000000 53481.40685406835181226 1.00000 7 
 fake.rf 1440.00000000 53491.40879345833972636 1.00000 7 
 fake.rf 1440.00000000 53501.40799818029925561 1.00000 7 
 fake.rf 1440.00000000 53511.34792011346713991 1.00000 7 
 fake.rf 1440.00000000 53521.31202983789172123 1.00000 7 
 fake.rf 1440.00000000 53531.30758809243436858 1.00000 7 
 fake.rf 1440.00000000 53541.30779661741641107 1.00000 7 
 fake.rf 1440.00000000 53551.22001191671127174 1.00000 7 
 fake.rf 1440.00000000 53561.21415521642165558 1.00000 7 
 fake.rf 1440.00000000 53571.19584673090101390 1.00000 7 
 fake.rf 1440.00000000 53581.19436499141693986 1.00000 7 
 fake.rf 1440.00000000 53591.13791758478906857 1.00000 7 
 fake.rf 1440.00000000 53601.12156001252725801 1.00000 7 
 fake.rf 1440.00000000 53611.06061073513743054 1.00000 7 
 fake.rf 1440.00000000 53621.06960227115910911 1.00000 7 
 fake.rf 1440.00000000 53631.05480304410799164 1.00000 7 
 fake.rf 1440.00000000 53641.02069154338222745 1.00000 7 
 fake.rf 1440.00000000 53650.95977498834171016 1.00000 7 
 fake.rf 1440.00000000 53660.94002949406173286 1.00000 7 
