FORMAT 1
 fake.rf 1440.00000000 50000.97094646327309420 1.00000 7 
 fake.rf 1440.00000000 50010.98079252649271709 1.00000 7 
 fake.rf 1440.00000000 50020.92109516286013360 1.00000 7 
 fake.rf 1440.00000000 50030.89251243951502346 1.00000 7 
 fake.rf 1440.00000000 50040.85577415988108640 1.00000 7 
 fake.rf 1440.00000000 50050.88797783267290242 1.00000 7 
 fake.rf 1440.00000000 50060.84920089257936127 1.00000 7 
 fake.rf 1440.00000000 50070.78581264577312027 1.00000 7 
 fake.rf 1440.00000000 50080.79937953814219398 1.00000 7 
 fake.rf 1440.00000000 50090.74905894078833413 1.00000 7 
 fake.rf 1440.00000000 50100.72813569492645769 1.00000 7 
 fake.rf 1440.00000000 50110.68820854757376537 1.00000 7 
 fake.rf 1440.00000000 50120.68291139486373353 1.00000 7 
 fake.rf 1440.00000000 50130.64322237953994943 1.00000 7 
 fake.rf 1440.00000000 50140.57934897978123701 1.00000 7 
 fake.rf 1440.00000000 50150.55504753312612465 1.00000 7 
 fake.rf 1440.00000000 50160.55111681298549797 1.00000 7 
 fake.rf 1440.00000000 50170.51701368629670696 1.00000 7 
 fake.rf 1440.00000000 50180.53768387769152071 1.00000 7 
 fake.rf 1440.00000000 50190.47159903325514207 1.00000 7 
 fake.rf 1440.00000000 50200.49351706982567123 1.00000 7 
 fake.rf 1440.00000000 50210.44733056195642362 1.00000 7 
 fake.rf 1440.00000000 50220.42883081093657438 1.00000 7 
 fake.rf 1440.00000000 50230.34594772348368963 1.00000 7 
 fake.rf 1440.00000000 50240.37260149915896079 1.00000 7 
 fake.rf 1440.00000000 50250.32494175386442592 1.00000 7 
 fake.rf 1440.00000000 50260.32023355253348029 1.00000 7 
 fake.rf 1440.00000000 50270.29467769607671102 1.00000 7 
 fake.rf 1440.00000000 50280.19319705397419540 1.00000 7 
 fake.rf 1440.00000000 50290.23094838316531252 1.00000 7 
 fake.rf 1440.00000000 50300.17908773044878856 1.00000 7 
 fake.rf 1440.00000000 50310.12460176513825871 1.00000 7 
 fake.rf 1440.00000000 50320.11617010818159201 1.00000 7 
 fake.rf 1440.00000000 50330.11524979516648415 1.00000 7 
 fake.rf 1440.00000000 50340.05948541350353409 1.00000 7 
 fake.rf 1440.00000000 50350.04161984431771870 1.00000 7 
 fake.rf 1440.00000000 50360.01687420939590112 1.00000 7 
 fake.rf 1440.00000000 50369.94963719114607414 1.00000 7 
 fake.rf 1440.00000000 50379.97902103665268925 1.00000 7 
 fake.rf 1440.00000000 50389.91181331738503957 1.00000 7 
 fake.rf 1440.00000000 50399.90489338018564425 1.00000 7 
 fake.rf 1440.00000000 50409.85732497379791894 1.00000 7 
 fake.rf 1440.00000000 50419.86082770714077483 1.00000 7 
 fake.rf 1440.00000000 50429.79258165807929259 1.00000 7 
 fake.rf 1440.00000000 50439.81596186957690264 1.00000 7 
 fake.rf 1440.00000000 50449.78289558602649123 1.00000 7 
 fake.rf 1440.00000000 50459.71765239892820887 1.00000 7 
 fake.rf 1440.00000000 50469.68107291762770927 1.00000 7 
 fake.rf 1440.00000000 50479.72454118162124459 1.00000 7 
 fake.rf 1440.00000000 50489.62393917091537432 1.00000 7 
 fake.rf 1440.00000000 50499.63191249723922382 1.00000 7 
 fake.rf 1440.00000000 50509.64126980550251034 1.00000 7 
 fake.rf 1440.00000000 50519.60511895309020503 1.00000 7 
 fake.rf 1440.00000000 50529.53856352339276015 1.00000 7 
 fake.rf 1440.00000000 50539.49234206765907018 1.00000 7 
 fake.rf 1440.00000000 50549.51014938075065075 1.00000 7 
 fake.rf 1440.00000000 50559.50657182708419413 1.00000 7 
 fake.rf 1440.00000000 50569.48294651123381982 1.00000 7 
 fake.rf 1440.00000000 50579.41916895444091651 1.00000 7 
 fake.rf 1440.00000000 50589.42474846350545903 1.00000 7 
 fake.rf 1440.00000000 50599.38284546862221092 1.00000 7 
 fake.rf 1440.00000000 50609.29451159669087801 1.00000 7 
 fake.rf 1440.00000000 50619.27290942799539408 1.00000 7 
 fake.rf 1440.00000000 50629.24987911507181337 1.00000 7 
 fake.rf 1440.00000000 50639.27126264657305654 1.00000 7 
 fake.rf 1440.00000000 50649.22120042664034401 1.00000 7 
 fake.rf 1440.00000000 50659.20760887066511202 1.00000 7 
 fake.rf 1440.00000000 50669.14821772406818567 1.00000 7 
 fake.rf 1440.00000000 50679.14155618426076444 1.00000 7 
 fake.rf 1440.00000000 50689.10131945253921870 1.00000 7 
 fake.rf 1440.00000000 50699.08535825519327389 1.00000 7 
 fake.rf 1440.00000000 50709.09908108980734909 1.00000 7 
 fake.rf 1440.00000000 50719.03858031166977582 1.00000 7 
 fake.rf 1440.00000000 50728.97009287218138240 1.00000 7 
 fake.rf 1440.00000000 50738.94287398464764749 1.00000 7 
 fake.rf 1440.00000000 50748.93305774439789246 1.00000 7 
 fake.rf 1440.00000000 50758.94214164603197759 1.00000 7 
 fake.rf 1440.00000000 50768.87698392446725038 1.00000 7 
 fake.rf 1440.00000000 50778.85789255799398489 1.00000 7 
 fake.rf 1440.00000000 50788.85441573430225759 1.00000 7 
 fake.rf 1440.00000000 50798.79929367596531264 1.00000 7 
 fake.rf 1440.00000000 50808.81547993609251890 1.00000 7 
 fake.rf 1440.00000000 50818.76533140490451501 1.00000 7 
 fake.rf 1440.00000000 50828.70136285560590039 1.00000 7 
 fake.rf 1440.00000000 50838.67829802377218940 1.00000 7 
 fake.rf 1440.00000000 50848.69256567152716997 1.00000 7 
 fake.rf 1440.00000000 50858.67370877145431507 1.00000 7 
 fake.rf 1440.00000000 50868.59103742560631645 1.00000 7 
 fake.rf 1440.00000000 50878.60898409333659487 1.00000 7 
 fake.rf 1440.00000000 50888.55365395104758264 1.00000 7 
 fake.rf 1440.00000000 50898.50386641960071543 1.00000 7 
 fake.rf 1440.00000000 50908.50721444380391389 1.00000 7 
 fake.rf 1440.00000000 50918.47418811764981683 1.00000 7 
 fake.rf 1440.00000000 50928.43010274996710152 1.00000 7 
 fake.rf 1440.00000000 50938.43772477520655784 1.00000 7 
 fake.rf 1440.00000000 50948.37005294935630317 1.00000 7 
 fake.rf 1440.00000000 50958.38654307249787578 1.00000 7 
 fake.rf 1440.00000000 50968.32454453684475482 1.00000 7 
 fake.rf 1440.00000000 50978.30811924440350325 1.00000 7 
 fake.rf 1440.00000000 50988.26191878816760550 1.00000 7 
 fake.rf 1440.00000000 50998.27032124196265528 1.00000 7 
 fake.rf 1440.00000000 51008.26523902733985238 1.00000 7 
 fake.rf 1440.00000000 51018.17673243784755854 1.00000 7 
 fake.rf 1440.00000000 51028.15193843052823297 1.00000 7 
 fake.rf 1440.00000000 51038.18900646037213065 1.00000 7 
 fake.rf 1440.00000000 51048.10058528206203476 1.00000 7 
 fake.rf 1440.00000000 51058.09327938762816146 1.00000 7 
 fake.rf 1440.00000000 51068.08340234265459756 1.00000 7 
 fake.rf 1440.00000000 51078.04046106030978791 1.00000 7 
 fake.rf 1440.00000000 51088.04136816417311806 1.00000 7 
 fake.rf 1440.00000000 51097.97198526653190598 1.00000 7 
 fake.rf 1440.00000000 51107.98455962594875501 1.00000 7 
 fake.rf 1440.00000000 51117.94562397106151863 1.00000 7 
 fake.rf 1440.00000000 51127.93673024194428578 1.00000 7 
 fake.rf 1440.00000000 51137.91264034083274126 1.00000 7 
 fake.rf 1440.00000000 51147.87794423885431172 1.00000 7 
 fake.rf 1440.00000000 51157.82728915066931918 1.00000 7 
 fake.rf 1440.00000000 51167.81164666842008870 1.00000 7 
 fake.rf 1440.00000000 51177.80491684523340368 1.00000 7 
 fake.rf 1440.00000000 51187.71617947504233470 1.00000 7 
 fake.rf 1440.00000000 51197.75584453621264203 1.00000 7 
 fake.rf 1440.00000000 51207.72663151245552982 1.00000 7 
 fake.rf 1440.00000000 51217.66854644236871152 1.00000 7 
 fake.rf 1440.00000000 51227.61915619940683086 1.00000 7 
 fake.rf 1440.00000000 51237.57316216554030319 1.00000 7 
 fake.rf 1440.00000000 51247.55000343924969286 1.00000 7 
 fake.rf 1440.00000000 51257.54357905131526607 1.00000 7 
 fake.rf 1440.00000000 51267.54137944046854969 1.00000 7 
 fake.rf 1440.00000000 51277.48352655942551337 1.00000 7 
 fake.rf 1440.00000000 51287.48798115144696297 1.00000 7 
 fake.rf 1440.00000000 51297.46688543170269625 1.00000 7 
 fake.rf 1440.00000000 51307.44473930753357749 1.00000 7 
 fake.rf 1440.00000000 51317.38808275120705815 1.00000 7 
 fake.rf 1440.00000000 51327.38911805132546107 1.00000 7 
 fake.rf 1440.00000000 51337.36948229111904141 1.00000 7 
 fake.rf 1440.00000000 51347.29386474277062291 1.00000 7 
 fake.rf 1440.00000000 51357.31711655894750379 1.00000 7 
 fake.rf 1440.00000000 51367.23414591833194009 1.00000 7 
 fake.rf 1440.00000000 51377.25928895864477752 1.00000 7 
 fake.rf 1440.00000000 51387.18357051480039033 1.00000 7 
 fake.rf 1440.00000000 51397.21214465233869362 1.00000 7 
 fake.rf 1440.00000000 51407.11187578835108525 1.00000 7 
 fake.rf 1440.00000000 51417.15936935021510479 1.00000 7 
 fake.rf 1440.00000000 51427.09297885689459306 1.00000 7 
 fake.rf 1440.00000000 51437.09445392083906157 1.00000 7 
 fake.rf 1440.00000000 51447.06182859865590018 1.00000 7 
 fake.rf 1440.00000000 51456.98804628097153469 1.00000 7 
 fake.rf 1440.00000000 51466.96617057974852472 1.00000 7 
 fake.rf 1440.00000000 51476.94520716196536725 1.00000 7 
 fake.rf 1440.00000000 51486.89199935773130079 1.00000 7 
 fake.rf 1440.00000000 51496.89202390827657396 1.00000 7 
 fake.rf 1440.00000000 51506.85469655197083938 1.00000 7 
 fake.rf 1440.00000000 51516.88291342881114687 1.00000 7 
 fake.rf 1440.00000000 51526.85215725701280576 1.00000 7 
 fake.rf 1440.00000000 51536.79274395331764680 1.00000 7 
 fake.rf 1440.00000000 51546.80227109922759254 1.00000 7 
 fake.rf 1440.00000000 51556.77566058242491565 1.00000 7 
 fake.rf 1440.00000000 51566.73712719028618778 1.00000 7 
 fake.rf 1440.00000000 51576.68842574978119941 1.00000 7 
 fake.rf 1440.00000000 51586.63126667164614148 1.00000 7 
 fake.rf 1440.00000000 51596.62449224388468139 1.00000 7 
 fake.rf 1440.00000000 51606.58199938549564934 1.00000 7 
 fake.rf 1440.00000000 51616.61333189365585383 1.00000 7 
 fake.rf 1440.00000000 51626.57720520199152148 1.00000 7 
 fake.rf 1440.00000000 51636.47971867019858294 1.00000 7 
 fake.rf 1440.00000000 51646.51871973444709241 1.00000 7 
 fake.rf 1440.00000000 51656.43427983952184945 1.00000 7 
 fake.rf 1440.00000000 51666.47068273826945273 1.00000 7 
 fake.rf 1440.00000000 51676.37068419537056130 1.00000 7 
 fake.rf 1440.00000000 51686.42202498714469527 1.00000 7 
 fake.rf 1440.00000000 51696.32668045296244586 1.00000 7 
 fake.rf 1440.00000000 51706.36589374276107378 1.00000 7 
 fake.rf 1440.00000000 51716.34426998564294209 1.00000 7 
 fake.rf 1440.00000000 51726.24039001690568895 1.00000 7 
 fake.rf 1440.00000000 51736.24051712232949995 1.00000 7 
 fake.rf 1440.00000000 51746.24767276867915555 1.00000 7 
 fake.rf 1440.00000000 51756.22180517190163940 1.00000 7 
 fake.rf 1440.00000000 51766.17545426699554412 1.00000 7 
 fake.rf 1440.00000000 51776.10470523339245830 1.00000 7 
 fake.rf 1440.00000000 51786.08517853416773136 1.00000 7 
 fake.rf 1440.00000000 51796.09625751920319914 1.00000 7 
 fake.rf 1440.00000000 51806.05283739198224779 1.00000 7 
 fake.rf 1440.00000000 51816.02328764547503681 1.00000 7 
 fake.rf 1440.00000000 51826.00655448598037722 1.00000 7 
 fake.rf 1440.00000000 51835.95968249770448111 1.00000 7 
 fake.rf 1440.00000000 51845.98135712492219795 1.00000 7 
 fake.rf 1440.00000000 51855.91812212691564099 1.00000 7 
 fake.rf 1440.00000000 51865.87194396545777408 1.00000 7 
 fake.rf 1440.00000000 51875.88238953207384085 1.00000 7 
 fake.rf 1440.00000000 51885.79775742467810673 1.00000 7 
 fake.rf 1440.00000000 51895.80505786905767351 1.00000 7 
 fake.rf 1440.00000000 51905.75269999177909952 1.00000 7 
 fake.rf 1440.00000000 51915.73621268500832571 1.00000 7 
 fake.rf 1440.00000000 51925.71881662766685750 1.00000 7 
 fake.rf 1440.00000000 51935.74096973775446884 1.00000 7 
 fake.rf 1440.00000000 51945.65430024214237292 1.00000 7 
 fake.rf 1440.00000000 51955.61987623368553812 1.00000 7 
 fake.rf 1440.00000000 51965.58489373401948797 1.00000 7 
 fake.rf 1440.00000000 51975.56193151101453154 1.00000 7 
 fake.rf 1440.00000000 51985.53814667340932232 1.00000 7 
 fake.rf 1440.00000000 51995.49847593353918995 1.00000 7 
 fake.rf 1440.00000000 52005.49080687565902892 1.00000 7 
 fake.rf 1440.00000000 52015.45020625488912813 1.00000 7 
 fake.rf 1440.00000000 52025.41621614924839179 1.00000 7 
 fake.rf 1440.00000000 52035.41530478548182259 1.00000 7 
 fake.rf 1440.00000000 52045.40213559799633813 1.00000 7 
 fake.rf 1440.00000000 52055.40260544396888065 1.00000 7 
 fake.rf 1440.00000000 52065.31979747750415299 1.00000 7 
 fake.rf 1440.00000000 52075.28758174717486895 1.00000 7 
 fake.rf 1440.00000000 52085.32794023399040384 1.00000 7 
 fake.rf 1440.00000000 52095.25290986610415445 1.00000 7 
 fake.rf 1440.00000000 52105.25907746650703700 1.00000 7 
 fake.rf 1440.00000000 52115.19998682391553047 1.00000 7 
 fake.rf 1440.00000000 52125.20604439958074749 1.00000 7 
 fake.rf 1440.00000000 52135.13944978550841824 1.00000 7 
 fake.rf 1440.00000000 52145.14412485859730140 1.00000 7 
 fake.rf 1440.00000000 52155.11582806054731520 1.00000 7 
 fake.rf 1440.00000000 52165.09663613989470221 1.00000 7 
 fake.rf 1440.00000000 52175.08243737274971963 1.00000 7 
 fake.rf 1440.00000000 52185.00855711681958127 1.00000 7 
 fake.rf 1440.00000000 52195.01537076963882811 1.00000 7 
 fake.rf 1440.00000000 52204.95244346717760919 1.00000 7 
 fake.rf 1440.00000000 52214.93684295575039300 1.00000 7 
 fake.rf 1440.00000000 52224.87114032545117581 1.00000 7 
 fake.rf 1440.00000000 52234.90145463951872884 1.00000 7 
 fake.rf 1440.00000000 52244.85197824227153518 1.00000 7 
 fake.rf 1440.00000000 52254.81024374707242330 1.00000 7 
 fake.rf 1440.00000000 52264.83343843187443056 1.00000 7 
 fake.rf 1440.00000000 52274.77628383069144746 1.00000 7 
 fake.rf 1440.00000000 52284.73889147259307464 1.00000 7 
 fake.rf 1440.00000000 52294.68227227915435051 1.00000 7 
 fake.rf 1440.00000000 52304.69608467599486801 1.00000 7 
 fake.rf 1440.00000000 52314.67832755730859162 1.00000 7 
 fake.rf 1440.00000000 52324.60841211361932679 1.00000 7 
 fake.rf 1440.00000000 52334.61553868560563885 1.00000 7 
 fake.rf 1440.00000000 52344.62417450572160504 1.00000 7 
 fake.rf 1440.00000000 52354.56839422875609458 1.00000 7 
 fake.rf 1440.00000000 52364.51996167928713888 1.00000 7 
 fake.rf 1440.00000000 52374.47309384895434903 1.00000 7 
 fake.rf 1440.00000000 52384.49573547845007937 1.00000 7 
 fake.rf 1440.00000000 52394.43163245915001625 1.00000 7 
 fake.rf 1440.00000000 52404.42037194238718811 1.00000 7 
 fake.rf 1440.00000000 52414.39315213193964382 1.00000 7 
 fake.rf 1440.00000000 52424.38059617813370039 1.00000 7 
 fake.rf 1440.00000000 52434.31936419152514617 1.00000 7 
 fake.rf 1440.00000000 52444.33618746905714758 1.00000 7 
 fake.rf 1440.00000000 52454.27227756927966240 1.00000 7 
 fake.rf 1440.00000000 52464.29338643441555590 1.00000 7 
 fake.rf 1440.00000000 52474.23498883369334322 1.00000 7 
 fake.rf 1440.00000000 52484.18418450088755378 1.00000 7 
 fake.rf 1440.00000000 52494.15871741572272313 1.00000 7 
 fake.rf 1440.00000000 52504.13443780302477393 1.00000 7 
 fake.rf 1440.00000000 52514.13134380242257748 1.00000 7 
 fake.rf 1440.00000000 52524.11758060301662354 1.00000 7 
 fake.rf 1440.00000000 52534.05490266313525183 1.00000 7 
 fake.rf 1440.00000000 52544.02609397159065452 1.00000 7 
 fake.rf 1440.00000000 52553.99015868722887390 1.00000 7 
 fake.rf 1440.00000000 52563.99638394210756687 1.00000 7 
 fake.rf 1440.00000000 52573.93474094367918426 1.00000 7 
 fake.rf 1440.00000000 52583.95228873530512104 1.00000 7 
 fake.rf 1440.00000000 52593.86509261166884599 1.00000 7 
 fake.rf 1440.00000000 52603.85746808782926465 1.00000 7 
 fake.rf 1440.00000000 52613.83279928077566368 1.00000 7 
 fake.rf 1440.00000000 52623.83848366411658048 1.00000 7 
 fake.rf 1440.00000000 52633.78824803672074140 1.00000 7 
 fake.rf 1440.00000000 52643.79801018397058243 1.00000 7 
 fake.rf 1440.00000000 52653.75630139451634548 1.00000 7 
 fake.rf 1440.00000000 52663.67758979317629198 1.00000 7 
 fake.rf 1440.00000000 52673.66622372963709964 1.00000 7 
 fake.rf 1440.00000000 52683.68828476874014655 1.00000 7 
 fake.rf 1440.00000000 52693.65951916794003651 1.00000 7 
 fake.rf 1440.00000000 52703.61135437534960602 1.00000 7 
 fake.rf 1440.00000000 52713.56612592977192477 1.00000 7 
 fake.rf 1440.00000000 52723.53744483344673810 1.00000 7 
 fake.rf 1440.00000000 52733.50402842681625870 1.00000 7 
 fake.rf 1440.00000000 52743.50820566151323021 1.00000 7 
 fake.rf 1440.00000000 52753.44031885363002488 1.00000 7 
 fake.rf 1440.00000000 52763.45363018169677360 1.00000 7 
 fake.rf 1440.00000000 52773.42288728402280995 1.00000 7 
 fake.rf 1440.00000000 52783.40724057263383884 1.00000 7 
 fake.rf 1440.00000000 52793.31371852566031677 1.00000 7 
 fake.rf 1440.00000000 52803.36814624309196731 1.00000 7 
 fake.rf 1440.00000000 52813.27219087436643008 1.00000 7 
 fake.rf 1440.00000000 52823.28621253293634297 1.00000 7 
 fake.rf 1440.00000000 52833.27084804504342941 1.00000 7 
 fake.rf 1440.00000000 52843.22285237199617924 1.00000 7 
 fake.rf 1440.00000000 52853.15203640784752182 1.00000 7 
 fake.rf 1440.00000000 52863.12804093674619565 1.00000 7 
 fake.rf 1440.00000000 52873.11357485924819599 1.00000 7 
 fake.rf 1440.00000000 52883.09175352802696324 1.00000 7 
 fake.rf 1440.00000000 52893.11261019549836959 1.00000 7 
 fake.rf 1440.00000000 52903.03825230469815111 1.00000 7 
 fake.rf 1440.00000000 52913.03611079267216866 1.00000 7 
 fake.rf 1440.00000000 52922.97626968994879348 1.00000 7 
 fake.rf 1440.00000000 52932.93490052945731961 1.00000 7 
 fake.rf 1440.00000000 52942.90982773235473857 1.00000 7 
 fake.rf 1440.00000000 52952.88705305337466811 1.00000 7 
 fake.rf 1440.00000000 52962.91461279974212673 1.00000 7 
 fake.rf 1440.00000000 52972.83813273649367659 1.00000 7 
 fake.rf 1440.00000000 52982.83129631685800831 1.00000 7 
 fake.rf 1440.00000000 52992.82488808436036720 1.00000 7 
 fake.rf 1440.00000000 53002.74694676208275368 1.00000 7 
 fake.rf 1440.00000000 53012.71924987747343749 1.00000 7 
 fake.rf 1440.00000000 53022.69491755565201530 1.00000 7 
 fake.rf 1440.00000000 53032.69893280339826802 1.00000 7 
 fake.rf 1440.00000000 53042.66512384275316805 1.00000 7 
 fake.rf 1440.00000000 53052.67227307611709008 1.00000 7 
 fake.rf 1440.00000000 53062.63570586741291990 1.00000 7 
 fake.rf 1440.00000000 53072.55917923737134601 1.00000 7 
 fake.rf 1440.00000000 53082.56288990136998507 1.00000 7 
 fake.rf 1440.00000000 53092.53798027600809561 1.00000 7 
 fake.rf 1440.00000000 53102.47856929188039032 1.00000 7 
 fake.rf 1440.00000000 53112.48067871076866098 1.00000 7 
 fake.rf 1440.00000000 53122.47045137319728170 1.00000 7 
 fake.rf 1440.00000000 53132.45236638489387460 1.00000 7 
 fake.rf 1440.00000000 53142.38308225290406384 1.00000 7 
 fake.rf 1440.00000000 53152.35216363434416564 1.00000 7 
 fake.rf 1440.00000000 53162.37390028353867066 1.00000 7 
 fake.rf 1440.00000000 53172.30792507618660991 1.00000 7 
 fake.rf 1440.00000000 53182.28984468149573672 1.00000 7 
 fake.rf 1440.00000000 53192.23373101526969009 1.00000 7 
 fake.rf 1440.00000000 53202.21591680578395867 1.00000 7 
 fake.rf 1440.00000000 53212.23411618193700079 1.00000 7 
 fake.rf 1440.00000000 53222.20316536341475100 1.00000 7 
 fake.rf 1440.00000000 53232.15281433450561011 1.00000 7 
 fake.rf 1440.00000000 53242.15694891924410470 1.00000 7 
 fake.rf 1440.00000000 53252.12822962038800867 1.00000 7 
 fake.rf 1440.00000000 53262.08240824688541792 1.00000 7 
 fake.rf 1440.00000000 53272.05807355751228727 1.00000 7 
 fake.rf 1440.00000000 53281.98017852426698937 1.00000 7 
 fake.rf 1440.00000000 53291.95482507518649484 1.00000 7 
 fake.rf 1440.00000000 53301.95138652298270188 1.00000 7 
 fake.rf 1440.00000000 53311.90618782224953520 1.00000 7 
 fake.rf 1440.00000000 53321.88044186255696033 1.00000 7 
 fake.rf 1440.00000000 53331.87997526963243899 1.00000 7 
 fake.rf 1440.00000000 53341.86609615757943459 1.00000 7 
 fake.rf 1440.00000000 53351.83384553631908176 1.00000 7 
 fake.rf 1440.00000000 53361.78449922475824962 1.00000 7 
 fake.rf 1440.00000000 53371.76135722509483372 1.00000 7 
 fake.rf 1440.00000000 53381.76321764961165428 1.00000 7 
 fake.rf 1440.00000000 53391.74488631964715424 1.00000 7 
 fake.rf 1440.00000000 53401.72413905524620503 1.00000 7 
 fake.rf 1440.00000000 53411.69389279869285758 1.00000 7 
 fake.rf 1440.00000000 53421.62164186954391099 1.00000 7 
 fake.rf 1440.00000000 53431.61797160770361970 1.00000 7 
 fake.rf 1440.00000000 53441.59694467838295040 1.00000 7 
 fake.rf 1440.00000000 53451.56604731717506951 1.00000 7 
 fake.rf 1440.00000000 53461.55876275455352697 1.00000 7 
 fake.rf 1440.00000000 53471.50344350592297715 1.00000 7 
 fake.rf 1440.00000000 53481.43387527626212830 1.00000 7 
 fake.rf 1440.00000000 53491.43581460446689491 1.00000 7 
 fake.rf 1440.00000000 53501.43501936227821503 1.00000 7 
 fake.rf 1440.00000000 53511.37494127457681259 1.00000 7 
 fake.rf 1440.00000000 53521.33905100941005273 1.00000 7 
 fake.rf 1440.00000000 53531.33460922763796574 1.00000 7 
 fake.rf 1440.00000000 53541.33481778982585197 1.00000 7 
 fake.rf 1440.00000000 53551.24703311267596106 1.00000 7 
 fake.rf 1440.00000000 53561.24117636133519582 1.00000 7 
 fake.rf 1440.00000000 53571.22286793647629466 1.00000 7 
 fake.rf 1440.00000000 53581.22138617365350299 1.00000 7 
 fake.rf 1440.00000000 53591.16493877296956327 1.00000 7 
 fake.rf 1440.00000000 53601.14858118958738231 1.00000 7 
 fake.rf 1440.00000000 53611.08763190733793635 1.00000 7 
 fake.rf 1440.00000000 53621.09662344605337836 1.00000 7 
 fake.rf 1440.00000000 53631.08182422745021611 1.00000 7 
 fake.rf 1440.00000000 53641.04771270801241556 1.00000 7 
 fake.rf 1440.00000000 53650.98679612685050344 1.00000 7 
 fake.rf 1440.00000000 53660.96705065409579660 1.00000 7 
