FORMAT 1
 fake.rf 1440.00000000 49999.98647846800716010 1.00000 7 
 fake.rf 1440.00000000 50009.99632454498171796 1.00000 7 
 fake.rf 1440.00000000 50019.93662716659754253 1.00000 7 
 fake.rf 1440.00000000 50029.90804443791924427 1.00000 7 
 fake.rf 1440.00000000 50039.87130617186670278 1.00000 7 
 fake.rf 1440.00000000 50049.90350983851934785 1.00000 7 
 fake.rf 1440.00000000 50059.86473288281921512 1.00000 7 
 fake.rf 1440.00000000 50069.80134463052772631 1.00000 7 
 fake.rf 1440.00000000 50079.81491154711979874 1.00000 7 
 fake.rf 1440.00000000 50089.76459095008997835 1.00000 7 
 fake.rf 1440.00000000 50099.74366769713711278 1.00000 7 
 fake.rf 1440.00000000 50109.70374052009630361 1.00000 7 
 fake.rf 1440.00000000 50119.69844339452911797 1.00000 7 
 fake.rf 1440.00000000 50129.65875437268988790 1.00000 7 
 fake.rf 1440.00000000 50139.59488097390494232 1.00000 7 
 fake.rf 1440.00000000 50149.57057952497399356 1.00000 7 
 fake.rf 1440.00000000 50159.56664879110945421 1.00000 7 
 fake.rf 1440.00000000 50169.53254571168772813 1.00000 7 
 fake.rf 1440.00000000 50179.55321589898133539 1.00000 7 
 fake.rf 1440.00000000 50189.48713103796107404 1.00000 7 
 fake.rf 1440.00000000 50199.50904905970558190 1.00000 7 
 fake.rf 1440.00000000 50209.46286255151563438 1.00000 7 
 fake.rf 1440.00000000 50219.44436281983068326 1.00000 7 
 fake.rf 1440.00000000 50229.36147971765098674 1.00000 7 
 fake.rf 1440.00000000 50239.38813353140429641 1.00000 7 
 fake.rf 1440.00000000 50249.34047375195269325 1.00000 7 
 fake.rf 1440.00000000 50259.33576557639604587 1.00000 7 
 fake.rf 1440.00000000 50269.31020970537511161 1.00000 7 
 fake.rf 1440.00000000 50279.20872906373526234 1.00000 7 
 fake.rf 1440.00000000 50289.24648038007022421 1.00000 7 
 fake.rf 1440.00000000 50299.19461975966152067 1.00000 7 
 fake.rf 1440.00000000 50309.14013377693165907 1.00000 7 
 fake.rf 1440.00000000 50319.13170213301611611 1.00000 7 
 fake.rf 1440.00000000 50329.13078180084187352 1.00000 7 
 fake.rf 1440.00000000 50339.07501741447547516 1.00000 7 
 fake.rf 1440.00000000 50349.05715185753386720 1.00000 7 
 fake.rf 1440.00000000 50359.03240619429079672 1.00000 7 
 fake.rf 1440.00000000 50368.96516918307298027 1.00000 7 
 fake.rf 1440.00000000 50378.99455305509236069 1.00000 7 
 fake.rf 1440.00000000 50388.92734530101998658 1.00000 7 
 fake.rf 1440.00000000 50398.92042536094912819 1.00000 7 
 fake.rf 1440.00000000 50408.87285696671803592 1.00000 7 
 fake.rf 1440.00000000 50418.87635973842532167 1.00000 7 
 fake.rf 1440.00000000 50428.80811367484775687 1.00000 7 
 fake.rf 1440.00000000 50438.83149387930657070 1.00000 7 
 fake.rf 1440.00000000 50448.79842758983611617 1.00000 7 
 fake.rf 1440.00000000 50458.73318441631972320 1.00000 7 
 fake.rf 1440.00000000 50468.69660491350614961 1.00000 7 
 fake.rf 1440.00000000 50478.74007318425717372 1.00000 7 
 fake.rf 1440.00000000 50488.63947118223778077 1.00000 7 
 fake.rf 1440.00000000 50498.64744449671693971 1.00000 7 
 fake.rf 1440.00000000 50508.65680180045137604 1.00000 7 
 fake.rf 1440.00000000 50518.62065095240278012 1.00000 7 
 fake.rf 1440.00000000 50528.55409552674662876 1.00000 7 
 fake.rf 1440.00000000 50538.50787405385703366 1.00000 7 
 fake.rf 1440.00000000 50548.52568137037863849 1.00000 7 
 fake.rf 1440.00000000 50558.52210385244181623 1.00000 7 
 fake.rf 1440.00000000 50568.49847852675277338 1.00000 7 
 fake.rf 1440.00000000 50578.43470097249935336 1.00000 7 
 fake.rf 1440.00000000 50588.44028045290748707 1.00000 7 
 fake.rf 1440.00000000 50598.39837746900626314 1.00000 7 
 fake.rf 1440.00000000 50608.31004362019855236 1.00000 7 
 fake.rf 1440.00000000 50618.28844145204354987 1.00000 7 
 fake.rf 1440.00000000 50628.26541112387241128 1.00000 7 
 fake.rf 1440.00000000 50638.28679463582875897 1.00000 7 
 fake.rf 1440.00000000 50648.23673243118427933 1.00000 7 
 fake.rf 1440.00000000 50658.22314087154406792 1.00000 7 
 fake.rf 1440.00000000 50668.16374970902213448 1.00000 7 
 fake.rf 1440.00000000 50678.15708817453035806 1.00000 7 
 fake.rf 1440.00000000 50688.11685146769972121 1.00000 7 
 fake.rf 1440.00000000 50698.10089026347360530 1.00000 7 
 fake.rf 1440.00000000 50708.11461308758172351 1.00000 7 
 fake.rf 1440.00000000 50718.05411231906914793 1.00000 7 
 fake.rf 1440.00000000 50727.98562487699469514 1.00000 7 
 fake.rf 1440.00000000 50737.95840596252578791 1.00000 7 
 fake.rf 1440.00000000 50747.94858975144869717 1.00000 7 
 fake.rf 1440.00000000 50757.95767367899229683 1.00000 7 
 fake.rf 1440.00000000 50767.89251591281985299 1.00000 7 
 fake.rf 1440.00000000 50777.87342456199631613 1.00000 7 
 fake.rf 1440.00000000 50787.86994774284688248 1.00000 7 
 fake.rf 1440.00000000 50797.81482565785073291 1.00000 7 
 fake.rf 1440.00000000 50807.83101194028539638 1.00000 7 
 fake.rf 1440.00000000 50817.78086340826133238 1.00000 7 
 fake.rf 1440.00000000 50827.71689484623340505 1.00000 7 
 fake.rf 1440.00000000 50837.69383001459464921 1.00000 7 
 fake.rf 1440.00000000 50847.70809770655675663 1.00000 7 
 fake.rf 1440.00000000 50857.68924076180601190 1.00000 7 
 fake.rf 1440.00000000 50867.60656940813247928 1.00000 7 
 fake.rf 1440.00000000 50877.62451610058644036 1.00000 7 
 fake.rf 1440.00000000 50887.56918594742588979 1.00000 7 
 fake.rf 1440.00000000 50897.51939843636307614 1.00000 7 
 fake.rf 1440.00000000 50907.52274643946329036 1.00000 7 
 fake.rf 1440.00000000 50917.48972012071057947 1.00000 7 
 fake.rf 1440.00000000 50927.44563475161660548 1.00000 7 
 fake.rf 1440.00000000 50937.45325679150865739 1.00000 7 
 fake.rf 1440.00000000 50947.38558498210983316 1.00000 7 
 fake.rf 1440.00000000 50957.40207507025750644 1.00000 7 
 fake.rf 1440.00000000 50967.34007654145733213 1.00000 7 
 fake.rf 1440.00000000 50977.32365123320557743 1.00000 7 
 fake.rf 1440.00000000 50987.27745078932043654 1.00000 7 
 fake.rf 1440.00000000 50997.28585322249249145 1.00000 7 
 fake.rf 1440.00000000 51007.28077105276262415 1.00000 7 
 fake.rf 1440.00000000 51017.19226443715099961 1.00000 7 
 fake.rf 1440.00000000 51027.16747043732755174 1.00000 7 
 fake.rf 1440.00000000 51037.20453845324702158 1.00000 7 
 fake.rf 1440.00000000 51047.11611727840100272 1.00000 7 
 fake.rf 1440.00000000 51057.10881139258770745 1.00000 7 
 fake.rf 1440.00000000 51067.09893434698368253 1.00000 7 
 fake.rf 1440.00000000 51077.05599307598141579 1.00000 7 
 fake.rf 1440.00000000 51087.05690017891458865 1.00000 7 
 fake.rf 1440.00000000 51096.98751729172481717 1.00000 7 
 fake.rf 1440.00000000 51107.00009163788966404 1.00000 7 
 fake.rf 1440.00000000 51116.96115600040007365 1.00000 7 
 fake.rf 1440.00000000 51126.95226224309201513 1.00000 7 
 fake.rf 1440.00000000 51136.92817237312106826 1.00000 7 
 fake.rf 1440.00000000 51146.89347622233559321 1.00000 7 
 fake.rf 1440.00000000 51156.84282114656915041 1.00000 7 
 fake.rf 1440.00000000 51166.82717868022627172 1.00000 7 
 fake.rf 1440.00000000 51176.82044886534287897 1.00000 7 
 fake.rf 1440.00000000 51186.73171144926280363 1.00000 7 
 fake.rf 1440.00000000 51196.77137651862430445 1.00000 7 
 fake.rf 1440.00000000 51206.74216351134062108 1.00000 7 
 fake.rf 1440.00000000 51216.68407846521995097 1.00000 7 
 fake.rf 1440.00000000 51226.63468817757186358 1.00000 7 
 fake.rf 1440.00000000 51236.58869414062584369 1.00000 7 
 fake.rf 1440.00000000 51246.56553546537122301 1.00000 7 
 fake.rf 1440.00000000 51256.55911103591730793 1.00000 7 
 fake.rf 1440.00000000 51266.55691144588122654 1.00000 7 
 fake.rf 1440.00000000 51276.49905855880200178 1.00000 7 
 fake.rf 1440.00000000 51286.50351316489489051 1.00000 7 
 fake.rf 1440.00000000 51296.48241743865403919 1.00000 7 
 fake.rf 1440.00000000 51306.46027134469733255 1.00000 7 
 fake.rf 1440.00000000 51316.40361473754057897 1.00000 7 
 fake.rf 1440.00000000 51326.40465006902551792 1.00000 7 
 fake.rf 1440.00000000 51336.38501431823303278 1.00000 7 
 fake.rf 1440.00000000 51346.30939676345170852 1.00000 7 
 fake.rf 1440.00000000 51356.33264855760878120 1.00000 7 
 fake.rf 1440.00000000 51366.24967791958304986 1.00000 7 
 fake.rf 1440.00000000 51376.27482097091873570 1.00000 7 
 fake.rf 1440.00000000 51386.19910252305393072 1.00000 7 
 fake.rf 1440.00000000 51396.22767663116416159 1.00000 7 
 fake.rf 1440.00000000 51406.12740778478691439 1.00000 7 
 fake.rf 1440.00000000 51416.17490135244211302 1.00000 7 
 fake.rf 1440.00000000 51426.10851083134089379 1.00000 7 
 fake.rf 1440.00000000 51436.10998589237298972 1.00000 7 
 fake.rf 1440.00000000 51446.07736060563654945 1.00000 7 
 fake.rf 1440.00000000 51456.00357828779094760 1.00000 7 
 fake.rf 1440.00000000 51465.98170260542305599 1.00000 7 
 fake.rf 1440.00000000 51475.96073914914419944 1.00000 7 
 fake.rf 1440.00000000 51485.90753137164409736 1.00000 7 
 fake.rf 1440.00000000 51495.90755592330314983 1.00000 7 
 fake.rf 1440.00000000 51505.87022856054496600 1.00000 7 
 fake.rf 1440.00000000 51515.89844543534102073 1.00000 7 
 fake.rf 1440.00000000 51525.86768925421167253 1.00000 7 
 fake.rf 1440.00000000 51535.80827596292467874 1.00000 7 
 fake.rf 1440.00000000 51545.81780311049357124 1.00000 7 
 fake.rf 1440.00000000 51555.79119260651618006 1.00000 7 
 fake.rf 1440.00000000 51565.75265920443820988 1.00000 7 
 fake.rf 1440.00000000 51575.70395774552993373 1.00000 7 
 fake.rf 1440.00000000 51585.64679868421418263 1.00000 7 
 fake.rf 1440.00000000 51595.64002424082143605 1.00000 7 
 fake.rf 1440.00000000 51605.59753138591768007 1.00000 7 
 fake.rf 1440.00000000 51615.62886389436321011 1.00000 7 
 fake.rf 1440.00000000 51625.59273719494187205 1.00000 7 
 fake.rf 1440.00000000 51635.49525066871510859 1.00000 7 
 fake.rf 1440.00000000 51645.53425174459474434 1.00000 7 
 fake.rf 1440.00000000 51655.44981181541027127 1.00000 7 
 fake.rf 1440.00000000 51665.48621476720029122 1.00000 7 
 fake.rf 1440.00000000 51675.38621622856734561 1.00000 7 
 fake.rf 1440.00000000 51685.43755700683346177 1.00000 7 
 fake.rf 1440.00000000 51695.34221247982872427 1.00000 7 
 fake.rf 1440.00000000 51705.38142574200742274 1.00000 7 
 fake.rf 1440.00000000 51715.35980198477483327 1.00000 7 
 fake.rf 1440.00000000 51725.25592202702763700 1.00000 7 
 fake.rf 1440.00000000 51735.25604910291381699 1.00000 7 
 fake.rf 1440.00000000 51745.26320476088286782 1.00000 7 
 fake.rf 1440.00000000 51755.23733718780768953 1.00000 7 
 fake.rf 1440.00000000 51765.19098626699328136 1.00000 7 
 fake.rf 1440.00000000 51775.12023724732341989 1.00000 7 
 fake.rf 1440.00000000 51785.10071052511863243 1.00000 7 
 fake.rf 1440.00000000 51795.11178953238287548 1.00000 7 
 fake.rf 1440.00000000 51805.06836938265015391 1.00000 7 
 fake.rf 1440.00000000 51815.03881963531962640 1.00000 7 
 fake.rf 1440.00000000 51825.02208649209838498 1.00000 7 
 fake.rf 1440.00000000 51834.97521449958983553 1.00000 7 
 fake.rf 1440.00000000 51844.99688912684604603 1.00000 7 
 fake.rf 1440.00000000 51854.93365412451893803 1.00000 7 
 fake.rf 1440.00000000 51864.88747597728191963 1.00000 7 
 fake.rf 1440.00000000 51874.89792152997130614 1.00000 7 
 fake.rf 1440.00000000 51884.81328943086164784 1.00000 7 
 fake.rf 1440.00000000 51894.82058986874029571 1.00000 7 
 fake.rf 1440.00000000 51904.76823197336253202 1.00000 7 
 fake.rf 1440.00000000 51914.75174469492332108 1.00000 7 
 fake.rf 1440.00000000 51924.73434864300958580 1.00000 7 
 fake.rf 1440.00000000 51934.75650170916282633 1.00000 7 
 fake.rf 1440.00000000 51944.66983224046434131 1.00000 7 
 fake.rf 1440.00000000 51954.63540824437619037 1.00000 7 
 fake.rf 1440.00000000 51964.60042576153172789 1.00000 7 
 fake.rf 1440.00000000 51974.57746352559695069 1.00000 7 
 fake.rf 1440.00000000 51984.55367865992682752 1.00000 7 
 fake.rf 1440.00000000 51994.51400796178658226 1.00000 7 
 fake.rf 1440.00000000 52004.50633885255539113 1.00000 7 
 fake.rf 1440.00000000 52014.46573827654598787 1.00000 7 
 fake.rf 1440.00000000 52024.43174815903755359 1.00000 7 
 fake.rf 1440.00000000 52034.43083677824471067 1.00000 7 
 fake.rf 1440.00000000 52044.41766760429207039 1.00000 7 
 fake.rf 1440.00000000 52054.41813746930746021 1.00000 7 
 fake.rf 1440.00000000 52064.33532948458940126 1.00000 7 
 fake.rf 1440.00000000 52074.30311373642622286 1.00000 7 
 fake.rf 1440.00000000 52084.34347225156534478 1.00000 7 
 fake.rf 1440.00000000 52094.26844189473532509 1.00000 7 
 fake.rf 1440.00000000 52104.27460946121161456 1.00000 7 
 fake.rf 1440.00000000 52114.21551883494742086 1.00000 7 
 fake.rf 1440.00000000 52124.22157637842655120 1.00000 7 
 fake.rf 1440.00000000 52134.15498179503990528 1.00000 7 
 fake.rf 1440.00000000 52144.15965686000816248 1.00000 7 
 fake.rf 1440.00000000 52154.13136004094760523 1.00000 7 
 fake.rf 1440.00000000 52164.11216812590211234 1.00000 7 
 fake.rf 1440.00000000 52174.09796938445242631 1.00000 7 
 fake.rf 1440.00000000 52184.02408912032278110 1.00000 7 
 fake.rf 1440.00000000 52194.03090276923666124 1.00000 7 
 fake.rf 1440.00000000 52203.96797545764394144 1.00000 7 
 fake.rf 1440.00000000 52213.95237497173400598 1.00000 7 
 fake.rf 1440.00000000 52223.88667232161359522 1.00000 7 
 fake.rf 1440.00000000 52233.91698664629407389 1.00000 7 
 fake.rf 1440.00000000 52243.86751022837747627 1.00000 7 
 fake.rf 1440.00000000 52253.82577574654903430 1.00000 7 
 fake.rf 1440.00000000 52263.84897043259731220 1.00000 7 
 fake.rf 1440.00000000 52273.79181583597381433 1.00000 7 
 fake.rf 1440.00000000 52283.75442348495258571 1.00000 7 
 fake.rf 1440.00000000 52293.69780431079750471 1.00000 7 
 fake.rf 1440.00000000 52303.71161667616999225 1.00000 7 
 fake.rf 1440.00000000 52313.69385953279704182 1.00000 7 
 fake.rf 1440.00000000 52323.62394409751857438 1.00000 7 
 fake.rf 1440.00000000 52333.63107070345931859 1.00000 7 
 fake.rf 1440.00000000 52343.63970650132079854 1.00000 7 
 fake.rf 1440.00000000 52353.58392621476619766 1.00000 7 
 fake.rf 1440.00000000 52363.53549370409603014 1.00000 7 
 fake.rf 1440.00000000 52373.48862586780893835 1.00000 7 
 fake.rf 1440.00000000 52383.51126749573408503 1.00000 7 
 fake.rf 1440.00000000 52393.44716448166162692 1.00000 7 
 fake.rf 1440.00000000 52403.43590395541088611 1.00000 7 
 fake.rf 1440.00000000 52413.40868414685516186 1.00000 7 
 fake.rf 1440.00000000 52423.39612816977563270 1.00000 7 
 fake.rf 1440.00000000 52433.33489620519383578 1.00000 7 
 fake.rf 1440.00000000 52443.35171949573815198 1.00000 7 
 fake.rf 1440.00000000 52453.28780958389443256 1.00000 7 
 fake.rf 1440.00000000 52463.30891844613605812 1.00000 7 
 fake.rf 1440.00000000 52473.25052082392711483 1.00000 7 
 fake.rf 1440.00000000 52483.19971648156479205 1.00000 7 
 fake.rf 1440.00000000 52493.17424942942319888 1.00000 7 
 fake.rf 1440.00000000 52503.14996980731917020 1.00000 7 
 fake.rf 1440.00000000 52513.14687580323630200 1.00000 7 
 fake.rf 1440.00000000 52523.13311260404905667 1.00000 7 
 fake.rf 1440.00000000 52533.07043465973776364 1.00000 7 
 fake.rf 1440.00000000 52543.04162597429042592 1.00000 7 
 fake.rf 1440.00000000 52553.00569069314275694 1.00000 7 
 fake.rf 1440.00000000 52563.01191594319432809 1.00000 7 
 fake.rf 1440.00000000 52572.95027295180346272 1.00000 7 
 fake.rf 1440.00000000 52582.96782072797448748 1.00000 7 
 fake.rf 1440.00000000 52592.88062461209450404 1.00000 7 
 fake.rf 1440.00000000 52602.87300009975609427 1.00000 7 
 fake.rf 1440.00000000 52612.84833127156993982 1.00000 7 
 fake.rf 1440.00000000 52622.85401567753418206 1.00000 7 
 fake.rf 1440.00000000 52632.80378004728319752 1.00000 7 
 fake.rf 1440.00000000 52642.81354218300928238 1.00000 7 
 fake.rf 1440.00000000 52652.77183339985189292 1.00000 7 
 fake.rf 1440.00000000 52662.69312181628700742 1.00000 7 
 fake.rf 1440.00000000 52672.68175573191456351 1.00000 7 
 fake.rf 1440.00000000 52682.70381677683081634 1.00000 7 
 fake.rf 1440.00000000 52692.67505116910236040 1.00000 7 
 fake.rf 1440.00000000 52702.62688641428925962 1.00000 7 
 fake.rf 1440.00000000 52712.58165794637026735 1.00000 7 
 fake.rf 1440.00000000 52722.55297684602905761 1.00000 7 
 fake.rf 1440.00000000 52732.51956041880021786 1.00000 7 
 fake.rf 1440.00000000 52742.52373767020332096 1.00000 7 
 fake.rf 1440.00000000 52752.45585087136768010 1.00000 7 
 fake.rf 1440.00000000 52762.46916220177755008 1.00000 7 
 fake.rf 1440.00000000 52772.43841930505072568 1.00000 7 
 fake.rf 1440.00000000 52782.42277256408599584 1.00000 7 
 fake.rf 1440.00000000 52792.32925055388728452 1.00000 7 
 fake.rf 1440.00000000 52802.38367826141203665 1.00000 7 
 fake.rf 1440.00000000 52812.28772289494492043 1.00000 7 
 fake.rf 1440.00000000 52822.30174454017483043 1.00000 7 
 fake.rf 1440.00000000 52832.28638004511645576 1.00000 7 
 fake.rf 1440.00000000 52842.23838439121631438 1.00000 7 
 fake.rf 1440.00000000 52852.16756840882394286 1.00000 7 
 fake.rf 1440.00000000 52862.14357294517319730 1.00000 7 
 fake.rf 1440.00000000 52872.12910684411477291 1.00000 7 
 fake.rf 1440.00000000 52882.10728553322513790 1.00000 7 
 fake.rf 1440.00000000 52892.12814220906115281 1.00000 7 
 fake.rf 1440.00000000 52902.05378431832916775 1.00000 7 
 fake.rf 1440.00000000 52912.05164280345922023 1.00000 7 
 fake.rf 1440.00000000 52921.99180167428532329 1.00000 7 
 fake.rf 1440.00000000 52931.95043254334099103 1.00000 7 
 fake.rf 1440.00000000 52941.92535974865866777 1.00000 7 
 fake.rf 1440.00000000 52951.90258503722103356 1.00000 7 
 fake.rf 1440.00000000 52961.93014478811824119 1.00000 7 
 fake.rf 1440.00000000 52971.85366474907121415 1.00000 7 
 fake.rf 1440.00000000 52981.84682831778664891 1.00000 7 
 fake.rf 1440.00000000 52991.84042010936299860 1.00000 7 
 fake.rf 1440.00000000 53001.76247876174902274 1.00000 7 
 fake.rf 1440.00000000 53011.73478189800632165 1.00000 7 
 fake.rf 1440.00000000 53021.71044957146423116 1.00000 7 
 fake.rf 1440.00000000 53031.71446480643458798 1.00000 7 
 fake.rf 1440.00000000 53041.68065584155963421 1.00000 7 
 fake.rf 1440.00000000 53051.68780509363225306 1.00000 7 
 fake.rf 1440.00000000 53061.65123788048495967 1.00000 7 
 fake.rf 1440.00000000 53071.57471122704432531 1.00000 7 
 fake.rf 1440.00000000 53081.57842192558340244 1.00000 7 
 fake.rf 1440.00000000 53091.55351229764488252 1.00000 7 
 fake.rf 1440.00000000 53101.49410128922184526 1.00000 7 
 fake.rf 1440.00000000 53111.49621068239027366 1.00000 7 
 fake.rf 1440.00000000 53121.48598337327424090 1.00000 7 
 fake.rf 1440.00000000 53131.46789837533854595 1.00000 7 
 fake.rf 1440.00000000 53141.39861428929691201 1.00000 7 
 fake.rf 1440.00000000 53151.36769563529794169 1.00000 7 
 fake.rf 1440.00000000 53161.38943229212138419 1.00000 7 
 fake.rf 1440.00000000 53171.32345708350758784 1.00000 7 
 fake.rf 1440.00000000 53181.30537667840899374 1.00000 7 
 fake.rf 1440.00000000 53191.24926300987391770 1.00000 7 
 fake.rf 1440.00000000 53201.23144880026775283 1.00000 7 
 fake.rf 1440.00000000 53211.24964818110976239 1.00000 7 
 fake.rf 1440.00000000 53221.21869734797612495 1.00000 7 
 fake.rf 1440.00000000 53231.16834635134330611 1.00000 7 
 fake.rf 1440.00000000 53241.17248090656531900 1.00000 7 
 fake.rf 1440.00000000 53251.14376160973463570 1.00000 7 
 fake.rf 1440.00000000 53261.09794027565881791 1.00000 7 
 fake.rf 1440.00000000 53271.07360556708058752 1.00000 7 
 fake.rf 1440.00000000 53280.99571054650368751 1.00000 7 
 fake.rf 1440.00000000 53290.97035709987152430 1.00000 7 
 fake.rf 1440.00000000 53300.96691853293708618 1.00000 7 
 fake.rf 1440.00000000 53310.92171983280421088 1.00000 7 
 fake.rf 1440.00000000 53320.89597384997254181 1.00000 7 
 fake.rf 1440.00000000 53330.89550728212517683 1.00000 7 
 fake.rf 1440.00000000 53340.88162816012081535 1.00000 7 
 fake.rf 1440.00000000 53350.84937754736291993 1.00000 7 
 fake.rf 1440.00000000 53360.80003121412337563 1.00000 7 
 fake.rf 1440.00000000 53370.77688924610131238 1.00000 7 
 fake.rf 1440.00000000 53380.77874963538896225 1.00000 7 
 fake.rf 1440.00000000 53390.76041831686675465 1.00000 7 
 fake.rf 1440.00000000 53400.73967107830992873 1.00000 7 
 fake.rf 1440.00000000 53410.70942480804018260 1.00000 7 
 fake.rf 1440.00000000 53420.63717388142451625 1.00000 7 
 fake.rf 1440.00000000 53430.63350361663679422 1.00000 7 
 fake.rf 1440.00000000 53440.61247667744497036 1.00000 7 
 fake.rf 1440.00000000 53450.58157934602201422 1.00000 7 
 fake.rf 1440.00000000 53460.57429477861770550 1.00000 7 
 fake.rf 1440.00000000 53470.51897549340754878 1.00000 7 
 fake.rf 1440.00000000 53480.44940725072504861 1.00000 7 
 fake.rf 1440.00000000 53490.45134661694472200 1.00000 7 
 fake.rf 1440.00000000 53500.45055137413060820 1.00000 7 
 fake.rf 1440.00000000 53510.39047325098726660 1.00000 7 
 fake.rf 1440.00000000 53520.35458301183807706 1.00000 7 
 fake.rf 1440.00000000 53530.35014124057541096 1.00000 7 
 fake.rf 1440.00000000 53540.35034979715273806 1.00000 7 
 fake.rf 1440.00000000 53550.26256509924044025 1.00000 7 
 fake.rf 1440.00000000 53560.25670838325324397 1.00000 7 
 fake.rf 1440.00000000 53570.23839993592908115 1.00000 7 
 fake.rf 1440.00000000 53580.23691819382840151 1.00000 7 
 fake.rf 1440.00000000 53590.18047077511435461 1.00000 7 
 fake.rf 1440.00000000 53600.16411320176231570 1.00000 7 
 fake.rf 1440.00000000 53610.10316390503951212 1.00000 7 
 fake.rf 1440.00000000 53620.11215544327829008 1.00000 7 
 fake.rf 1440.00000000 53630.09735623477434885 1.00000 7 
 fake.rf 1440.00000000 53640.06324470055139031 1.00000 7 
 fake.rf 1440.00000000 53650.00232814372306223 1.00000 7 
 fake.rf 1440.00000000 53659.98258264828964315 1.00000 7 
