FORMAT 1
 fake.rf 1440.00000000 49999.98635243143764484 1.00000 7 
 fake.rf 1440.00000000 50009.99619849569575436 1.00000 7 
 fake.rf 1440.00000000 50019.93650113963833448 1.00000 7 
 fake.rf 1440.00000000 50029.90791841032145726 1.00000 7 
 fake.rf 1440.00000000 50039.87118012726288896 1.00000 7 
 fake.rf 1440.00000000 50049.90338378545492048 1.00000 7 
 fake.rf 1440.00000000 50059.86460683554978601 1.00000 7 
 fake.rf 1440.00000000 50069.80121860350157803 1.00000 7 
 fake.rf 1440.00000000 50079.81478549918467991 1.00000 7 
 fake.rf 1440.00000000 50089.76446490455506222 1.00000 7 
 fake.rf 1440.00000000 50099.74354165457178922 1.00000 7 
 fake.rf 1440.00000000 50109.70361451086581539 1.00000 7 
 fake.rf 1440.00000000 50119.69831738133490973 1.00000 7 
 fake.rf 1440.00000000 50129.65862832141433003 1.00000 7 
 fake.rf 1440.00000000 50139.59475494648422256 1.00000 7 
 fake.rf 1440.00000000 50149.57045347280861947 1.00000 7 
 fake.rf 1440.00000000 50159.56652277440853993 1.00000 7 
 fake.rf 1440.00000000 50169.53241965471616126 1.00000 7 
 fake.rf 1440.00000000 50179.55308984598659094 1.00000 7 
 fake.rf 1440.00000000 50189.48700501511956062 1.00000 7 
 fake.rf 1440.00000000 50199.50892304467263472 1.00000 7 
 fake.rf 1440.00000000 50209.46273650470500272 1.00000 7 
 fake.rf 1440.00000000 50219.44423678278494094 1.00000 7 
 fake.rf 1440.00000000 50229.36135369306688503 1.00000 7 
 fake.rf 1440.00000000 50239.38800749162158965 1.00000 7 
 fake.rf 1440.00000000 50249.34034770722424668 1.00000 7 
 fake.rf 1440.00000000 50259.33563955207676344 1.00000 7 
 fake.rf 1440.00000000 50269.31008367028122308 1.00000 7 
 fake.rf 1440.00000000 50279.20860302158067157 1.00000 7 
 fake.rf 1440.00000000 50289.24635433283252439 1.00000 7 
 fake.rf 1440.00000000 50299.19449369829869312 1.00000 7 
 fake.rf 1440.00000000 50309.14000774020216156 1.00000 7 
 fake.rf 1440.00000000 50319.13157609893240974 1.00000 7 
 fake.rf 1440.00000000 50329.13065578436720315 1.00000 7 
 fake.rf 1440.00000000 50339.07489139801239730 1.00000 7 
 fake.rf 1440.00000000 50349.05702581101671456 1.00000 7 
 fake.rf 1440.00000000 50359.03228016764938602 1.00000 7 
 fake.rf 1440.00000000 50368.96504316481851760 1.00000 7 
 fake.rf 1440.00000000 50378.99442700812269536 1.00000 7 
 fake.rf 1440.00000000 50388.92721926442165170 1.00000 7 
 fake.rf 1440.00000000 50398.92029934169586980 1.00000 7 
 fake.rf 1440.00000000 50408.87273092198600111 1.00000 7 
 fake.rf 1440.00000000 50418.87623370647765597 1.00000 7 
 fake.rf 1440.00000000 50428.80798762410183755 1.00000 7 
 fake.rf 1440.00000000 50438.83136786073630731 1.00000 7 
 fake.rf 1440.00000000 50448.79830155101647904 1.00000 7 
 fake.rf 1440.00000000 50458.73305838733980266 1.00000 7 
 fake.rf 1440.00000000 50468.69647888481481957 1.00000 7 
 fake.rf 1440.00000000 50478.73994713566622039 1.00000 7 
 fake.rf 1440.00000000 50488.63934514396294162 1.00000 7 
 fake.rf 1440.00000000 50498.64731845295980861 1.00000 7 
 fake.rf 1440.00000000 50508.65667576202284650 1.00000 7 
 fake.rf 1440.00000000 50518.62052491069242421 1.00000 7 
 fake.rf 1440.00000000 50528.55396948726182416 1.00000 7 
 fake.rf 1440.00000000 50538.50774801896474031 1.00000 7 
 fake.rf 1440.00000000 50548.52555535147682875 1.00000 7 
 fake.rf 1440.00000000 50558.52197780613938249 1.00000 7 
 fake.rf 1440.00000000 50568.49835251121172774 1.00000 7 
 fake.rf 1440.00000000 50578.43457493974412031 1.00000 7 
 fake.rf 1440.00000000 50588.44015443662965481 1.00000 7 
 fake.rf 1440.00000000 50598.39825143070018854 1.00000 7 
 fake.rf 1440.00000000 50608.30991758405798464 1.00000 7 
 fake.rf 1440.00000000 50618.28831542569152191 1.00000 7 
 fake.rf 1440.00000000 50628.26528509859959470 1.00000 7 
 fake.rf 1440.00000000 50638.28666861526670573 1.00000 7 
 fake.rf 1440.00000000 50648.23660639573503772 1.00000 7 
 fake.rf 1440.00000000 50658.22301481819900459 1.00000 7 
 fake.rf 1440.00000000 50668.16362367533151811 1.00000 7 
 fake.rf 1440.00000000 50678.15696214516775697 1.00000 7 
 fake.rf 1440.00000000 50688.11672543397065027 1.00000 7 
 fake.rf 1440.00000000 50698.10076420129650998 1.00000 7 
 fake.rf 1440.00000000 50708.11448704022231126 1.00000 7 
 fake.rf 1440.00000000 50718.05398627980026660 1.00000 7 
 fake.rf 1440.00000000 50727.98549883420504614 1.00000 7 
 fake.rf 1440.00000000 50737.95827992692535346 1.00000 7 
 fake.rf 1440.00000000 50747.94846373339409595 1.00000 7 
 fake.rf 1440.00000000 50757.95754761976613167 1.00000 7 
 fake.rf 1440.00000000 50767.89238988459156943 1.00000 7 
 fake.rf 1440.00000000 50777.87329851913880319 1.00000 7 
 fake.rf 1440.00000000 50787.86982167758403506 1.00000 7 
 fake.rf 1440.00000000 50797.81469961808186753 1.00000 7 
 fake.rf 1440.00000000 50807.83088589430114368 1.00000 7 
 fake.rf 1440.00000000 50817.78073738208146537 1.00000 7 
 fake.rf 1440.00000000 50827.71676881785916180 1.00000 7 
 fake.rf 1440.00000000 50837.69370400920660913 1.00000 7 
 fake.rf 1440.00000000 50847.70797166081448637 1.00000 7 
 fake.rf 1440.00000000 50857.68911472599297241 1.00000 7 
 fake.rf 1440.00000000 50867.60644337007116889 1.00000 7 
 fake.rf 1440.00000000 50877.62439007122455337 1.00000 7 
 fake.rf 1440.00000000 50887.56905993161757351 1.00000 7 
 fake.rf 1440.00000000 50897.51927239724759744 1.00000 7 
 fake.rf 1440.00000000 50907.52262040087362038 1.00000 7 
 fake.rf 1440.00000000 50917.48959409315912694 1.00000 7 
 fake.rf 1440.00000000 50927.44550870999403358 1.00000 7 
 fake.rf 1440.00000000 50937.45313076623651227 1.00000 7 
 fake.rf 1440.00000000 50947.38545892139189064 1.00000 7 
 fake.rf 1440.00000000 50957.40194904467457704 1.00000 7 
 fake.rf 1440.00000000 50967.33995051592493652 1.00000 7 
 fake.rf 1440.00000000 50977.32352519762764587 1.00000 7 
 fake.rf 1440.00000000 50987.27732475759133735 1.00000 7 
 fake.rf 1440.00000000 50997.28572719714776085 1.00000 7 
 fake.rf 1440.00000000 51007.28064502266325775 1.00000 7 
 fake.rf 1440.00000000 51017.19213838492682100 1.00000 7 
 fake.rf 1440.00000000 51027.16734438062507451 1.00000 7 
 fake.rf 1440.00000000 51037.20441242721927111 1.00000 7 
 fake.rf 1440.00000000 51047.11599125007807487 1.00000 7 
 fake.rf 1440.00000000 51057.10868538433296848 1.00000 7 
 fake.rf 1440.00000000 51067.09880829216317366 1.00000 7 
 fake.rf 1440.00000000 51077.05586704446852409 1.00000 7 
 fake.rf 1440.00000000 51087.05677411881485028 1.00000 7 
 fake.rf 1440.00000000 51096.98739123610961244 1.00000 7 
 fake.rf 1440.00000000 51106.99996560081055463 1.00000 7 
 fake.rf 1440.00000000 51116.96102993838018236 1.00000 7 
 fake.rf 1440.00000000 51126.95213621397310177 1.00000 7 
 fake.rf 1440.00000000 51136.92804633145037840 1.00000 7 
 fake.rf 1440.00000000 51146.89335018206721983 1.00000 7 
 fake.rf 1440.00000000 51156.84269511898226312 1.00000 7 
 fake.rf 1440.00000000 51166.82705265826852070 1.00000 7 
 fake.rf 1440.00000000 51176.82032284659313603 1.00000 7 
 fake.rf 1440.00000000 51186.73158543500115059 1.00000 7 
 fake.rf 1440.00000000 51196.77125050614190727 1.00000 7 
 fake.rf 1440.00000000 51206.74203747440637002 1.00000 7 
 fake.rf 1440.00000000 51216.68395241838988596 1.00000 7 
 fake.rf 1440.00000000 51226.63456215690992224 1.00000 7 
 fake.rf 1440.00000000 51236.58856812443612228 1.00000 7 
 fake.rf 1440.00000000 51246.56540943558387724 1.00000 7 
 fake.rf 1440.00000000 51256.55898499583407713 1.00000 7 
 fake.rf 1440.00000000 51266.55678538500216490 1.00000 7 
 fake.rf 1440.00000000 51276.49893252575077440 1.00000 7 
 fake.rf 1440.00000000 51286.50338712463737068 1.00000 7 
 fake.rf 1440.00000000 51296.48229139774630880 1.00000 7 
 fake.rf 1440.00000000 51306.46014528993947579 1.00000 7 
 fake.rf 1440.00000000 51316.40348872973627792 1.00000 7 
 fake.rf 1440.00000000 51326.40452403078741384 1.00000 7 
 fake.rf 1440.00000000 51336.38488828204138770 1.00000 7 
 fake.rf 1440.00000000 51346.30927073140604477 1.00000 7 
 fake.rf 1440.00000000 51356.33252253139997023 1.00000 7 
 fake.rf 1440.00000000 51366.24955190613146172 1.00000 7 
 fake.rf 1440.00000000 51376.27469493303726011 1.00000 7 
 fake.rf 1440.00000000 51386.19897646215752474 1.00000 7 
 fake.rf 1440.00000000 51396.22755059059378979 1.00000 7 
 fake.rf 1440.00000000 51406.12728175675746556 1.00000 7 
 fake.rf 1440.00000000 51416.17477530826616672 1.00000 7 
 fake.rf 1440.00000000 51426.10838481910399267 1.00000 7 
 fake.rf 1440.00000000 51436.10985985307833346 1.00000 7 
 fake.rf 1440.00000000 51446.07723455967574466 1.00000 7 
 fake.rf 1440.00000000 51456.00345224299060121 1.00000 7 
 fake.rf 1440.00000000 51465.98157656535931892 1.00000 7 
 fake.rf 1440.00000000 51475.96061310404402533 1.00000 7 
 fake.rf 1440.00000000 51485.90740533411479518 1.00000 7 
 fake.rf 1440.00000000 51495.90742988301058602 1.00000 7 
 fake.rf 1440.00000000 51505.87010252949899325 1.00000 7 
 fake.rf 1440.00000000 51515.89831939026605667 1.00000 7 
 fake.rf 1440.00000000 51525.86756322452925616 1.00000 7 
 fake.rf 1440.00000000 51535.80814991360471566 1.00000 7 
 fake.rf 1440.00000000 51545.81767709155514368 1.00000 7 
 fake.rf 1440.00000000 51555.79106654424749223 1.00000 7 
 fake.rf 1440.00000000 51565.75253318150484816 1.00000 7 
 fake.rf 1440.00000000 51575.70383171453406490 1.00000 7 
 fake.rf 1440.00000000 51585.64667263856632218 1.00000 7 
 fake.rf 1440.00000000 51595.63989819711170881 1.00000 7 
 fake.rf 1440.00000000 51605.59740537039862573 1.00000 7 
 fake.rf 1440.00000000 51615.62873785510225844 1.00000 7 
 fake.rf 1440.00000000 51625.59261115066754400 1.00000 7 
 fake.rf 1440.00000000 51635.49512462876170460 1.00000 7 
 fake.rf 1440.00000000 51645.53412570784603020 1.00000 7 
 fake.rf 1440.00000000 51655.44968580523591584 1.00000 7 
 fake.rf 1440.00000000 51665.48608871442811719 1.00000 7 
 fake.rf 1440.00000000 51675.38609017902002662 1.00000 7 
 fake.rf 1440.00000000 51685.43743096031698414 1.00000 7 
 fake.rf 1440.00000000 51695.34208643468701183 1.00000 7 
 fake.rf 1440.00000000 51705.38129967872197312 1.00000 7 
 fake.rf 1440.00000000 51715.35967595192628821 1.00000 7 
 fake.rf 1440.00000000 51725.25579601449808820 1.00000 7 
 fake.rf 1440.00000000 51735.25592309103441124 1.00000 7 
 fake.rf 1440.00000000 51745.26307874693879896 1.00000 7 
 fake.rf 1440.00000000 51755.23721113379118819 1.00000 7 
 fake.rf 1440.00000000 51765.19086025208030932 1.00000 7 
 fake.rf 1440.00000000 51775.12011120182061319 1.00000 7 
 fake.rf 1440.00000000 51785.10058449229575928 1.00000 7 
 fake.rf 1440.00000000 51795.11166348520475822 1.00000 7 
 fake.rf 1440.00000000 51805.06824333090831303 1.00000 7 
 fake.rf 1440.00000000 51815.03869359192011501 1.00000 7 
 fake.rf 1440.00000000 51825.02196044922131080 1.00000 7 
 fake.rf 1440.00000000 51834.97508849011350307 1.00000 7 
 fake.rf 1440.00000000 51844.99676309729732182 1.00000 7 
 fake.rf 1440.00000000 51854.93352809806379966 1.00000 7 
 fake.rf 1440.00000000 51864.88734993693626762 1.00000 7 
 fake.rf 1440.00000000 51874.89779548578576041 1.00000 7 
 fake.rf 1440.00000000 51884.81316340190775094 1.00000 7 
 fake.rf 1440.00000000 51894.82046381935486323 1.00000 7 
 fake.rf 1440.00000000 51904.76810593998815690 1.00000 7 
 fake.rf 1440.00000000 51914.75161863940232365 1.00000 7 
 fake.rf 1440.00000000 51924.73422261503189290 1.00000 7 
 fake.rf 1440.00000000 51934.75637569366742241 1.00000 7 
 fake.rf 1440.00000000 51944.66970617790389042 1.00000 7 
 fake.rf 1440.00000000 51954.63528223500074432 1.00000 7 
 fake.rf 1440.00000000 51964.60029970183954262 1.00000 7 
 fake.rf 1440.00000000 51974.57733748880835734 1.00000 7 
 fake.rf 1440.00000000 51984.55355262880473433 1.00000 7 
 fake.rf 1440.00000000 51994.51388191776035796 1.00000 7 
 fake.rf 1440.00000000 52004.50621282825646219 1.00000 7 
 fake.rf 1440.00000000 52014.46561222399967406 1.00000 7 
 fake.rf 1440.00000000 52024.43162212341572825 1.00000 7 
 fake.rf 1440.00000000 52034.43071073677410254 1.00000 7 
 fake.rf 1440.00000000 52044.41754156840223189 1.00000 7 
 fake.rf 1440.00000000 52054.41801144685936364 1.00000 7 
 fake.rf 1440.00000000 52064.33520343579366596 1.00000 7 
 fake.rf 1440.00000000 52074.30298771701717087 1.00000 7 
 fake.rf 1440.00000000 52084.34334620188573695 1.00000 7 
 fake.rf 1440.00000000 52094.26831583238729451 1.00000 7 
 fake.rf 1440.00000000 52104.27448342915803892 1.00000 7 
 fake.rf 1440.00000000 52114.21539279124779753 1.00000 7 
 fake.rf 1440.00000000 52124.22145033421230664 1.00000 7 
 fake.rf 1440.00000000 52134.15485577540357909 1.00000 7 
 fake.rf 1440.00000000 52144.15953082256989504 1.00000 7 
 fake.rf 1440.00000000 52154.13123400580105127 1.00000 7 
 fake.rf 1440.00000000 52164.11204209110528041 1.00000 7 
 fake.rf 1440.00000000 52174.09784334472517742 1.00000 7 
 fake.rf 1440.00000000 52184.02396309013876063 1.00000 7 
 fake.rf 1440.00000000 52194.03077674309645317 1.00000 7 
 fake.rf 1440.00000000 52203.96784941938881630 1.00000 7 
 fake.rf 1440.00000000 52213.95224894502444002 1.00000 7 
 fake.rf 1440.00000000 52223.88654629215016101 1.00000 7 
 fake.rf 1440.00000000 52233.91686060356978771 1.00000 7 
 fake.rf 1440.00000000 52243.86738419697502067 1.00000 7 
 fake.rf 1440.00000000 52253.82564973530351793 1.00000 7 
 fake.rf 1440.00000000 52263.84884439632105568 1.00000 7 
 fake.rf 1440.00000000 52273.79168982281190381 1.00000 7 
 fake.rf 1440.00000000 52283.75429745384153790 1.00000 7 
 fake.rf 1440.00000000 52293.69767827644665203 1.00000 7 
 fake.rf 1440.00000000 52303.71149065011274004 1.00000 7 
 fake.rf 1440.00000000 52313.69373350096878639 1.00000 7 
 fake.rf 1440.00000000 52323.62381807982934134 1.00000 7 
 fake.rf 1440.00000000 52333.63094467701617063 1.00000 7 
 fake.rf 1440.00000000 52343.63958047095497150 1.00000 7 
 fake.rf 1440.00000000 52353.58380017865059131 1.00000 7 
 fake.rf 1440.00000000 52363.53536765697011290 1.00000 7 
 fake.rf 1440.00000000 52373.48849981152704913 1.00000 7 
 fake.rf 1440.00000000 52383.51114147110194708 1.00000 7 
 fake.rf 1440.00000000 52393.44703842011484340 1.00000 7 
 fake.rf 1440.00000000 52403.43577791962332313 1.00000 7 
 fake.rf 1440.00000000 52413.40855811650540375 1.00000 7 
 fake.rf 1440.00000000 52423.39600211363277182 1.00000 7 
 fake.rf 1440.00000000 52433.33477016627209366 1.00000 7 
 fake.rf 1440.00000000 52443.35159343928478748 1.00000 7 
 fake.rf 1440.00000000 52453.28768354141472940 1.00000 7 
 fake.rf 1440.00000000 52463.30879241693253690 1.00000 7 
 fake.rf 1440.00000000 52473.25039480659295776 1.00000 7 
 fake.rf 1440.00000000 52483.19959043556501399 1.00000 7 
 fake.rf 1440.00000000 52493.17412339967114576 1.00000 7 
 fake.rf 1440.00000000 52503.14984376346805206 1.00000 7 
 fake.rf 1440.00000000 52513.14674979145403810 1.00000 7 
 fake.rf 1440.00000000 52523.13298654783768526 1.00000 7 
 fake.rf 1440.00000000 52533.07030861054881399 1.00000 7 
 fake.rf 1440.00000000 52543.04149993621112102 1.00000 7 
 fake.rf 1440.00000000 52553.00556466763441676 1.00000 7 
 fake.rf 1440.00000000 52563.01178991687131159 1.00000 7 
 fake.rf 1440.00000000 52572.95014690086686215 1.00000 7 
 fake.rf 1440.00000000 52582.96769469102908801 1.00000 7 
 fake.rf 1440.00000000 52592.88049858694608218 1.00000 7 
 fake.rf 1440.00000000 52602.87287405385847094 1.00000 7 
 fake.rf 1440.00000000 52612.84820524374378437 1.00000 7 
 fake.rf 1440.00000000 52622.85388963955855957 1.00000 7 
 fake.rf 1440.00000000 52632.80365401613176601 1.00000 7 
 fake.rf 1440.00000000 52642.81341611971504690 1.00000 7 
 fake.rf 1440.00000000 52652.77170736022196351 1.00000 7 
 fake.rf 1440.00000000 52662.69299579516908594 1.00000 7 
 fake.rf 1440.00000000 52672.68162967849863421 1.00000 7 
 fake.rf 1440.00000000 52682.70369075717475127 1.00000 7 
 fake.rf 1440.00000000 52692.67492511884864825 1.00000 7 
 fake.rf 1440.00000000 52702.62676037033771337 1.00000 7 
 fake.rf 1440.00000000 52712.58153189024494623 1.00000 7 
 fake.rf 1440.00000000 52722.55285080487591998 1.00000 7 
 fake.rf 1440.00000000 52732.51943439830928284 1.00000 7 
 fake.rf 1440.00000000 52742.52361161359951325 1.00000 7 
 fake.rf 1440.00000000 52752.45572484293169779 1.00000 7 
 fake.rf 1440.00000000 52762.46903615363561357 1.00000 7 
 fake.rf 1440.00000000 52772.43829325526184348 1.00000 7 
 fake.rf 1440.00000000 52782.42264654114929101 1.00000 7 
 fake.rf 1440.00000000 52792.32912451873084336 1.00000 7 
 fake.rf 1440.00000000 52802.38355222547641077 1.00000 7 
 fake.rf 1440.00000000 52812.28759685670631185 1.00000 7 
 fake.rf 1440.00000000 52822.30161851816410135 1.00000 7 
 fake.rf 1440.00000000 52832.28625401827408581 1.00000 7 
 fake.rf 1440.00000000 52842.23825836839939996 1.00000 7 
 fake.rf 1440.00000000 52852.16744234810338909 1.00000 7 
 fake.rf 1440.00000000 52862.14344692145665405 1.00000 7 
 fake.rf 1440.00000000 52872.12898081138946438 1.00000 7 
 fake.rf 1440.00000000 52882.10715948504054396 1.00000 7 
 fake.rf 1440.00000000 52892.12801619081499993 1.00000 7 
 fake.rf 1440.00000000 52902.05365828464141131 1.00000 7 
 fake.rf 1440.00000000 52912.05151677062669791 1.00000 7 
 fake.rf 1440.00000000 52921.99167563860239838 1.00000 7 
 fake.rf 1440.00000000 52931.95030650226885172 1.00000 7 
 fake.rf 1440.00000000 52941.92523370746526723 1.00000 7 
 fake.rf 1440.00000000 52951.90245900307576221 1.00000 7 
 fake.rf 1440.00000000 52961.93001876326391297 1.00000 7 
 fake.rf 1440.00000000 52971.85353869484326239 1.00000 7 
 fake.rf 1440.00000000 52981.84670228059331265 1.00000 7 
 fake.rf 1440.00000000 52991.84029407759556918 1.00000 7 
 fake.rf 1440.00000000 53001.76235273761023592 1.00000 7 
 fake.rf 1440.00000000 53011.73465587283116918 1.00000 7 
 fake.rf 1440.00000000 53021.71032353715839847 1.00000 7 
 fake.rf 1440.00000000 53031.71433876640309180 1.00000 7 
 fake.rf 1440.00000000 53041.68052982612368140 1.00000 7 
 fake.rf 1440.00000000 53051.68767905656493511 1.00000 7 
 fake.rf 1440.00000000 53061.65111184454184468 1.00000 7 
 fake.rf 1440.00000000 53071.57458518223002741 1.00000 7 
 fake.rf 1440.00000000 53081.57829585771000680 1.00000 7 
 fake.rf 1440.00000000 53091.55338626757958664 1.00000 7 
 fake.rf 1440.00000000 53101.49397526339943454 1.00000 7 
 fake.rf 1440.00000000 53111.49608466881063862 1.00000 7 
 fake.rf 1440.00000000 53121.48585732392828973 1.00000 7 
 fake.rf 1440.00000000 53131.46777234787547428 1.00000 7 
 fake.rf 1440.00000000 53141.39848822326306177 1.00000 7 
 fake.rf 1440.00000000 53151.36756959212944196 1.00000 7 
 fake.rf 1440.00000000 53161.38930627738294632 1.00000 7 
 fake.rf 1440.00000000 53171.32333103211583136 1.00000 7 
 fake.rf 1440.00000000 53181.30525062620847265 1.00000 7 
 fake.rf 1440.00000000 53191.24913696025710053 1.00000 7 
 fake.rf 1440.00000000 53201.23132277699922454 1.00000 7 
 fake.rf 1440.00000000 53211.24952214344625645 1.00000 7 
 fake.rf 1440.00000000 53221.21857130285397375 1.00000 7 
 fake.rf 1440.00000000 53231.16822033318786822 1.00000 7 
 fake.rf 1440.00000000 53241.17235486824951707 1.00000 7 
 fake.rf 1440.00000000 53251.14363557637384972 1.00000 7 
 fake.rf 1440.00000000 53261.09781421943520741 1.00000 7 
 fake.rf 1440.00000000 53271.07347951506810801 1.00000 7 
 fake.rf 1440.00000000 53280.99558450271579702 1.00000 7 
 fake.rf 1440.00000000 53290.97023105100029738 1.00000 7 
 fake.rf 1440.00000000 53300.96679249247472399 1.00000 7 
 fake.rf 1440.00000000 53310.92159378619291843 1.00000 7 
 fake.rf 1440.00000000 53320.89584782143660036 1.00000 7 
 fake.rf 1440.00000000 53330.89538125215680964 1.00000 7 
 fake.rf 1440.00000000 53340.88150215065342508 1.00000 7 
 fake.rf 1440.00000000 53350.84925150451083198 1.00000 7 
 fake.rf 1440.00000000 53360.79990518536082433 1.00000 7 
 fake.rf 1440.00000000 53370.77676320827885093 1.00000 7 
 fake.rf 1440.00000000 53380.77862360737856662 1.00000 7 
 fake.rf 1440.00000000 53390.76029226797534477 1.00000 7 
 fake.rf 1440.00000000 53400.73954503882364619 1.00000 7 
 fake.rf 1440.00000000 53410.70929875061930758 1.00000 7 
 fake.rf 1440.00000000 53420.63704784294977657 1.00000 7 
 fake.rf 1440.00000000 53430.63337759422665840 1.00000 7 
 fake.rf 1440.00000000 53440.61235063854980254 1.00000 7 
 fake.rf 1440.00000000 53450.58145330455530342 1.00000 7 
 fake.rf 1440.00000000 53460.57416874624333758 1.00000 7 
 fake.rf 1440.00000000 53470.51884946865990145 1.00000 7 
 fake.rf 1440.00000000 53480.44928121033985491 1.00000 7 
 fake.rf 1440.00000000 53490.45122059367914957 1.00000 7 
 fake.rf 1440.00000000 53500.45042532166851856 1.00000 7 
 fake.rf 1440.00000000 53510.39034723331869259 1.00000 7 
 fake.rf 1440.00000000 53520.35445694799035721 1.00000 7 
 fake.rf 1440.00000000 53530.35001519463715880 1.00000 7 
 fake.rf 1440.00000000 53540.35022378830085898 1.00000 7 
 fake.rf 1440.00000000 53550.26243907800058963 1.00000 7 
 fake.rf 1440.00000000 53560.25658233820525567 1.00000 7 
 fake.rf 1440.00000000 53570.23827387687574486 1.00000 7 
 fake.rf 1440.00000000 53580.23679214305813900 1.00000 7 
 fake.rf 1440.00000000 53590.18034471807400720 1.00000 7 
 fake.rf 1440.00000000 53600.16398715608159264 1.00000 7 
 fake.rf 1440.00000000 53610.10303787018528254 1.00000 7 
 fake.rf 1440.00000000 53620.11202940547349627 1.00000 7 
 fake.rf 1440.00000000 53630.09723018256414306 1.00000 7 
 fake.rf 1440.00000000 53640.06311866131024146 1.00000 7 
 fake.rf 1440.00000000 53650.00220210749899863 1.00000 7 
 fake.rf 1440.00000000 53659.98245661119291583 1.00000 7 
