FORMAT 1
 fake.rf 1440.00000000 50000.02134048998684079 1.00000 7 
 fake.rf 1440.00000000 50010.03118654023439760 1.00000 7 
 fake.rf 1440.00000000 50019.97148919075800677 1.00000 7 
 fake.rf 1440.00000000 50029.94290646937744782 1.00000 7 
 fake.rf 1440.00000000 50039.90616817527957494 1.00000 7 
 fake.rf 1440.00000000 50049.93837186732403666 1.00000 7 
 fake.rf 1440.00000000 50059.89959490815201093 1.00000 7 
 fake.rf 1440.00000000 50069.83620665366636260 1.00000 7 
 fake.rf 1440.00000000 50079.84977358406946024 1.00000 7 
 fake.rf 1440.00000000 50089.79945298662017805 1.00000 7 
 fake.rf 1440.00000000 50099.77852971291488160 1.00000 7 
 fake.rf 1440.00000000 50109.73860257566741794 1.00000 7 
 fake.rf 1440.00000000 50119.73330540797276811 1.00000 7 
 fake.rf 1440.00000000 50129.69361639772379036 1.00000 7 
 fake.rf 1440.00000000 50139.62974299013482238 1.00000 7 
 fake.rf 1440.00000000 50149.60544153480447349 1.00000 7 
 fake.rf 1440.00000000 50159.60151082706307335 1.00000 7 
 fake.rf 1440.00000000 50169.56740772484284818 1.00000 7 
 fake.rf 1440.00000000 50179.58807792772066136 1.00000 7 
 fake.rf 1440.00000000 50189.52199308268357214 1.00000 7 
 fake.rf 1440.00000000 50199.54391108752750128 1.00000 7 
 fake.rf 1440.00000000 50209.49772456569152368 1.00000 7 
 fake.rf 1440.00000000 50219.47922484049134795 1.00000 7 
 fake.rf 1440.00000000 50229.39634172307825466 1.00000 7 
 fake.rf 1440.00000000 50239.42299555454601645 1.00000 7 
 fake.rf 1440.00000000 50249.37533578397077250 1.00000 7 
 fake.rf 1440.00000000 50259.37062758861041090 1.00000 7 
 fake.rf 1440.00000000 50269.34507174360791382 1.00000 7 
 fake.rf 1440.00000000 50279.24359108882685376 1.00000 7 
 fake.rf 1440.00000000 50289.28134240676863342 1.00000 7 
 fake.rf 1440.00000000 50299.22948176756343841 1.00000 7 
 fake.rf 1440.00000000 50309.17499579661776821 1.00000 7 
 fake.rf 1440.00000000 50319.16656414620097237 1.00000 7 
 fake.rf 1440.00000000 50329.16564384135712373 1.00000 7 
 fake.rf 1440.00000000 50339.10987945397258514 1.00000 7 
 fake.rf 1440.00000000 50349.09201387248292292 1.00000 7 
 fake.rf 1440.00000000 50359.06726820696147584 1.00000 7 
 fake.rf 1440.00000000 50369.00003121030893283 1.00000 7 
 fake.rf 1440.00000000 50379.02941507133268928 1.00000 7 
 fake.rf 1440.00000000 50388.96220732204912096 1.00000 7 
 fake.rf 1440.00000000 50398.95528738968656413 1.00000 7 
 fake.rf 1440.00000000 50408.90771900270795669 1.00000 7 
 fake.rf 1440.00000000 50418.91122177076950805 1.00000 7 
 fake.rf 1440.00000000 50428.84297567458244060 1.00000 7 
 fake.rf 1440.00000000 50438.86635591846197713 1.00000 7 
 fake.rf 1440.00000000 50448.83328961848788197 1.00000 7 
 fake.rf 1440.00000000 50458.76804641210127755 1.00000 7 
 fake.rf 1440.00000000 50468.73146692366708521 1.00000 7 
 fake.rf 1440.00000000 50478.77493518189807631 1.00000 7 
 fake.rf 1440.00000000 50488.67433319868330344 1.00000 7 
 fake.rf 1440.00000000 50498.68230650663817016 1.00000 7 
 fake.rf 1440.00000000 50508.69166381591458403 1.00000 7 
 fake.rf 1440.00000000 50518.65551296900521194 1.00000 7 
 fake.rf 1440.00000000 50528.58895756829631551 1.00000 7 
 fake.rf 1440.00000000 50538.54273609336708972 1.00000 7 
 fake.rf 1440.00000000 50548.56054339656693841 1.00000 7 
 fake.rf 1440.00000000 50558.55696586201565523 1.00000 7 
 fake.rf 1440.00000000 50568.53334053221199795 1.00000 7 
 fake.rf 1440.00000000 50578.46956297708821992 1.00000 7 
 fake.rf 1440.00000000 50588.47514248872831999 1.00000 7 
 fake.rf 1440.00000000 50598.43323948983086780 1.00000 7 
 fake.rf 1440.00000000 50608.34490563285450548 1.00000 7 
 fake.rf 1440.00000000 50618.32330348472934389 1.00000 7 
 fake.rf 1440.00000000 50628.30027316081793032 1.00000 7 
 fake.rf 1440.00000000 50638.32165667331469905 1.00000 7 
 fake.rf 1440.00000000 50648.27159444168832181 1.00000 7 
 fake.rf 1440.00000000 50658.25800289187316494 1.00000 7 
 fake.rf 1440.00000000 50668.19861176479059495 1.00000 7 
 fake.rf 1440.00000000 50678.19195019369633926 1.00000 7 
 fake.rf 1440.00000000 50688.15171350327645072 1.00000 7 
 fake.rf 1440.00000000 50698.13575228788079841 1.00000 7 
 fake.rf 1440.00000000 50708.14947511807815417 1.00000 7 
 fake.rf 1440.00000000 50718.08897433285191525 1.00000 7 
 fake.rf 1440.00000000 50728.02048688601417226 1.00000 7 
 fake.rf 1440.00000000 50737.99326799569531943 1.00000 7 
 fake.rf 1440.00000000 50747.98345179211618117 1.00000 7 
 fake.rf 1440.00000000 50757.99253568772495981 1.00000 7 
 fake.rf 1440.00000000 50767.92737796893618096 1.00000 7 
 fake.rf 1440.00000000 50777.90828656640452365 1.00000 7 
 fake.rf 1440.00000000 50787.90480976001638425 1.00000 7 
 fake.rf 1440.00000000 50797.84968769610798489 1.00000 7 
 fake.rf 1440.00000000 50807.86587395542809986 1.00000 7 
 fake.rf 1440.00000000 50817.81572542615112198 1.00000 7 
 fake.rf 1440.00000000 50827.75175685233627121 1.00000 7 
 fake.rf 1440.00000000 50837.72869205484201416 1.00000 7 
 fake.rf 1440.00000000 50847.74295973172712237 1.00000 7 
 fake.rf 1440.00000000 50857.72410280678195349 1.00000 7 
 fake.rf 1440.00000000 50867.64143144194250823 1.00000 7 
 fake.rf 1440.00000000 50877.65937814052974986 1.00000 7 
 fake.rf 1440.00000000 50887.60404796844204967 1.00000 7 
 fake.rf 1440.00000000 50897.55426045233085475 1.00000 7 
 fake.rf 1440.00000000 50907.55760848239117777 1.00000 7 
 fake.rf 1440.00000000 50917.52458215176412537 1.00000 7 
 fake.rf 1440.00000000 50927.48049676840977540 1.00000 7 
 fake.rf 1440.00000000 50937.48811882191229827 1.00000 7 
 fake.rf 1440.00000000 50947.42044700540846947 1.00000 7 
 fake.rf 1440.00000000 50957.43693709965228678 1.00000 7 
 fake.rf 1440.00000000 50967.37493857131749309 1.00000 7 
 fake.rf 1440.00000000 50977.35851328594415932 1.00000 7 
 fake.rf 1440.00000000 50987.31231281100433961 1.00000 7 
 fake.rf 1440.00000000 50997.32071527604706063 1.00000 7 
 fake.rf 1440.00000000 51007.31563306770913968 1.00000 7 
 fake.rf 1440.00000000 51017.22712644914591351 1.00000 7 
 fake.rf 1440.00000000 51027.20233246224322343 1.00000 7 
 fake.rf 1440.00000000 51037.23940048105028211 1.00000 7 
 fake.rf 1440.00000000 51047.15097927771412500 1.00000 7 
 fake.rf 1440.00000000 51057.14367340989292288 1.00000 7 
 fake.rf 1440.00000000 51067.13379635373154386 1.00000 7 
 fake.rf 1440.00000000 51077.09085511470316376 1.00000 7 
 fake.rf 1440.00000000 51087.09176218546780035 1.00000 7 
 fake.rf 1440.00000000 51097.02237929040899544 1.00000 7 
 fake.rf 1440.00000000 51107.03495364745977270 1.00000 7 
 fake.rf 1440.00000000 51116.99601801743604312 1.00000 7 
 fake.rf 1440.00000000 51126.98712426556829769 1.00000 7 
 fake.rf 1440.00000000 51136.96303438182375345 1.00000 7 
 fake.rf 1440.00000000 51146.92833824644703355 1.00000 7 
 fake.rf 1440.00000000 51156.87768318383315957 1.00000 7 
 fake.rf 1440.00000000 51166.86204071300456064 1.00000 7 
 fake.rf 1440.00000000 51176.85531090952023092 1.00000 7 
 fake.rf 1440.00000000 51186.76657347226696970 1.00000 7 
 fake.rf 1440.00000000 51196.80623856070565481 1.00000 7 
 fake.rf 1440.00000000 51206.77702552058167740 1.00000 7 
 fake.rf 1440.00000000 51216.71894046774798426 1.00000 7 
 fake.rf 1440.00000000 51226.66955021262095116 1.00000 7 
 fake.rf 1440.00000000 51236.62355616249588408 1.00000 7 
 fake.rf 1440.00000000 51246.60039746522617676 1.00000 7 
 fake.rf 1440.00000000 51256.59397305501707010 1.00000 7 
 fake.rf 1440.00000000 51266.59177343645832536 1.00000 7 
 fake.rf 1440.00000000 51276.53392057933774595 1.00000 7 
 fake.rf 1440.00000000 51286.53837518376186111 1.00000 7 
 fake.rf 1440.00000000 51296.51727943731906478 1.00000 7 
 fake.rf 1440.00000000 51306.49513333782461899 1.00000 7 
 fake.rf 1440.00000000 51316.43847675364739302 1.00000 7 
 fake.rf 1440.00000000 51326.43951209495285326 1.00000 7 
 fake.rf 1440.00000000 51336.41987631716812501 1.00000 7 
 fake.rf 1440.00000000 51346.34425875988956278 1.00000 7 
 fake.rf 1440.00000000 51356.36751057909549090 1.00000 7 
 fake.rf 1440.00000000 51366.28453994236276614 1.00000 7 
 fake.rf 1440.00000000 51376.30968298484213364 1.00000 7 
 fake.rf 1440.00000000 51386.23396452471467910 1.00000 7 
 fake.rf 1440.00000000 51396.26253866298696593 1.00000 7 
 fake.rf 1440.00000000 51406.16226980723894613 1.00000 7 
 fake.rf 1440.00000000 51416.20976337097093634 1.00000 7 
 fake.rf 1440.00000000 51426.14337286432136409 1.00000 7 
 fake.rf 1440.00000000 51436.14484791969650956 1.00000 7 
 fake.rf 1440.00000000 51446.11222262189452081 1.00000 7 
 fake.rf 1440.00000000 51456.03844031029946748 1.00000 7 
 fake.rf 1440.00000000 51466.01656460503070534 1.00000 7 
 fake.rf 1440.00000000 51475.99560117194932829 1.00000 7 
 fake.rf 1440.00000000 51485.94239337986486049 1.00000 7 
 fake.rf 1440.00000000 51495.94241793969673893 1.00000 7 
 fake.rf 1440.00000000 51505.90509056035368474 1.00000 7 
 fake.rf 1440.00000000 51515.93330744825106393 1.00000 7 
 fake.rf 1440.00000000 51525.90255130137550310 1.00000 7 
 fake.rf 1440.00000000 51535.84313796783761674 1.00000 7 
 fake.rf 1440.00000000 51545.85266512857432986 1.00000 7 
 fake.rf 1440.00000000 51555.82605462119101958 1.00000 7 
 fake.rf 1440.00000000 51565.78752123451318568 1.00000 7 
 fake.rf 1440.00000000 51575.73881978697558992 1.00000 7 
 fake.rf 1440.00000000 51585.68166070427015768 1.00000 7 
 fake.rf 1440.00000000 51595.67488626683715225 1.00000 7 
 fake.rf 1440.00000000 51605.63239343423953542 1.00000 7 
 fake.rf 1440.00000000 51615.66372590701525525 1.00000 7 
 fake.rf 1440.00000000 51625.62759921693631071 1.00000 7 
 fake.rf 1440.00000000 51635.53011269739174693 1.00000 7 
 fake.rf 1440.00000000 51645.56911378744196028 1.00000 7 
 fake.rf 1440.00000000 51655.48467383725321156 1.00000 7 
 fake.rf 1440.00000000 51665.52107678831133342 1.00000 7 
 fake.rf 1440.00000000 51675.42107822358358860 1.00000 7 
 fake.rf 1440.00000000 51685.47241903796532725 1.00000 7 
 fake.rf 1440.00000000 51695.37707448709151592 1.00000 7 
 fake.rf 1440.00000000 51705.41628776339990381 1.00000 7 
 fake.rf 1440.00000000 51715.39466402877513929 1.00000 7 
 fake.rf 1440.00000000 51725.29078406740787699 1.00000 7 
 fake.rf 1440.00000000 51735.29091115291612724 1.00000 7 
 fake.rf 1440.00000000 51745.29806678783662832 1.00000 7 
 fake.rf 1440.00000000 51755.27219917929511794 1.00000 7 
 fake.rf 1440.00000000 51765.22584831408464723 1.00000 7 
 fake.rf 1440.00000000 51775.15509925252001011 1.00000 7 
 fake.rf 1440.00000000 51785.13557257063630246 1.00000 7 
 fake.rf 1440.00000000 51795.14665153682208754 1.00000 7 
 fake.rf 1440.00000000 51805.10323140561676425 1.00000 7 
 fake.rf 1440.00000000 51815.07368166392033970 1.00000 7 
 fake.rf 1440.00000000 51825.05694849298424387 1.00000 7 
 fake.rf 1440.00000000 51835.01007652286830663 1.00000 7 
 fake.rf 1440.00000000 51845.03175113881467340 1.00000 7 
 fake.rf 1440.00000000 51854.96851617130550238 1.00000 7 
 fake.rf 1440.00000000 51864.92233800013911704 1.00000 7 
 fake.rf 1440.00000000 51874.93278355640875077 1.00000 7 
 fake.rf 1440.00000000 51884.84815144380140950 1.00000 7 
 fake.rf 1440.00000000 51894.85545188968168873 1.00000 7 
 fake.rf 1440.00000000 51904.80309399460367814 1.00000 7 
 fake.rf 1440.00000000 51914.78660670733925642 1.00000 7 
 fake.rf 1440.00000000 51924.76921065346617823 1.00000 7 
 fake.rf 1440.00000000 51934.79136375526386615 1.00000 7 
 fake.rf 1440.00000000 51944.70469425639963390 1.00000 7 
 fake.rf 1440.00000000 51954.67027027746230772 1.00000 7 
 fake.rf 1440.00000000 51964.63528779272554559 1.00000 7 
 fake.rf 1440.00000000 51974.61232552451723521 1.00000 7 
 fake.rf 1440.00000000 51984.58854070515193158 1.00000 7 
 fake.rf 1440.00000000 51994.54886996552099276 1.00000 7 
 fake.rf 1440.00000000 52004.54120086978981519 1.00000 7 
 fake.rf 1440.00000000 52014.50060027913351846 1.00000 7 
 fake.rf 1440.00000000 52024.46661018031109691 1.00000 7 
 fake.rf 1440.00000000 52034.46569879724957630 1.00000 7 
 fake.rf 1440.00000000 52044.45252960193898062 1.00000 7 
 fake.rf 1440.00000000 52054.45299950722570159 1.00000 7 
 fake.rf 1440.00000000 52064.37019150681283364 1.00000 7 
 fake.rf 1440.00000000 52074.33797576760342452 1.00000 7 
 fake.rf 1440.00000000 52084.37833427136721198 1.00000 7 
 fake.rf 1440.00000000 52094.30330392218101565 1.00000 7 
 fake.rf 1440.00000000 52104.30947146300938400 1.00000 7 
 fake.rf 1440.00000000 52114.25038084587352571 1.00000 7 
 fake.rf 1440.00000000 52124.25643842186797272 1.00000 7 
 fake.rf 1440.00000000 52134.18984384471556837 1.00000 7 
 fake.rf 1440.00000000 52144.19451888926359828 1.00000 7 
 fake.rf 1440.00000000 52154.16622207187164761 1.00000 7 
 fake.rf 1440.00000000 52164.14703014620710775 1.00000 7 
 fake.rf 1440.00000000 52174.13283141910199348 1.00000 7 
 fake.rf 1440.00000000 52184.05895112887562348 1.00000 7 
 fake.rf 1440.00000000 52194.06576479191212670 1.00000 7 
 fake.rf 1440.00000000 52204.00283750338619626 1.00000 7 
 fake.rf 1440.00000000 52213.98723701304740175 1.00000 7 
 fake.rf 1440.00000000 52223.92153435077256773 1.00000 7 
 fake.rf 1440.00000000 52233.95184867555266095 1.00000 7 
 fake.rf 1440.00000000 52243.90237225741480387 1.00000 7 
 fake.rf 1440.00000000 52253.86063779346180169 1.00000 7 
 fake.rf 1440.00000000 52263.88383246360730894 1.00000 7 
 fake.rf 1440.00000000 52273.82667789049514440 1.00000 7 
 fake.rf 1440.00000000 52283.78928549610455789 1.00000 7 
 fake.rf 1440.00000000 52293.73266630118594023 1.00000 7 
 fake.rf 1440.00000000 52303.74647869070760819 1.00000 7 
 fake.rf 1440.00000000 52313.72872155800083860 1.00000 7 
 fake.rf 1440.00000000 52323.65880612736601307 1.00000 7 
 fake.rf 1440.00000000 52333.66593270236967683 1.00000 7 
 fake.rf 1440.00000000 52343.67456853550085683 1.00000 7 
 fake.rf 1440.00000000 52353.61878826311215818 1.00000 7 
 fake.rf 1440.00000000 52363.57035570195766283 1.00000 7 
 fake.rf 1440.00000000 52373.52348788903503873 1.00000 7 
 fake.rf 1440.00000000 52383.54612953217160509 1.00000 7 
 fake.rf 1440.00000000 52393.48202648982466201 1.00000 7 
 fake.rf 1440.00000000 52403.47076595417404477 1.00000 7 
 fake.rf 1440.00000000 52413.44354619557402586 1.00000 7 
 fake.rf 1440.00000000 52423.43099020489881923 1.00000 7 
 fake.rf 1440.00000000 52433.36975823757021331 1.00000 7 
 fake.rf 1440.00000000 52443.38658152074546948 1.00000 7 
 fake.rf 1440.00000000 52453.32267161020305934 1.00000 7 
 fake.rf 1440.00000000 52463.34378047327012240 1.00000 7 
 fake.rf 1440.00000000 52473.28538283757953309 1.00000 7 
 fake.rf 1440.00000000 52483.23457850906224564 1.00000 7 
 fake.rf 1440.00000000 52493.20911144261912185 1.00000 7 
 fake.rf 1440.00000000 52503.18483180006627364 1.00000 7 
 fake.rf 1440.00000000 52513.18173783767640828 1.00000 7 
 fake.rf 1440.00000000 52523.16797460454173674 1.00000 7 
 fake.rf 1440.00000000 52533.10529665890914686 1.00000 7 
 fake.rf 1440.00000000 52543.07648801377155579 1.00000 7 
 fake.rf 1440.00000000 52553.04055271873565758 1.00000 7 
 fake.rf 1440.00000000 52563.04677795407961582 1.00000 7 
 fake.rf 1440.00000000 52572.98513494964556259 1.00000 7 
 fake.rf 1440.00000000 52583.00268276319707184 1.00000 7 
 fake.rf 1440.00000000 52592.91548662346751541 1.00000 7 
 fake.rf 1440.00000000 52602.90786211722756605 1.00000 7 
 fake.rf 1440.00000000 52612.88319330389937178 1.00000 7 
 fake.rf 1440.00000000 52622.88887772299105094 1.00000 7 
 fake.rf 1440.00000000 52632.83864209528266187 1.00000 7 
 fake.rf 1440.00000000 52642.84840421389386478 1.00000 7 
 fake.rf 1440.00000000 52652.80669542034007691 1.00000 7 
 fake.rf 1440.00000000 52662.72798385344801630 1.00000 7 
 fake.rf 1440.00000000 52672.71661773990056332 1.00000 7 
 fake.rf 1440.00000000 52682.73867879286093441 1.00000 7 
 fake.rf 1440.00000000 52692.70991318555795857 1.00000 7 
 fake.rf 1440.00000000 52702.66174842223380992 1.00000 7 
 fake.rf 1440.00000000 52712.61651996214591520 1.00000 7 
 fake.rf 1440.00000000 52722.58783887963576475 1.00000 7 
 fake.rf 1440.00000000 52732.55442243599041774 1.00000 7 
 fake.rf 1440.00000000 52742.55859969118259656 1.00000 7 
 fake.rf 1440.00000000 52752.49071289294632336 1.00000 7 
 fake.rf 1440.00000000 52762.50402419368118601 1.00000 7 
 fake.rf 1440.00000000 52772.47328133161021668 1.00000 7 
 fake.rf 1440.00000000 52782.45763456616212750 1.00000 7 
 fake.rf 1440.00000000 52792.36411257481540460 1.00000 7 
 fake.rf 1440.00000000 52802.41854028122543596 1.00000 7 
 fake.rf 1440.00000000 52812.32258491175174342 1.00000 7 
 fake.rf 1440.00000000 52822.33660656321351823 1.00000 7 
 fake.rf 1440.00000000 52832.32124205868965205 1.00000 7 
 fake.rf 1440.00000000 52842.27324643479019173 1.00000 7 
 fake.rf 1440.00000000 52852.20243042888676754 1.00000 7 
 fake.rf 1440.00000000 52862.17843498266831048 1.00000 7 
 fake.rf 1440.00000000 52872.16396889103455692 1.00000 7 
 fake.rf 1440.00000000 52882.14214752839159317 1.00000 7 
 fake.rf 1440.00000000 52892.16300423773438055 1.00000 7 
 fake.rf 1440.00000000 52902.08864633383554121 1.00000 7 
 fake.rf 1440.00000000 52912.08650484032223460 1.00000 7 
 fake.rf 1440.00000000 52922.02666372663277627 1.00000 7 
 fake.rf 1440.00000000 52931.98529457220250194 1.00000 7 
 fake.rf 1440.00000000 52941.96022174181543818 1.00000 7 
 fake.rf 1440.00000000 52951.93744709343643606 1.00000 7 
 fake.rf 1440.00000000 52961.96500681307850300 1.00000 7 
 fake.rf 1440.00000000 52971.88852677483607678 1.00000 7 
 fake.rf 1440.00000000 52981.88169034714166372 1.00000 7 
 fake.rf 1440.00000000 52991.87528212945664308 1.00000 7 
 fake.rf 1440.00000000 53001.79734081118255062 1.00000 7 
 fake.rf 1440.00000000 53011.76964392456334707 1.00000 7 
 fake.rf 1440.00000000 53021.74531159867006380 1.00000 7 
 fake.rf 1440.00000000 53031.74932684780528902 1.00000 7 
 fake.rf 1440.00000000 53041.71551785648119193 1.00000 7 
 fake.rf 1440.00000000 53051.72266709547952601 1.00000 7 
 fake.rf 1440.00000000 53061.68609991357035938 1.00000 7 
 fake.rf 1440.00000000 53071.60957324824472181 1.00000 7 
 fake.rf 1440.00000000 53081.61328393363662670 1.00000 7 
 fake.rf 1440.00000000 53091.58837431292222320 1.00000 7 
 fake.rf 1440.00000000 53101.52896332643317479 1.00000 7 
 fake.rf 1440.00000000 53111.53107273794831755 1.00000 7 
 fake.rf 1440.00000000 53121.52084540274039881 1.00000 7 
 fake.rf 1440.00000000 53131.50276041599290267 1.00000 7 
 fake.rf 1440.00000000 53141.43347631790642538 1.00000 7 
 fake.rf 1440.00000000 53151.40255765475908944 1.00000 7 
 fake.rf 1440.00000000 53161.42429430786838651 1.00000 7 
 fake.rf 1440.00000000 53171.35831908442377625 1.00000 7 
 fake.rf 1440.00000000 53181.34023867662463658 1.00000 7 
 fake.rf 1440.00000000 53191.28412502344904667 1.00000 7 
 fake.rf 1440.00000000 53201.26631082044329446 1.00000 7 
 fake.rf 1440.00000000 53211.28451020111871372 1.00000 7 
 fake.rf 1440.00000000 53221.25355936591530792 1.00000 7 
 fake.rf 1440.00000000 53231.20320836594200742 1.00000 7 
 fake.rf 1440.00000000 53241.20734295794720481 1.00000 7 
 fake.rf 1440.00000000 53251.17862363157582450 1.00000 7 
 fake.rf 1440.00000000 53261.13280226853909838 1.00000 7 
 fake.rf 1440.00000000 53271.10846759795597194 1.00000 7 
 fake.rf 1440.00000000 53281.03057255952647964 1.00000 7 
 fake.rf 1440.00000000 53291.00521910313473484 1.00000 7 
 fake.rf 1440.00000000 53301.00178052960138331 1.00000 7 
 fake.rf 1440.00000000 53310.95658183881909054 1.00000 7 
 fake.rf 1440.00000000 53320.93083585720785678 1.00000 7 
 fake.rf 1440.00000000 53330.93036929350626352 1.00000 7 
 fake.rf 1440.00000000 53340.91649019991684355 1.00000 7 
 fake.rf 1440.00000000 53350.88423956428601258 1.00000 7 
 fake.rf 1440.00000000 53360.83489325771537537 1.00000 7 
 fake.rf 1440.00000000 53370.81175125762397826 1.00000 7 
 fake.rf 1440.00000000 53380.81361165145707304 1.00000 7 
 fake.rf 1440.00000000 53390.79528035339842518 1.00000 7 
 fake.rf 1440.00000000 53400.77453308211778449 1.00000 7 
 fake.rf 1440.00000000 53410.74428683490602410 1.00000 7 
 fake.rf 1440.00000000 53420.67203587391113828 1.00000 7 
 fake.rf 1440.00000000 53430.66836564801329601 1.00000 7 
 fake.rf 1440.00000000 53440.64733871393478992 1.00000 7 
 fake.rf 1440.00000000 53450.61644136036876063 1.00000 7 
 fake.rf 1440.00000000 53460.60915678211001989 1.00000 7 
 fake.rf 1440.00000000 53470.55383752537427711 1.00000 7 
 fake.rf 1440.00000000 53480.48426930124654533 1.00000 7 
 fake.rf 1440.00000000 53490.48620864609491576 1.00000 7 
 fake.rf 1440.00000000 53500.48541341468373744 1.00000 7 
 fake.rf 1440.00000000 53510.42533526785041076 1.00000 7 
 fake.rf 1440.00000000 53520.38944504120756562 1.00000 7 
 fake.rf 1440.00000000 53530.38500327656288391 1.00000 7 
 fake.rf 1440.00000000 53540.38521183061874709 1.00000 7 
 fake.rf 1440.00000000 53550.29742711178261061 1.00000 7 
 fake.rf 1440.00000000 53560.29157041423245289 1.00000 7 
 fake.rf 1440.00000000 53570.27326194834715523 1.00000 7 
 fake.rf 1440.00000000 53580.27178019092754013 1.00000 7 
 fake.rf 1440.00000000 53590.21533280686981371 1.00000 7 
 fake.rf 1440.00000000 53600.19897522484173891 1.00000 7 
 fake.rf 1440.00000000 53610.13802592499848032 1.00000 7 
 fake.rf 1440.00000000 53620.14701747880022964 1.00000 7 
 fake.rf 1440.00000000 53630.13221825684190591 1.00000 7 
 fake.rf 1440.00000000 53640.09810670549442335 1.00000 7 
 fake.rf 1440.00000000 53650.03719016707897893 1.00000 7 
 fake.rf 1440.00000000 53660.01744465342191148 1.00000 7 
