FORMAT 1
 fake.rf 1440.00000000 50000.07122775232649659 1.00000 7 
 fake.rf 1440.00000000 50010.08107382583042266 1.00000 7 
 fake.rf 1440.00000000 50020.02137646239497570 1.00000 7 
 fake.rf 1440.00000000 50029.99279371914215986 1.00000 7 
 fake.rf 1440.00000000 50039.95605545482453280 1.00000 7 
 fake.rf 1440.00000000 50049.98825910769803116 1.00000 7 
 fake.rf 1440.00000000 50059.94948215855413309 1.00000 7 
 fake.rf 1440.00000000 50069.88609392248242358 1.00000 7 
 fake.rf 1440.00000000 50079.89966082333528874 1.00000 7 
 fake.rf 1440.00000000 50089.84934022696020506 1.00000 7 
 fake.rf 1440.00000000 50099.82841696180661373 1.00000 7 
 fake.rf 1440.00000000 50109.78848982194481820 1.00000 7 
 fake.rf 1440.00000000 50119.78319269118460610 1.00000 7 
 fake.rf 1440.00000000 50129.74350366584393157 1.00000 7 
 fake.rf 1440.00000000 50139.67963025382865538 1.00000 7 
 fake.rf 1440.00000000 50149.65532879736183247 1.00000 7 
 fake.rf 1440.00000000 50159.65139808385537634 1.00000 7 
 fake.rf 1440.00000000 50169.61729499283938338 1.00000 7 
 fake.rf 1440.00000000 50179.63796518652010192 1.00000 7 
 fake.rf 1440.00000000 50189.57188031176333354 1.00000 7 
 fake.rf 1440.00000000 50199.59379834392330366 1.00000 7 
 fake.rf 1440.00000000 50209.54761183023648741 1.00000 7 
 fake.rf 1440.00000000 50219.52911210945936560 1.00000 7 
 fake.rf 1440.00000000 50229.44622898941776157 1.00000 7 
 fake.rf 1440.00000000 50239.47288280359369850 1.00000 7 
 fake.rf 1440.00000000 50249.42522304683219758 1.00000 7 
 fake.rf 1440.00000000 50259.42051485173573866 1.00000 7 
 fake.rf 1440.00000000 50269.39495900579409593 1.00000 7 
 fake.rf 1440.00000000 50279.29347835535808642 1.00000 7 
 fake.rf 1440.00000000 50289.33122966470311255 1.00000 7 
 fake.rf 1440.00000000 50299.27936902911386596 1.00000 7 
 fake.rf 1440.00000000 50309.22488305993048741 1.00000 7 
 fake.rf 1440.00000000 50319.21645142233855807 1.00000 7 
 fake.rf 1440.00000000 50329.21553110517264429 1.00000 7 
 fake.rf 1440.00000000 50339.15976670405615323 1.00000 7 
 fake.rf 1440.00000000 50349.14190113139833826 1.00000 7 
 fake.rf 1440.00000000 50359.11715548386064967 1.00000 7 
 fake.rf 1440.00000000 50369.04991847170609276 1.00000 7 
 fake.rf 1440.00000000 50379.07930232244288504 1.00000 7 
 fake.rf 1440.00000000 50389.01209458939783659 1.00000 7 
 fake.rf 1440.00000000 50399.00517465195014921 1.00000 7 
 fake.rf 1440.00000000 50408.95760626026823559 1.00000 7 
 fake.rf 1440.00000000 50418.96110901835121965 1.00000 7 
 fake.rf 1440.00000000 50428.89286295955987782 1.00000 7 
 fake.rf 1440.00000000 50438.91624317712001968 1.00000 7 
 fake.rf 1440.00000000 50448.88317687292028069 1.00000 7 
 fake.rf 1440.00000000 50458.81793370281917888 1.00000 7 
 fake.rf 1440.00000000 50468.78135418769388565 1.00000 7 
 fake.rf 1440.00000000 50478.82482245021011380 1.00000 7 
 fake.rf 1440.00000000 50488.72422046484290092 1.00000 7 
 fake.rf 1440.00000000 50498.73219377781671824 1.00000 7 
 fake.rf 1440.00000000 50508.74155108905724987 1.00000 7 
 fake.rf 1440.00000000 50518.70540026265637934 1.00000 7 
 fake.rf 1440.00000000 50528.63884481794130110 1.00000 7 
 fake.rf 1440.00000000 50538.59262335415041889 1.00000 7 
 fake.rf 1440.00000000 50548.61043064765016908 1.00000 7 
 fake.rf 1440.00000000 50558.60685313664186680 1.00000 7 
 fake.rf 1440.00000000 50568.58322780122661655 1.00000 7 
 fake.rf 1440.00000000 50578.51945026804562744 1.00000 7 
 fake.rf 1440.00000000 50588.52502974335768116 1.00000 7 
 fake.rf 1440.00000000 50598.48312674659652188 1.00000 7 
 fake.rf 1440.00000000 50608.39479288846009908 1.00000 7 
 fake.rf 1440.00000000 50618.37319071879126753 1.00000 7 
 fake.rf 1440.00000000 50628.35016041130221609 1.00000 7 
 fake.rf 1440.00000000 50638.37154390823190653 1.00000 7 
 fake.rf 1440.00000000 50648.32148172137136299 1.00000 7 
 fake.rf 1440.00000000 50658.30789014269018011 1.00000 7 
 fake.rf 1440.00000000 50668.24849899323770330 1.00000 7 
 fake.rf 1440.00000000 50678.24183746134714923 1.00000 7 
 fake.rf 1440.00000000 50688.20160076232855673 1.00000 7 
 fake.rf 1440.00000000 50698.18563954570329599 1.00000 7 
 fake.rf 1440.00000000 50708.19936238090461345 1.00000 7 
 fake.rf 1440.00000000 50718.13886160763330224 1.00000 7 
 fake.rf 1440.00000000 50728.07037414305427347 1.00000 7 
 fake.rf 1440.00000000 50738.04315525033904777 1.00000 7 
 fake.rf 1440.00000000 50748.03333902713053050 1.00000 7 
 fake.rf 1440.00000000 50758.04242296621870523 1.00000 7 
 fake.rf 1440.00000000 50767.97726520599788458 1.00000 7 
 fake.rf 1440.00000000 50777.95817384665342686 1.00000 7 
 fake.rf 1440.00000000 50787.95469700083263831 1.00000 7 
 fake.rf 1440.00000000 50797.89957494712838582 1.00000 7 
 fake.rf 1440.00000000 50807.91576123649556962 1.00000 7 
 fake.rf 1440.00000000 50817.86561269950363240 1.00000 7 
 fake.rf 1440.00000000 50827.80164414661479810 1.00000 7 
 fake.rf 1440.00000000 50837.77857932728494816 1.00000 7 
 fake.rf 1440.00000000 50847.79284696562672963 1.00000 7 
 fake.rf 1440.00000000 50857.77399005769302676 1.00000 7 
 fake.rf 1440.00000000 50867.69131870178669885 1.00000 7 
 fake.rf 1440.00000000 50877.70926538483148249 1.00000 7 
 fake.rf 1440.00000000 50887.65393525816965337 1.00000 7 
 fake.rf 1440.00000000 50897.60414772785376414 1.00000 7 
 fake.rf 1440.00000000 50907.60749573998470652 1.00000 7 
 fake.rf 1440.00000000 50917.57446939200263714 1.00000 7 
 fake.rf 1440.00000000 50927.53038406009408234 1.00000 7 
 fake.rf 1440.00000000 50937.53800608748933243 1.00000 7 
 fake.rf 1440.00000000 50947.47033424368065369 1.00000 7 
 fake.rf 1440.00000000 50957.48682435777917021 1.00000 7 
 fake.rf 1440.00000000 50967.42482582087970755 1.00000 7 
 fake.rf 1440.00000000 50977.40840053511497132 1.00000 7 
 fake.rf 1440.00000000 50987.36220007301860235 1.00000 7 
 fake.rf 1440.00000000 50997.37060251883306350 1.00000 7 
 fake.rf 1440.00000000 51007.36552031476053770 1.00000 7 
 fake.rf 1440.00000000 51017.27701372265739721 1.00000 7 
 fake.rf 1440.00000000 51027.25221972306311713 1.00000 7 
 fake.rf 1440.00000000 51037.28928773908542382 1.00000 7 
 fake.rf 1440.00000000 51047.20086655494961292 1.00000 7 
 fake.rf 1440.00000000 51057.19356067567101576 1.00000 7 
 fake.rf 1440.00000000 51067.18368361197068239 1.00000 7 
 fake.rf 1440.00000000 51077.14074237410269674 1.00000 7 
 fake.rf 1440.00000000 51087.14164945032686660 1.00000 7 
 fake.rf 1440.00000000 51097.07226656661114816 1.00000 7 
 fake.rf 1440.00000000 51107.08484090442494718 1.00000 7 
 fake.rf 1440.00000000 51117.04590527100491926 1.00000 7 
 fake.rf 1440.00000000 51127.03701152339886704 1.00000 7 
 fake.rf 1440.00000000 51137.01292166405931994 1.00000 7 
 fake.rf 1440.00000000 51146.97822550712064427 1.00000 7 
 fake.rf 1440.00000000 51156.92757041702250831 1.00000 7 
 fake.rf 1440.00000000 51166.91192795910439628 1.00000 7 
 fake.rf 1440.00000000 51176.90519813999115684 1.00000 7 
 fake.rf 1440.00000000 51186.81646075264956508 1.00000 7 
 fake.rf 1440.00000000 51196.85612579819760271 1.00000 7 
 fake.rf 1440.00000000 51206.82691281293350372 1.00000 7 
 fake.rf 1440.00000000 51216.76882774619335592 1.00000 7 
 fake.rf 1440.00000000 51226.71943746596816993 1.00000 7 
 fake.rf 1440.00000000 51236.67344344411467816 1.00000 7 
 fake.rf 1440.00000000 51246.65028472993413899 1.00000 7 
 fake.rf 1440.00000000 51256.64386031326667492 1.00000 7 
 fake.rf 1440.00000000 51266.64166071593972518 1.00000 7 
 fake.rf 1440.00000000 51276.58380782484034555 1.00000 7 
 fake.rf 1440.00000000 51286.58826245723597381 1.00000 7 
 fake.rf 1440.00000000 51296.56716672464433771 1.00000 7 
 fake.rf 1440.00000000 51306.54502060594285950 1.00000 7 
 fake.rf 1440.00000000 51316.48836404489154717 1.00000 7 
 fake.rf 1440.00000000 51326.48939934661643036 1.00000 7 
 fake.rf 1440.00000000 51336.46976358620199221 1.00000 7 
 fake.rf 1440.00000000 51346.39414603042073537 1.00000 7 
 fake.rf 1440.00000000 51356.41739782048767893 1.00000 7 
 fake.rf 1440.00000000 51366.33442721842288492 1.00000 7 
 fake.rf 1440.00000000 51376.35957024165818297 1.00000 7 
 fake.rf 1440.00000000 51386.28385178423144808 1.00000 7 
 fake.rf 1440.00000000 51396.31242593864956092 1.00000 7 
 fake.rf 1440.00000000 51406.21215708871475769 1.00000 7 
 fake.rf 1440.00000000 51416.25965065450068892 1.00000 7 
 fake.rf 1440.00000000 51426.19326012642708434 1.00000 7 
 fake.rf 1440.00000000 51436.19473518863897255 1.00000 7 
 fake.rf 1440.00000000 51446.16210989064439474 1.00000 7 
 fake.rf 1440.00000000 51456.08832758180088618 1.00000 7 
 fake.rf 1440.00000000 51466.06645187645595740 1.00000 7 
 fake.rf 1440.00000000 51476.04548844629328386 1.00000 7 
 fake.rf 1440.00000000 51485.99228063743343498 1.00000 7 
 fake.rf 1440.00000000 51495.99230520828395896 1.00000 7 
 fake.rf 1440.00000000 51505.95497785651565081 1.00000 7 
 fake.rf 1440.00000000 51515.98319471434973948 1.00000 7 
 fake.rf 1440.00000000 51525.95243852999101009 1.00000 7 
 fake.rf 1440.00000000 51535.89302523061719796 1.00000 7 
 fake.rf 1440.00000000 51545.90255240138702320 1.00000 7 
 fake.rf 1440.00000000 51555.87594188983665688 1.00000 7 
 fake.rf 1440.00000000 51565.83740847414401287 1.00000 7 
 fake.rf 1440.00000000 51575.78870703752665960 1.00000 7 
 fake.rf 1440.00000000 51585.73154798449406755 1.00000 7 
 fake.rf 1440.00000000 51595.72477354099227043 1.00000 7 
 fake.rf 1440.00000000 51605.68228067810446547 1.00000 7 
 fake.rf 1440.00000000 51615.71361318897968218 1.00000 7 
 fake.rf 1440.00000000 51625.67748649257696769 1.00000 7 
 fake.rf 1440.00000000 51635.57999995572238205 1.00000 7 
 fake.rf 1440.00000000 51645.61900101913122541 1.00000 7 
 fake.rf 1440.00000000 51655.53456112123144806 1.00000 7 
 fake.rf 1440.00000000 51665.57096402864388551 1.00000 7 
 fake.rf 1440.00000000 51675.47096549051126146 1.00000 7 
 fake.rf 1440.00000000 51685.52230629574737009 1.00000 7 
 fake.rf 1440.00000000 51695.42696175586598528 1.00000 7 
 fake.rf 1440.00000000 51705.46617502464134120 1.00000 7 
 fake.rf 1440.00000000 51715.44455129457353237 1.00000 7 
 fake.rf 1440.00000000 51725.34067132343043838 1.00000 7 
 fake.rf 1440.00000000 51735.34079840304794828 1.00000 7 
 fake.rf 1440.00000000 51745.34795406859086953 1.00000 7 
 fake.rf 1440.00000000 51755.32208645120359591 1.00000 7 
 fake.rf 1440.00000000 51765.27573557158196849 1.00000 7 
 fake.rf 1440.00000000 51775.20498651747117691 1.00000 7 
 fake.rf 1440.00000000 51785.18545983190758264 1.00000 7 
 fake.rf 1440.00000000 51795.19653881244173022 1.00000 7 
 fake.rf 1440.00000000 51805.15311866463599699 1.00000 7 
 fake.rf 1440.00000000 51815.12356892565397715 1.00000 7 
 fake.rf 1440.00000000 51825.10683575969219206 1.00000 7 
 fake.rf 1440.00000000 51835.05996379106633398 1.00000 7 
 fake.rf 1440.00000000 51845.08163842032075763 1.00000 7 
 fake.rf 1440.00000000 51855.01840341058368367 1.00000 7 
 fake.rf 1440.00000000 51864.97222525470302656 1.00000 7 
 fake.rf 1440.00000000 51874.98267082511848614 1.00000 7 
 fake.rf 1440.00000000 51884.89803871587277229 1.00000 7 
 fake.rf 1440.00000000 51894.90533916874905174 1.00000 7 
 fake.rf 1440.00000000 51904.85298127915203281 1.00000 7 
 fake.rf 1440.00000000 51914.83649396419537325 1.00000 7 
 fake.rf 1440.00000000 51924.81909793695492539 1.00000 7 
 fake.rf 1440.00000000 51934.84125101101829358 1.00000 7 
 fake.rf 1440.00000000 51944.75458150593128082 1.00000 7 
 fake.rf 1440.00000000 51954.72015752935598698 1.00000 7 
 fake.rf 1440.00000000 51964.68517502448784739 1.00000 7 
 fake.rf 1440.00000000 51974.66221279814496725 1.00000 7 
 fake.rf 1440.00000000 51984.63842796218869680 1.00000 7 
 fake.rf 1440.00000000 51994.59875725220308240 1.00000 7 
 fake.rf 1440.00000000 52004.59108814396985210 1.00000 7 
 fake.rf 1440.00000000 52014.55048755692256890 1.00000 7 
 fake.rf 1440.00000000 52024.51649743190848696 1.00000 7 
 fake.rf 1440.00000000 52034.51558606613641089 1.00000 7 
 fake.rf 1440.00000000 52044.50241687764169285 1.00000 7 
 fake.rf 1440.00000000 52054.50288675803406591 1.00000 7 
 fake.rf 1440.00000000 52064.42007877304132890 1.00000 7 
 fake.rf 1440.00000000 52074.38786303559124846 1.00000 7 
 fake.rf 1440.00000000 52084.42822153430555687 1.00000 7 
 fake.rf 1440.00000000 52094.35319115541214074 1.00000 7 
 fake.rf 1440.00000000 52104.35935875473377621 1.00000 7 
 fake.rf 1440.00000000 52114.30026811101309292 1.00000 7 
 fake.rf 1440.00000000 52124.30632566030358532 1.00000 7 
 fake.rf 1440.00000000 52134.23973109304468210 1.00000 7 
 fake.rf 1440.00000000 52144.24440615385320186 1.00000 7 
 fake.rf 1440.00000000 52154.21610932216161061 1.00000 7 
 fake.rf 1440.00000000 52164.19691741847088906 1.00000 7 
 fake.rf 1440.00000000 52174.18271868287775561 1.00000 7 
 fake.rf 1440.00000000 52184.10883841614507972 1.00000 7 
 fake.rf 1440.00000000 52194.11565205568033221 1.00000 7 
 fake.rf 1440.00000000 52204.05272474815264516 1.00000 7 
 fake.rf 1440.00000000 52214.03712425211142545 1.00000 7 
 fake.rf 1440.00000000 52223.97142160901900709 1.00000 7 
 fake.rf 1440.00000000 52234.00173591939970663 1.00000 7 
 fake.rf 1440.00000000 52243.95225950767181544 1.00000 7 
 fake.rf 1440.00000000 52253.91052505176545750 1.00000 7 
 fake.rf 1440.00000000 52263.93371971007508492 1.00000 7 
 fake.rf 1440.00000000 52273.87656514898677429 1.00000 7 
 fake.rf 1440.00000000 52283.83917276472415026 1.00000 7 
 fake.rf 1440.00000000 52293.78255356718943503 1.00000 7 
 fake.rf 1440.00000000 52303.79636596595990738 1.00000 7 
 fake.rf 1440.00000000 52313.77860882549507693 1.00000 7 
 fake.rf 1440.00000000 52323.70869338676831717 1.00000 7 
 fake.rf 1440.00000000 52333.71581996551413241 1.00000 7 
 fake.rf 1440.00000000 52343.72445581336681997 1.00000 7 
 fake.rf 1440.00000000 52353.66867552288854171 1.00000 7 
 fake.rf 1440.00000000 52363.62024298078715390 1.00000 7 
 fake.rf 1440.00000000 52373.57337515010795315 1.00000 7 
 fake.rf 1440.00000000 52383.59601677060578240 1.00000 7 
 fake.rf 1440.00000000 52393.53191376939750512 1.00000 7 
 fake.rf 1440.00000000 52403.52065323858917267 1.00000 7 
 fake.rf 1440.00000000 52413.49343345247960713 1.00000 7 
 fake.rf 1440.00000000 52423.48087745646672886 1.00000 7 
 fake.rf 1440.00000000 52433.41964549916620442 1.00000 7 
 fake.rf 1440.00000000 52443.43646878906614361 1.00000 7 
 fake.rf 1440.00000000 52453.37255885616182027 1.00000 7 
 fake.rf 1440.00000000 52463.39366773215003903 1.00000 7 
 fake.rf 1440.00000000 52473.33527011880214630 1.00000 7 
 fake.rf 1440.00000000 52483.28446576642364718 1.00000 7 
 fake.rf 1440.00000000 52493.25899873108706117 1.00000 7 
 fake.rf 1440.00000000 52503.23471907331754238 1.00000 7 
 fake.rf 1440.00000000 52513.23162510085932198 1.00000 7 
 fake.rf 1440.00000000 52523.21786187224926934 1.00000 7 
 fake.rf 1440.00000000 52533.15518392677020287 1.00000 7 
 fake.rf 1440.00000000 52543.12637527555603967 1.00000 7 
 fake.rf 1440.00000000 52553.09043997054014241 1.00000 7 
 fake.rf 1440.00000000 52563.09666521049720345 1.00000 7 
 fake.rf 1440.00000000 52573.03502221774000702 1.00000 7 
 fake.rf 1440.00000000 52583.05257001155742458 1.00000 7 
 fake.rf 1440.00000000 52592.96537390382721000 1.00000 7 
 fake.rf 1440.00000000 52602.95774937949405370 1.00000 7 
 fake.rf 1440.00000000 52612.93308056182252486 1.00000 7 
 fake.rf 1440.00000000 52622.93876498131551145 1.00000 7 
 fake.rf 1440.00000000 52632.88852935137312627 1.00000 7 
 fake.rf 1440.00000000 52642.89829144370767011 1.00000 7 
 fake.rf 1440.00000000 52652.85658267085238649 1.00000 7 
 fake.rf 1440.00000000 52662.77787111342144044 1.00000 7 
 fake.rf 1440.00000000 52672.76650500900005980 1.00000 7 
 fake.rf 1440.00000000 52682.78856607689476732 1.00000 7 
 fake.rf 1440.00000000 52692.75980045949995301 1.00000 7 
 fake.rf 1440.00000000 52702.71163569357664258 1.00000 7 
 fake.rf 1440.00000000 52712.66640721194698571 1.00000 7 
 fake.rf 1440.00000000 52722.63772613082601737 1.00000 7 
 fake.rf 1440.00000000 52732.60430970165540643 1.00000 7 
 fake.rf 1440.00000000 52742.60848695346441772 1.00000 7 
 fake.rf 1440.00000000 52752.54060015722767574 1.00000 7 
 fake.rf 1440.00000000 52762.55391147350309211 1.00000 7 
 fake.rf 1440.00000000 52772.52316859217356537 1.00000 7 
 fake.rf 1440.00000000 52782.50752185006076900 1.00000 7 
 fake.rf 1440.00000000 52792.41399982945408098 1.00000 7 
 fake.rf 1440.00000000 52802.46842753158203010 1.00000 7 
 fake.rf 1440.00000000 52812.37247217007509903 1.00000 7 
 fake.rf 1440.00000000 52822.38649384046150459 1.00000 7 
 fake.rf 1440.00000000 52832.37112933935303261 1.00000 7 
 fake.rf 1440.00000000 52842.32313369297327910 1.00000 7 
 fake.rf 1440.00000000 52852.25231768702508361 1.00000 7 
 fake.rf 1440.00000000 52862.22832223925808037 1.00000 7 
 fake.rf 1440.00000000 52872.21385615290014215 1.00000 7 
 fake.rf 1440.00000000 52882.19203481144626267 1.00000 7 
 fake.rf 1440.00000000 52892.21289150198176898 1.00000 7 
 fake.rf 1440.00000000 52902.13853360618730903 1.00000 7 
 fake.rf 1440.00000000 52912.13639211233625304 1.00000 7 
 fake.rf 1440.00000000 52922.07655096785476445 1.00000 7 
 fake.rf 1440.00000000 52932.03518181406161958 1.00000 7 
 fake.rf 1440.00000000 52942.01010901765092953 1.00000 7 
 fake.rf 1440.00000000 52951.98733434839711975 1.00000 7 
 fake.rf 1440.00000000 52962.01489408511795176 1.00000 7 
 fake.rf 1440.00000000 52971.93841403340551111 1.00000 7 
 fake.rf 1440.00000000 52981.93157760586263194 1.00000 7 
 fake.rf 1440.00000000 52991.92516939541202348 1.00000 7 
 fake.rf 1440.00000000 53001.84722804233210880 1.00000 7 
 fake.rf 1440.00000000 53011.81953117523472585 1.00000 7 
 fake.rf 1440.00000000 53021.79519885459368211 1.00000 7 
 fake.rf 1440.00000000 53031.79921411067523707 1.00000 7 
 fake.rf 1440.00000000 53041.76540514534108439 1.00000 7 
 fake.rf 1440.00000000 53051.77255437610246958 1.00000 7 
 fake.rf 1440.00000000 53061.73598717721155182 1.00000 7 
 fake.rf 1440.00000000 53071.65946052563732849 1.00000 7 
 fake.rf 1440.00000000 53081.66317119217717746 1.00000 7 
 fake.rf 1440.00000000 53091.63826158059334048 1.00000 7 
 fake.rf 1440.00000000 53101.57885057359850833 1.00000 7 
 fake.rf 1440.00000000 53111.58095999145146138 1.00000 7 
 fake.rf 1440.00000000 53121.57073264451016570 1.00000 7 
 fake.rf 1440.00000000 53131.55264767090612565 1.00000 7 
 fake.rf 1440.00000000 53141.48336355593671954 1.00000 7 
 fake.rf 1440.00000000 53151.45244489691965484 1.00000 7 
 fake.rf 1440.00000000 53161.47418159433428642 1.00000 7 
 fake.rf 1440.00000000 53171.40820636999671223 1.00000 7 
 fake.rf 1440.00000000 53181.39012594806651180 1.00000 7 
 fake.rf 1440.00000000 53191.33401228998904742 1.00000 7 
 fake.rf 1440.00000000 53201.31619810524525960 1.00000 7 
 fake.rf 1440.00000000 53211.33439747232359451 1.00000 7 
 fake.rf 1440.00000000 53221.30344662177721204 1.00000 7 
 fake.rf 1440.00000000 53231.25309563752511721 1.00000 7 
 fake.rf 1440.00000000 53241.25723019555799453 1.00000 7 
 fake.rf 1440.00000000 53251.22851089725799056 1.00000 7 
 fake.rf 1440.00000000 53261.18268954158457262 1.00000 7 
 fake.rf 1440.00000000 53271.15835486375798524 1.00000 7 
 fake.rf 1440.00000000 53281.08045983042336147 1.00000 7 
 fake.rf 1440.00000000 53291.05510638407874069 1.00000 7 
 fake.rf 1440.00000000 53301.05166779793982101 1.00000 7 
 fake.rf 1440.00000000 53311.00646912225556662 1.00000 7 
 fake.rf 1440.00000000 53320.98072311982815208 1.00000 7 
 fake.rf 1440.00000000 53330.98025655725888683 1.00000 7 
 fake.rf 1440.00000000 53340.96637747439816124 1.00000 7 
 fake.rf 1440.00000000 53350.93412682318080087 1.00000 7 
 fake.rf 1440.00000000 53360.88478049601266306 1.00000 7 
 fake.rf 1440.00000000 53370.86163853224093145 1.00000 7 
 fake.rf 1440.00000000 53380.86349892849517218 1.00000 7 
 fake.rf 1440.00000000 53390.84516758781000689 1.00000 7 
 fake.rf 1440.00000000 53400.82442036265699059 1.00000 7 
 fake.rf 1440.00000000 53410.79417407882226243 1.00000 7 
 fake.rf 1440.00000000 53420.72192315929484963 1.00000 7 
 fake.rf 1440.00000000 53430.71825291268325131 1.00000 7 
 fake.rf 1440.00000000 53440.69722597437289480 1.00000 7 
 fake.rf 1440.00000000 53450.66632862093642231 1.00000 7 
 fake.rf 1440.00000000 53460.65904405276813804 1.00000 7 
 fake.rf 1440.00000000 53470.60372477910440381 1.00000 7 
 fake.rf 1440.00000000 53480.53415654868041784 1.00000 7 
 fake.rf 1440.00000000 53490.53609590442819766 1.00000 7 
 fake.rf 1440.00000000 53500.53530064647755893 1.00000 7 
 fake.rf 1440.00000000 53510.47522255623483289 1.00000 7 
 fake.rf 1440.00000000 53520.43933229461463696 1.00000 7 
 fake.rf 1440.00000000 53530.43489053733928174 1.00000 7 
 fake.rf 1440.00000000 53540.43509910298950061 1.00000 7 
 fake.rf 1440.00000000 53550.34731438690138816 1.00000 7 
 fake.rf 1440.00000000 53560.34145764501138487 1.00000 7 
 fake.rf 1440.00000000 53570.32314921513426853 1.00000 7 
 fake.rf 1440.00000000 53580.32166748491799169 1.00000 7 
 fake.rf 1440.00000000 53590.26522004990888348 1.00000 7 
 fake.rf 1440.00000000 53600.24886249643701674 1.00000 7 
 fake.rf 1440.00000000 53610.18791317780488370 1.00000 7 
 fake.rf 1440.00000000 53620.19690473786449658 1.00000 7 
 fake.rf 1440.00000000 53630.18210551196778724 1.00000 7 
 fake.rf 1440.00000000 53640.14799397870078579 1.00000 7 
 fake.rf 1440.00000000 53650.08707743636671239 1.00000 7 
 fake.rf 1440.00000000 53660.06733192052278270 1.00000 7 
