FORMAT 1
 fake.rf 1440.00000000 50000.10830390748443008 1.00000 7 
 fake.rf 1440.00000000 50010.11814996418355150 1.00000 7 
 fake.rf 1440.00000000 50020.05845264508009507 1.00000 7 
 fake.rf 1440.00000000 50030.02986986676484094 1.00000 7 
 fake.rf 1440.00000000 50039.99313159405415163 1.00000 7 
 fake.rf 1440.00000000 50050.02533523352816403 1.00000 7 
 fake.rf 1440.00000000 50059.98655829489874236 1.00000 7 
 fake.rf 1440.00000000 50069.92317008092861030 1.00000 7 
 fake.rf 1440.00000000 50079.93673700633895507 1.00000 7 
 fake.rf 1440.00000000 50089.88641640793800036 1.00000 7 
 fake.rf 1440.00000000 50099.86549310122203948 1.00000 7 
 fake.rf 1440.00000000 50109.82556595190351700 1.00000 7 
 fake.rf 1440.00000000 50119.82026885844490494 1.00000 7 
 fake.rf 1440.00000000 50129.78057980755700740 1.00000 7 
 fake.rf 1440.00000000 50139.71670641408353220 1.00000 7 
 fake.rf 1440.00000000 50149.69240493706204020 1.00000 7 
 fake.rf 1440.00000000 50159.68847420776665658 1.00000 7 
 fake.rf 1440.00000000 50169.65437111936287451 1.00000 7 
 fake.rf 1440.00000000 50179.67504134615932188 1.00000 7 
 fake.rf 1440.00000000 50189.60895648090573218 1.00000 7 
 fake.rf 1440.00000000 50199.63087447550471865 1.00000 7 
 fake.rf 1440.00000000 50209.58468800911089147 1.00000 7 
 fake.rf 1440.00000000 50219.56618822364323051 1.00000 7 
 fake.rf 1440.00000000 50229.48330516572447024 1.00000 7 
 fake.rf 1440.00000000 50239.50995894151943588 1.00000 7 
 fake.rf 1440.00000000 50249.46229916648087155 1.00000 7 
 fake.rf 1440.00000000 50259.45759101925732537 1.00000 7 
 fake.rf 1440.00000000 50269.43203511925762683 1.00000 7 
 fake.rf 1440.00000000 50279.33055448729089676 1.00000 7 
 fake.rf 1440.00000000 50289.36830582225895370 1.00000 7 
 fake.rf 1440.00000000 50299.31644516759703123 1.00000 7 
 fake.rf 1440.00000000 50309.26195923750556815 1.00000 7 
 fake.rf 1440.00000000 50319.25352753978403442 1.00000 7 
 fake.rf 1440.00000000 50329.25260725361376402 1.00000 7 
 fake.rf 1440.00000000 50339.19684289299400248 1.00000 7 
 fake.rf 1440.00000000 50349.17897727685250686 1.00000 7 
 fake.rf 1440.00000000 50359.15423162643970656 1.00000 7 
 fake.rf 1440.00000000 50369.08699466279660939 1.00000 7 
 fake.rf 1440.00000000 50379.11637851001238175 1.00000 7 
 fake.rf 1440.00000000 50389.04917073126762261 1.00000 7 
 fake.rf 1440.00000000 50399.04225082234703237 1.00000 7 
 fake.rf 1440.00000000 50408.99468239557358373 1.00000 7 
 fake.rf 1440.00000000 50418.99818516506323007 1.00000 7 
 fake.rf 1440.00000000 50428.92993910275404801 1.00000 7 
 fake.rf 1440.00000000 50438.95331930819380517 1.00000 7 
 fake.rf 1440.00000000 50448.92025300486970352 1.00000 7 
 fake.rf 1440.00000000 50458.85500984704042793 1.00000 7 
 fake.rf 1440.00000000 50468.81843035965247424 1.00000 7 
 fake.rf 1440.00000000 50478.86189864714431152 1.00000 7 
 fake.rf 1440.00000000 50488.76129660683571743 1.00000 7 
 fake.rf 1440.00000000 50498.76926996051575003 1.00000 7 
 fake.rf 1440.00000000 50508.77862726038040364 1.00000 7 
 fake.rf 1440.00000000 50518.74247640742694543 1.00000 7 
 fake.rf 1440.00000000 50528.67592097095637627 1.00000 7 
 fake.rf 1440.00000000 50538.62969950239504513 1.00000 7 
 fake.rf 1440.00000000 50548.64750684846861972 1.00000 7 
 fake.rf 1440.00000000 50558.64392926130182460 1.00000 7 
 fake.rf 1440.00000000 50568.62030394300942504 1.00000 7 
 fake.rf 1440.00000000 50578.55652639810206139 1.00000 7 
 fake.rf 1440.00000000 50588.56210587534352641 1.00000 7 
 fake.rf 1440.00000000 50598.52020286011487826 1.00000 7 
 fake.rf 1440.00000000 50608.43186904213708033 1.00000 7 
 fake.rf 1440.00000000 50618.41026685340902702 1.00000 7 
 fake.rf 1440.00000000 50628.38723655812109925 1.00000 7 
 fake.rf 1440.00000000 50638.40862004313576605 1.00000 7 
 fake.rf 1440.00000000 50648.35855786041788207 1.00000 7 
 fake.rf 1440.00000000 50658.34496628979781718 1.00000 7 
 fake.rf 1440.00000000 50668.28557517060242787 1.00000 7 
 fake.rf 1440.00000000 50678.27891359543657757 1.00000 7 
 fake.rf 1440.00000000 50688.23867691158763193 1.00000 7 
 fake.rf 1440.00000000 50698.22271568465567171 1.00000 7 
 fake.rf 1440.00000000 50708.23643852036067159 1.00000 7 
 fake.rf 1440.00000000 50718.17593774120497585 1.00000 7 
 fake.rf 1440.00000000 50728.10745033500110779 1.00000 7 
 fake.rf 1440.00000000 50738.08023143797966625 1.00000 7 
 fake.rf 1440.00000000 50748.07041522556259849 1.00000 7 
 fake.rf 1440.00000000 50758.07949913883497572 1.00000 7 
 fake.rf 1440.00000000 50768.01434137806000990 1.00000 7 
 fake.rf 1440.00000000 50777.99524998419053290 1.00000 7 
 fake.rf 1440.00000000 50787.99177313353268204 1.00000 7 
 fake.rf 1440.00000000 50797.93665113571422509 1.00000 7 
 fake.rf 1440.00000000 50807.95283737644423638 1.00000 7 
 fake.rf 1440.00000000 50817.90268887437439815 1.00000 7 
 fake.rf 1440.00000000 50827.83872029810770599 1.00000 7 
 fake.rf 1440.00000000 50837.81565545423447006 1.00000 7 
 fake.rf 1440.00000000 50847.82992312694965875 1.00000 7 
 fake.rf 1440.00000000 50857.81106624781218528 1.00000 7 
 fake.rf 1440.00000000 50867.72839486486685701 1.00000 7 
 fake.rf 1440.00000000 50877.74634155949546610 1.00000 7 
 fake.rf 1440.00000000 50887.69101140615401846 1.00000 7 
 fake.rf 1440.00000000 50897.64122384241121466 1.00000 7 
 fake.rf 1440.00000000 50907.64457190280702648 1.00000 7 
 fake.rf 1440.00000000 50917.61154558664725300 1.00000 7 
 fake.rf 1440.00000000 50927.56746018732032155 1.00000 7 
 fake.rf 1440.00000000 50937.57508221962019945 1.00000 7 
 fake.rf 1440.00000000 50947.50741043287935028 1.00000 7 
 fake.rf 1440.00000000 50957.52390048211420392 1.00000 7 
 fake.rf 1440.00000000 50967.46190195614522622 1.00000 7 
 fake.rf 1440.00000000 50977.44547665888014265 1.00000 7 
 fake.rf 1440.00000000 50987.39927624248217697 1.00000 7 
 fake.rf 1440.00000000 50997.40767866392374685 1.00000 7 
 fake.rf 1440.00000000 51007.40259646602052612 1.00000 7 
 fake.rf 1440.00000000 51017.31408986074437806 1.00000 7 
 fake.rf 1440.00000000 51027.28929590989596576 1.00000 7 
 fake.rf 1440.00000000 51037.32636390036078211 1.00000 7 
 fake.rf 1440.00000000 51047.23794271910658438 1.00000 7 
 fake.rf 1440.00000000 51057.23063687470741812 1.00000 7 
 fake.rf 1440.00000000 51067.22075977126604585 1.00000 7 
 fake.rf 1440.00000000 51077.17781855469180385 1.00000 7 
 fake.rf 1440.00000000 51087.17872561406807108 1.00000 7 
 fake.rf 1440.00000000 51097.10934269662279306 1.00000 7 
 fake.rf 1440.00000000 51107.12191708889134034 1.00000 7 
 fake.rf 1440.00000000 51117.08298141337346721 1.00000 7 
 fake.rf 1440.00000000 51127.07408768815574973 1.00000 7 
 fake.rf 1440.00000000 51137.04999780029250900 1.00000 7 
 fake.rf 1440.00000000 51147.01530167811038652 1.00000 7 
 fake.rf 1440.00000000 51156.96464659953056753 1.00000 7 
 fake.rf 1440.00000000 51166.94900409322628576 1.00000 7 
 fake.rf 1440.00000000 51176.94227429044999766 1.00000 7 
 fake.rf 1440.00000000 51186.85353686874795898 1.00000 7 
 fake.rf 1440.00000000 51196.89320198024478970 1.00000 7 
 fake.rf 1440.00000000 51206.86398895651660723 1.00000 7 
 fake.rf 1440.00000000 51216.80590389271923968 1.00000 7 
 fake.rf 1440.00000000 51226.75651362941733780 1.00000 7 
 fake.rf 1440.00000000 51236.71051956767911051 1.00000 7 
 fake.rf 1440.00000000 51246.68736092873608357 1.00000 7 
 fake.rf 1440.00000000 51256.68093648736366674 1.00000 7 
 fake.rf 1440.00000000 51266.67873688649532227 1.00000 7 
 fake.rf 1440.00000000 51276.62088401630292722 1.00000 7 
 fake.rf 1440.00000000 51286.62533858141753029 1.00000 7 
 fake.rf 1440.00000000 51296.60424289198905257 1.00000 7 
 fake.rf 1440.00000000 51306.58209674506322173 1.00000 7 
 fake.rf 1440.00000000 51316.52544021333593349 1.00000 7 
 fake.rf 1440.00000000 51326.52647547459537591 1.00000 7 
 fake.rf 1440.00000000 51336.50683978091085891 1.00000 7 
 fake.rf 1440.00000000 51346.43122218652518640 1.00000 7 
 fake.rf 1440.00000000 51356.45447398814884821 1.00000 7 
 fake.rf 1440.00000000 51366.37150338157469776 1.00000 7 
 fake.rf 1440.00000000 51376.39664642925271210 1.00000 7 
 fake.rf 1440.00000000 51386.32092797521214678 1.00000 7 
 fake.rf 1440.00000000 51396.34950210207385268 1.00000 7 
 fake.rf 1440.00000000 51406.24923324394672619 1.00000 7 
 fake.rf 1440.00000000 51416.29672675977689877 1.00000 7 
 fake.rf 1440.00000000 51426.23033627818230684 1.00000 7 
 fake.rf 1440.00000000 51436.23181137704461818 1.00000 7 
 fake.rf 1440.00000000 51446.19918605379348264 1.00000 7 
 fake.rf 1440.00000000 51456.12540371659111571 1.00000 7 
 fake.rf 1440.00000000 51466.10352806495699340 1.00000 7 
 fake.rf 1440.00000000 51476.08256462493987726 1.00000 7 
 fake.rf 1440.00000000 51486.02935681581676164 1.00000 7 
 fake.rf 1440.00000000 51496.02938135127907060 1.00000 7 
 fake.rf 1440.00000000 51505.99205397312257304 1.00000 7 
 fake.rf 1440.00000000 51516.02027089014028860 1.00000 7 
 fake.rf 1440.00000000 51525.98951468376440843 1.00000 7 
 fake.rf 1440.00000000 51535.93010136500630836 1.00000 7 
 fake.rf 1440.00000000 51545.93962852496591864 1.00000 7 
 fake.rf 1440.00000000 51555.91301804106597828 1.00000 7 
 fake.rf 1440.00000000 51565.87448464341872523 1.00000 7 
 fake.rf 1440.00000000 51575.82578321601455329 1.00000 7 
 fake.rf 1440.00000000 51585.76862415535910600 1.00000 7 
 fake.rf 1440.00000000 51595.76184967525431802 1.00000 7 
 fake.rf 1440.00000000 51605.71935685553955864 1.00000 7 
 fake.rf 1440.00000000 51615.75068934663127251 1.00000 7 
 fake.rf 1440.00000000 51625.71456261987703584 1.00000 7 
 fake.rf 1440.00000000 51635.61707609839889344 1.00000 7 
 fake.rf 1440.00000000 51645.65607715242481390 1.00000 7 
 fake.rf 1440.00000000 51655.57163727431458611 1.00000 7 
 fake.rf 1440.00000000 51665.60804017662360366 1.00000 7 
 fake.rf 1440.00000000 51675.50804162475003523 1.00000 7 
 fake.rf 1440.00000000 51685.55938247320537471 1.00000 7 
 fake.rf 1440.00000000 51695.46403788496892417 1.00000 7 
 fake.rf 1440.00000000 51705.50325113330703886 1.00000 7 
 fake.rf 1440.00000000 51715.48162740705858553 1.00000 7 
 fake.rf 1440.00000000 51725.37774748203411690 1.00000 7 
 fake.rf 1440.00000000 51735.37787456162561028 1.00000 7 
 fake.rf 1440.00000000 51745.38503019542216066 1.00000 7 
 fake.rf 1440.00000000 51755.35916259395289529 1.00000 7 
 fake.rf 1440.00000000 51765.31281171933128959 1.00000 7 
 fake.rf 1440.00000000 51775.24206265820585315 1.00000 7 
 fake.rf 1440.00000000 51785.22253594768904961 1.00000 7 
 fake.rf 1440.00000000 51795.23361496906378676 1.00000 7 
 fake.rf 1440.00000000 51805.19019478767826570 1.00000 7 
 fake.rf 1440.00000000 51815.16064509692886375 1.00000 7 
 fake.rf 1440.00000000 51825.14391190206864479 1.00000 7 
 fake.rf 1440.00000000 51835.09703997540206899 1.00000 7 
 fake.rf 1440.00000000 51845.11871457065097246 1.00000 7 
 fake.rf 1440.00000000 51855.05547960415711373 1.00000 7 
 fake.rf 1440.00000000 51865.00930139416623632 1.00000 7 
 fake.rf 1440.00000000 51875.01974696447966551 1.00000 7 
 fake.rf 1440.00000000 51884.93511487802196669 1.00000 7 
 fake.rf 1440.00000000 51894.94241527735704977 1.00000 7 
 fake.rf 1440.00000000 51904.89005742795236742 1.00000 7 
 fake.rf 1440.00000000 51914.87357011087963343 1.00000 7 
 fake.rf 1440.00000000 51924.85617407559052339 1.00000 7 
 fake.rf 1440.00000000 51934.87832712784365796 1.00000 7 
 fake.rf 1440.00000000 51944.79165764924146842 1.00000 7 
 fake.rf 1440.00000000 51954.75723368222934795 1.00000 7 
 fake.rf 1440.00000000 51964.72225121937751169 1.00000 7 
 fake.rf 1440.00000000 51974.69928895558921411 1.00000 7 
 fake.rf 1440.00000000 51984.67550408370324533 1.00000 7 
 fake.rf 1440.00000000 51994.63583342584593439 1.00000 7 
 fake.rf 1440.00000000 52004.62816430881792229 1.00000 7 
 fake.rf 1440.00000000 52014.58756374398548417 1.00000 7 
 fake.rf 1440.00000000 52024.55357356954302972 1.00000 7 
 fake.rf 1440.00000000 52034.55266219356883539 1.00000 7 
 fake.rf 1440.00000000 52044.53949304904555362 1.00000 7 
 fake.rf 1440.00000000 52054.53996292617523522 1.00000 7 
 fake.rf 1440.00000000 52064.45715491069056924 1.00000 7 
 fake.rf 1440.00000000 52074.42493918763926430 1.00000 7 
 fake.rf 1440.00000000 52084.46529771086788330 1.00000 7 
 fake.rf 1440.00000000 52094.39026731553558847 1.00000 7 
 fake.rf 1440.00000000 52104.39643490441336482 1.00000 7 
 fake.rf 1440.00000000 52114.33734423477835662 1.00000 7 
 fake.rf 1440.00000000 52124.34340179475816868 1.00000 7 
 fake.rf 1440.00000000 52134.27680721755407234 1.00000 7 
 fake.rf 1440.00000000 52144.28148232745962076 1.00000 7 
 fake.rf 1440.00000000 52154.25318545325133712 1.00000 7 
 fake.rf 1440.00000000 52164.23399359537949849 1.00000 7 
 fake.rf 1440.00000000 52174.21979481721055194 1.00000 7 
 fake.rf 1440.00000000 52184.14591458486344067 1.00000 7 
 fake.rf 1440.00000000 52194.15272821400172987 1.00000 7 
 fake.rf 1440.00000000 52204.08980086852835001 1.00000 7 
 fake.rf 1440.00000000 52214.07420037705815830 1.00000 7 
 fake.rf 1440.00000000 52224.00849776584844264 1.00000 7 
 fake.rf 1440.00000000 52234.03881210104053778 1.00000 7 
 fake.rf 1440.00000000 52243.98933567402379552 1.00000 7 
 fake.rf 1440.00000000 52253.94760122671901925 1.00000 7 
 fake.rf 1440.00000000 52263.97079585568940274 1.00000 7 
 fake.rf 1440.00000000 52273.91364129872541966 1.00000 7 
 fake.rf 1440.00000000 52283.87624894022607691 1.00000 7 
 fake.rf 1440.00000000 52293.81962972198709139 1.00000 7 
 fake.rf 1440.00000000 52303.83344209924938895 1.00000 7 
 fake.rf 1440.00000000 52313.81568499771500313 1.00000 7 
 fake.rf 1440.00000000 52323.74576957340646288 1.00000 7 
 fake.rf 1440.00000000 52333.75289613254926024 1.00000 7 
 fake.rf 1440.00000000 52343.76153197178890508 1.00000 7 
 fake.rf 1440.00000000 52353.70575168465210325 1.00000 7 
 fake.rf 1440.00000000 52363.65731910822246675 1.00000 7 
 fake.rf 1440.00000000 52373.61045133560662634 1.00000 7 
 fake.rf 1440.00000000 52383.63309290257224404 1.00000 7 
 fake.rf 1440.00000000 52393.56898992647951374 1.00000 7 
 fake.rf 1440.00000000 52403.55772936910177506 1.00000 7 
 fake.rf 1440.00000000 52413.53050956463513188 1.00000 7 
 fake.rf 1440.00000000 52423.51795363716955833 1.00000 7 
 fake.rf 1440.00000000 52433.45672163203908056 1.00000 7 
 fake.rf 1440.00000000 52443.47354490448291742 1.00000 7 
 fake.rf 1440.00000000 52453.40963503176896410 1.00000 7 
 fake.rf 1440.00000000 52463.43074385146980276 1.00000 7 
 fake.rf 1440.00000000 52473.37234624575935626 1.00000 7 
 fake.rf 1440.00000000 52483.32154190804460825 1.00000 7 
 fake.rf 1440.00000000 52493.29607487657007070 1.00000 7 
 fake.rf 1440.00000000 52503.27179521300264753 1.00000 7 
 fake.rf 1440.00000000 52513.26870122509782846 1.00000 7 
 fake.rf 1440.00000000 52523.25493801688616102 1.00000 7 
 fake.rf 1440.00000000 52533.19226006536401385 1.00000 7 
 fake.rf 1440.00000000 52543.16345138626116196 1.00000 7 
 fake.rf 1440.00000000 52553.12751613265916362 1.00000 7 
 fake.rf 1440.00000000 52563.13374140857593275 1.00000 7 
 fake.rf 1440.00000000 52573.07209837728053969 1.00000 7 
 fake.rf 1440.00000000 52583.08964619244035887 1.00000 7 
 fake.rf 1440.00000000 52593.00245007798811869 1.00000 7 
 fake.rf 1440.00000000 52602.99482556688360546 1.00000 7 
 fake.rf 1440.00000000 52612.97015668926935206 1.00000 7 
 fake.rf 1440.00000000 52622.97584113776149195 1.00000 7 
 fake.rf 1440.00000000 52632.92560550411095122 1.00000 7 
 fake.rf 1440.00000000 52642.93536757843603269 1.00000 7 
 fake.rf 1440.00000000 52652.89365882523829754 1.00000 7 
 fake.rf 1440.00000000 52662.81494727645178600 1.00000 7 
 fake.rf 1440.00000000 52672.80358113761999306 1.00000 7 
 fake.rf 1440.00000000 52682.82564225802838465 1.00000 7 
 fake.rf 1440.00000000 52692.79687660365733848 1.00000 7 
 fake.rf 1440.00000000 52702.74871186347959551 1.00000 7 
 fake.rf 1440.00000000 52712.70348335428203868 1.00000 7 
 fake.rf 1440.00000000 52722.67480227963437756 1.00000 7 
 fake.rf 1440.00000000 52732.64138586360386540 1.00000 7 
 fake.rf 1440.00000000 52742.64556309922584276 1.00000 7 
 fake.rf 1440.00000000 52752.57767633945257657 1.00000 7 
 fake.rf 1440.00000000 52762.59098764767574252 1.00000 7 
 fake.rf 1440.00000000 52772.56024473320222157 1.00000 7 
 fake.rf 1440.00000000 52782.54459802528529622 1.00000 7 
 fake.rf 1440.00000000 52792.45107601868535241 1.00000 7 
 fake.rf 1440.00000000 52802.50550372621116324 1.00000 7 
 fake.rf 1440.00000000 52812.40954829814201332 1.00000 7 
 fake.rf 1440.00000000 52822.42356997763976167 1.00000 7 
 fake.rf 1440.00000000 52832.40820550210404249 1.00000 7 
 fake.rf 1440.00000000 52842.36020984526896527 1.00000 7 
 fake.rf 1440.00000000 52852.28939383563782428 1.00000 7 
 fake.rf 1440.00000000 52862.26539841327747027 1.00000 7 
 fake.rf 1440.00000000 52872.25093232241956187 1.00000 7 
 fake.rf 1440.00000000 52882.22911094231928431 1.00000 7 
 fake.rf 1440.00000000 52892.24996768062944952 1.00000 7 
 fake.rf 1440.00000000 52902.17560974866998080 1.00000 7 
 fake.rf 1440.00000000 52912.17346823714955306 1.00000 7 
 fake.rf 1440.00000000 52922.11362710526927344 1.00000 7 
 fake.rf 1440.00000000 52932.07225800775992397 1.00000 7 
 fake.rf 1440.00000000 52942.04718519037547964 1.00000 7 
 fake.rf 1440.00000000 52952.02441051879962686 1.00000 7 
 fake.rf 1440.00000000 52962.05197024980687104 1.00000 7 
 fake.rf 1440.00000000 52971.97549018803008281 1.00000 7 
 fake.rf 1440.00000000 52981.96865373189017845 1.00000 7 
 fake.rf 1440.00000000 52991.96224558171766716 1.00000 7 
 fake.rf 1440.00000000 53001.88430420526122688 1.00000 7 
 fake.rf 1440.00000000 53011.85660731303833515 1.00000 7 
 fake.rf 1440.00000000 53021.83227502602872150 1.00000 7 
 fake.rf 1440.00000000 53031.83629024807337871 1.00000 7 
 fake.rf 1440.00000000 53041.80248130231799664 1.00000 7 
 fake.rf 1440.00000000 53051.80963053402419050 1.00000 7 
 fake.rf 1440.00000000 53061.77306334586288727 1.00000 7 
 fake.rf 1440.00000000 53071.69653668005197389 1.00000 7 
 fake.rf 1440.00000000 53081.70024738726598557 1.00000 7 
 fake.rf 1440.00000000 53091.67533776573119653 1.00000 7 
 fake.rf 1440.00000000 53101.61592675030443189 1.00000 7 
 fake.rf 1440.00000000 53111.61803616501479652 1.00000 7 
 fake.rf 1440.00000000 53121.60780883842419442 1.00000 7 
 fake.rf 1440.00000000 53131.58972380481942466 1.00000 7 
 fake.rf 1440.00000000 53141.52043970756293234 1.00000 7 
 fake.rf 1440.00000000 53151.48952109262874188 1.00000 7 
 fake.rf 1440.00000000 53161.51125771787838303 1.00000 7 
 fake.rf 1440.00000000 53171.44528249887533988 1.00000 7 
 fake.rf 1440.00000000 53181.42720207391033682 1.00000 7 
 fake.rf 1440.00000000 53191.37108843920897883 1.00000 7 
 fake.rf 1440.00000000 53201.35327425505915144 1.00000 7 
 fake.rf 1440.00000000 53211.37147364628133772 1.00000 7 
 fake.rf 1440.00000000 53221.34052279144551534 1.00000 7 
 fake.rf 1440.00000000 53231.29017178905163732 1.00000 7 
 fake.rf 1440.00000000 53241.29430632583367711 1.00000 7 
 fake.rf 1440.00000000 53251.26558703431800623 1.00000 7 
 fake.rf 1440.00000000 53261.21976571220037044 1.00000 7 
 fake.rf 1440.00000000 53271.19543100153591908 1.00000 7 
 fake.rf 1440.00000000 53281.11753598333956816 1.00000 7 
 fake.rf 1440.00000000 53291.09218255024391553 1.00000 7 
 fake.rf 1440.00000000 53301.08874399852742343 1.00000 7 
 fake.rf 1440.00000000 53311.04354524472869770 1.00000 7 
 fake.rf 1440.00000000 53321.01779928359220051 1.00000 7 
 fake.rf 1440.00000000 53331.01733268609607563 1.00000 7 
 fake.rf 1440.00000000 53341.00345363831018375 1.00000 7 
 fake.rf 1440.00000000 53350.97120301411472099 1.00000 7 
 fake.rf 1440.00000000 53360.92185667156694961 1.00000 7 
 fake.rf 1440.00000000 53370.89871471672635295 1.00000 7 
 fake.rf 1440.00000000 53380.90057508447225842 1.00000 7 
 fake.rf 1440.00000000 53390.88224373425711278 1.00000 7 
 fake.rf 1440.00000000 53400.86149650957905166 1.00000 7 
 fake.rf 1440.00000000 53410.83125022993886333 1.00000 7 
 fake.rf 1440.00000000 53420.75899933109201001 1.00000 7 
 fake.rf 1440.00000000 53430.75532903010057240 1.00000 7 
 fake.rf 1440.00000000 53440.73430212401888895 1.00000 7 
 fake.rf 1440.00000000 53450.70340475406519687 1.00000 7 
 fake.rf 1440.00000000 53460.69612023279587021 1.00000 7 
 fake.rf 1440.00000000 53470.64080094064153670 1.00000 7 
 fake.rf 1440.00000000 53480.57123269125208864 1.00000 7 
 fake.rf 1440.00000000 53490.57317208524657914 1.00000 7 
 fake.rf 1440.00000000 53500.57237677812890908 1.00000 7 
 fake.rf 1440.00000000 53510.51229869749187174 1.00000 7 
 fake.rf 1440.00000000 53520.47640843779849362 1.00000 7 
 fake.rf 1440.00000000 53530.47196671000684987 1.00000 7 
 fake.rf 1440.00000000 53540.47217522940037071 1.00000 7 
 fake.rf 1440.00000000 53550.38439056570334174 1.00000 7 
 fake.rf 1440.00000000 53560.37853383292237908 1.00000 7 
 fake.rf 1440.00000000 53570.36022534055113198 1.00000 7 
 fake.rf 1440.00000000 53580.35874364999222408 1.00000 7 
 fake.rf 1440.00000000 53590.30229620809451418 1.00000 7 
 fake.rf 1440.00000000 53600.28593863565837907 1.00000 7 
 fake.rf 1440.00000000 53610.22498934079037269 1.00000 7 
 fake.rf 1440.00000000 53620.23398091918000219 1.00000 7 
 fake.rf 1440.00000000 53630.21918170414691218 1.00000 7 
 fake.rf 1440.00000000 53640.18507012922736976 1.00000 7 
 fake.rf 1440.00000000 53650.12415360473480064 1.00000 7 
 fake.rf 1440.00000000 53660.10440810596255545 1.00000 7 
