FORMAT 1
 fake.rf 1440.00000000 50000.11801802352359303 1.00000 7 
 fake.rf 1440.00000000 50010.12786410806139514 1.00000 7 
 fake.rf 1440.00000000 50020.06816669554107690 1.00000 7 
 fake.rf 1440.00000000 50030.03958399905178211 1.00000 7 
 fake.rf 1440.00000000 50040.00284570548115681 1.00000 7 
 fake.rf 1440.00000000 50050.03504940450228489 1.00000 7 
 fake.rf 1440.00000000 50059.99627243031813606 1.00000 7 
 fake.rf 1440.00000000 50069.93288420650938519 1.00000 7 
 fake.rf 1440.00000000 50079.94645114853500800 1.00000 7 
 fake.rf 1440.00000000 50089.89613049976941994 1.00000 7 
 fake.rf 1440.00000000 50099.87520729687155452 1.00000 7 
 fake.rf 1440.00000000 50109.83528005269007721 1.00000 7 
 fake.rf 1440.00000000 50119.82998294948313855 1.00000 7 
 fake.rf 1440.00000000 50129.79029389852683707 1.00000 7 
 fake.rf 1440.00000000 50139.72642049937163833 1.00000 7 
 fake.rf 1440.00000000 50149.70211908269673273 1.00000 7 
 fake.rf 1440.00000000 50159.69818837748971774 1.00000 7 
 fake.rf 1440.00000000 50169.66408528711836112 1.00000 7 
 fake.rf 1440.00000000 50179.68475550385674211 1.00000 7 
 fake.rf 1440.00000000 50189.61867057427393135 1.00000 7 
 fake.rf 1440.00000000 50199.64058858345717695 1.00000 7 
 fake.rf 1440.00000000 50209.59440212990032038 1.00000 7 
 fake.rf 1440.00000000 50219.57590233582722306 1.00000 7 
 fake.rf 1440.00000000 50229.49301922803086029 1.00000 7 
 fake.rf 1440.00000000 50239.51967309998147115 1.00000 7 
 fake.rf 1440.00000000 50249.47201328874571757 1.00000 7 
 fake.rf 1440.00000000 50259.46730510307319761 1.00000 7 
 fake.rf 1440.00000000 50269.44174926594776665 1.00000 7 
 fake.rf 1440.00000000 50279.34026860756004496 1.00000 7 
 fake.rf 1440.00000000 50289.37801995303961888 1.00000 7 
 fake.rf 1440.00000000 50299.32615934107173317 1.00000 7 
 fake.rf 1440.00000000 50309.27167331400399064 1.00000 7 
 fake.rf 1440.00000000 50319.26324172793763267 1.00000 7 
 fake.rf 1440.00000000 50329.26232137533544275 1.00000 7 
 fake.rf 1440.00000000 50339.20655696580247351 1.00000 7 
 fake.rf 1440.00000000 50349.18869143208014094 1.00000 7 
 fake.rf 1440.00000000 50359.16394572599213220 1.00000 7 
 fake.rf 1440.00000000 50369.09670876736341327 1.00000 7 
 fake.rf 1440.00000000 50379.12609260191059235 1.00000 7 
 fake.rf 1440.00000000 50389.05888483081485063 1.00000 7 
 fake.rf 1440.00000000 50399.05196491903103961 1.00000 7 
 fake.rf 1440.00000000 50409.00439652594319284 1.00000 7 
 fake.rf 1440.00000000 50419.00789933647832086 1.00000 7 
 fake.rf 1440.00000000 50428.93965318806695919 1.00000 7 
 fake.rf 1440.00000000 50438.96303346578238092 1.00000 7 
 fake.rf 1440.00000000 50448.92996713029190659 1.00000 7 
 fake.rf 1440.00000000 50458.86472398426540664 1.00000 7 
 fake.rf 1440.00000000 50468.82814451190762028 1.00000 7 
 fake.rf 1440.00000000 50478.87161272848832994 1.00000 7 
 fake.rf 1440.00000000 50488.77101079144233253 1.00000 7 
 fake.rf 1440.00000000 50498.77898408633846117 1.00000 7 
 fake.rf 1440.00000000 50508.78834130278197279 1.00000 7 
 fake.rf 1440.00000000 50518.75219049292790885 1.00000 7 
 fake.rf 1440.00000000 50528.68563505587078666 1.00000 7 
 fake.rf 1440.00000000 50538.63941359521487939 1.00000 7 
 fake.rf 1440.00000000 50548.65722097634876420 1.00000 7 
 fake.rf 1440.00000000 50558.65364335502296100 1.00000 7 
 fake.rf 1440.00000000 50568.63001804734271261 1.00000 7 
 fake.rf 1440.00000000 50578.56624050325204323 1.00000 7 
 fake.rf 1440.00000000 50588.57182007192955453 1.00000 7 
 fake.rf 1440.00000000 50598.52991704893030800 1.00000 7 
 fake.rf 1440.00000000 50608.44158311762172531 1.00000 7 
 fake.rf 1440.00000000 50618.41998099296395708 1.00000 7 
 fake.rf 1440.00000000 50628.39695066727485440 1.00000 7 
 fake.rf 1440.00000000 50638.41833424273363562 1.00000 7 
 fake.rf 1440.00000000 50648.36827197338143236 1.00000 7 
 fake.rf 1440.00000000 50658.35468047818354975 1.00000 7 
 fake.rf 1440.00000000 50668.29528928385278164 1.00000 7 
 fake.rf 1440.00000000 50678.28862774847576134 1.00000 7 
 fake.rf 1440.00000000 50688.24839103147698083 1.00000 7 
 fake.rf 1440.00000000 50698.23242975418905232 1.00000 7 
 fake.rf 1440.00000000 50708.24615263687944022 1.00000 7 
 fake.rf 1440.00000000 50718.18565185372188253 1.00000 7 
 fake.rf 1440.00000000 50728.11716439715288729 1.00000 7 
 fake.rf 1440.00000000 50738.08994552665403788 1.00000 7 
 fake.rf 1440.00000000 50748.08012933945606449 1.00000 7 
 fake.rf 1440.00000000 50758.08921323851713936 1.00000 7 
 fake.rf 1440.00000000 50768.02405546453307394 1.00000 7 
 fake.rf 1440.00000000 50778.00496410466525532 1.00000 7 
 fake.rf 1440.00000000 50788.00148725241908920 1.00000 7 
 fake.rf 1440.00000000 50797.94636527720383867 1.00000 7 
 fake.rf 1440.00000000 50807.96255147905173999 1.00000 7 
 fake.rf 1440.00000000 50817.91240299553122384 1.00000 7 
 fake.rf 1440.00000000 50827.84843438274162963 1.00000 7 
 fake.rf 1440.00000000 50837.82536956829071784 1.00000 7 
 fake.rf 1440.00000000 50847.83963722199408508 1.00000 7 
 fake.rf 1440.00000000 50857.82078034395683375 1.00000 7 
 fake.rf 1440.00000000 50867.73810897874574621 1.00000 7 
 fake.rf 1440.00000000 50877.75605565584076473 1.00000 7 
 fake.rf 1440.00000000 50887.70072547815075836 1.00000 7 
 fake.rf 1440.00000000 50897.65093800231880650 1.00000 7 
 fake.rf 1440.00000000 50907.65428594989327138 1.00000 7 
 fake.rf 1440.00000000 50917.62125965904775526 1.00000 7 
 fake.rf 1440.00000000 50927.57717432226848686 1.00000 7 
 fake.rf 1440.00000000 50937.58479637671527840 1.00000 7 
 fake.rf 1440.00000000 50947.51712451696083761 1.00000 7 
 fake.rf 1440.00000000 50957.53361463588498736 1.00000 7 
 fake.rf 1440.00000000 50967.47161614091090698 1.00000 7 
 fake.rf 1440.00000000 50977.45519078491020437 1.00000 7 
 fake.rf 1440.00000000 50987.40899035242405901 1.00000 7 
 fake.rf 1440.00000000 50997.41739275592301084 1.00000 7 
 fake.rf 1440.00000000 51007.41231058216913752 1.00000 7 
 fake.rf 1440.00000000 51017.32380402686093035 1.00000 7 
 fake.rf 1440.00000000 51027.29900999940690198 1.00000 7 
 fake.rf 1440.00000000 51037.33607796324238493 1.00000 7 
 fake.rf 1440.00000000 51047.24765681507346571 1.00000 7 
 fake.rf 1440.00000000 51057.24035095469240630 1.00000 7 
 fake.rf 1440.00000000 51067.23047388543397318 1.00000 7 
 fake.rf 1440.00000000 51077.18753264187754581 1.00000 7 
 fake.rf 1440.00000000 51087.18843977656893429 1.00000 7 
 fake.rf 1440.00000000 51097.11905681030705750 1.00000 7 
 fake.rf 1440.00000000 51107.13163123135138832 1.00000 7 
 fake.rf 1440.00000000 51117.09269551234489271 1.00000 7 
 fake.rf 1440.00000000 51127.08380174896407055 1.00000 7 
 fake.rf 1440.00000000 51137.05971189679542377 1.00000 7 
 fake.rf 1440.00000000 51147.02501576300649333 1.00000 7 
 fake.rf 1440.00000000 51156.97436070008530962 1.00000 7 
 fake.rf 1440.00000000 51166.95871820913952277 1.00000 7 
 fake.rf 1440.00000000 51176.95198846203140519 1.00000 7 
 fake.rf 1440.00000000 51186.86325099178353426 1.00000 7 
 fake.rf 1440.00000000 51196.90291604260907121 1.00000 7 
 fake.rf 1440.00000000 51206.87370306164516975 1.00000 7 
 fake.rf 1440.00000000 51216.81561797383293211 1.00000 7 
 fake.rf 1440.00000000 51226.76622773510889175 1.00000 7 
 fake.rf 1440.00000000 51236.72023369936703574 1.00000 7 
 fake.rf 1440.00000000 51246.69707505698022132 1.00000 7 
 fake.rf 1440.00000000 51256.69065062211197414 1.00000 7 
 fake.rf 1440.00000000 51266.68845096442913345 1.00000 7 
 fake.rf 1440.00000000 51276.63059805656465784 1.00000 7 
 fake.rf 1440.00000000 51286.63505267709355451 1.00000 7 
 fake.rf 1440.00000000 51296.61395700774919248 1.00000 7 
 fake.rf 1440.00000000 51306.59181088774443680 1.00000 7 
 fake.rf 1440.00000000 51316.53515427203626587 1.00000 7 
 fake.rf 1440.00000000 51326.53618964829135507 1.00000 7 
 fake.rf 1440.00000000 51336.51655387396467489 1.00000 7 
 fake.rf 1440.00000000 51346.44093634619433786 1.00000 7 
 fake.rf 1440.00000000 51356.46418805814913000 1.00000 7 
 fake.rf 1440.00000000 51366.38121745838345333 1.00000 7 
 fake.rf 1440.00000000 51376.40636051316915456 1.00000 7 
 fake.rf 1440.00000000 51386.33064205228653876 1.00000 7 
 fake.rf 1440.00000000 51396.35921623762108368 1.00000 7 
 fake.rf 1440.00000000 51406.25894732352838901 1.00000 7 
 fake.rf 1440.00000000 51416.30644087422378874 1.00000 7 
 fake.rf 1440.00000000 51426.24005044982043700 1.00000 7 
 fake.rf 1440.00000000 51436.24152544698415923 1.00000 7 
 fake.rf 1440.00000000 51446.20890014626561282 1.00000 7 
 fake.rf 1440.00000000 51456.13511783427770752 1.00000 7 
 fake.rf 1440.00000000 51466.11324215415886485 1.00000 7 
 fake.rf 1440.00000000 51476.09227870816692985 1.00000 7 
 fake.rf 1440.00000000 51486.03907088017753324 1.00000 7 
 fake.rf 1440.00000000 51496.03909552989845722 1.00000 7 
 fake.rf 1440.00000000 51506.00176812578037655 1.00000 7 
 fake.rf 1440.00000000 51516.02998493031319072 1.00000 7 
 fake.rf 1440.00000000 51525.99922879796727315 1.00000 7 
 fake.rf 1440.00000000 51535.93981554903530196 1.00000 7 
 fake.rf 1440.00000000 51545.94934264945466396 1.00000 7 
 fake.rf 1440.00000000 51555.92273213108990504 1.00000 7 
 fake.rf 1440.00000000 51565.88419879350833952 1.00000 7 
 fake.rf 1440.00000000 51575.83549729008355555 1.00000 7 
 fake.rf 1440.00000000 51585.77833822753792248 1.00000 7 
 fake.rf 1440.00000000 51595.77156385128318306 1.00000 7 
 fake.rf 1440.00000000 51605.72907094548865459 1.00000 7 
 fake.rf 1440.00000000 51615.76040348100412203 1.00000 7 
 fake.rf 1440.00000000 51625.72427680234157421 1.00000 7 
 fake.rf 1440.00000000 51635.62679026279159089 1.00000 7 
 fake.rf 1440.00000000 51645.66579130953354237 1.00000 7 
 fake.rf 1440.00000000 51655.58135142745669555 1.00000 7 
 fake.rf 1440.00000000 51665.61775432487239357 1.00000 7 
 fake.rf 1440.00000000 51675.51775574429343507 1.00000 7 
 fake.rf 1440.00000000 51685.56909650428760017 1.00000 7 
 fake.rf 1440.00000000 51695.47375197837548555 1.00000 7 
 fake.rf 1440.00000000 51705.51296533886016960 1.00000 7 
 fake.rf 1440.00000000 51715.49134156676230134 1.00000 7 
 fake.rf 1440.00000000 51725.38746156883841110 1.00000 7 
 fake.rf 1440.00000000 51735.38758863600907034 1.00000 7 
 fake.rf 1440.00000000 51745.39474428391783789 1.00000 7 
 fake.rf 1440.00000000 51755.36887671875490824 1.00000 7 
 fake.rf 1440.00000000 51765.32252580858781954 1.00000 7 
 fake.rf 1440.00000000 51775.25177680502631716 1.00000 7 
 fake.rf 1440.00000000 51785.23225008233878341 1.00000 7 
 fake.rf 1440.00000000 51795.24332911353578268 1.00000 7 
 fake.rf 1440.00000000 51805.19990892197781918 1.00000 7 
 fake.rf 1440.00000000 51815.17035916958365505 1.00000 7 
 fake.rf 1440.00000000 51825.15362602467862274 1.00000 7 
 fake.rf 1440.00000000 51835.10675408191585234 1.00000 7 
 fake.rf 1440.00000000 51845.12842868454989542 1.00000 7 
 fake.rf 1440.00000000 51855.06519371473058300 1.00000 7 
 fake.rf 1440.00000000 51865.01901558201189957 1.00000 7 
 fake.rf 1440.00000000 51875.02946103861376770 1.00000 7 
 fake.rf 1440.00000000 51884.94482902558676685 1.00000 7 
 fake.rf 1440.00000000 51894.95212939853839629 1.00000 7 
 fake.rf 1440.00000000 51904.89977157066888935 1.00000 7 
 fake.rf 1440.00000000 51914.88328428177716845 1.00000 7 
 fake.rf 1440.00000000 51924.86588821938914862 1.00000 7 
 fake.rf 1440.00000000 51934.88804127823737034 1.00000 7 
 fake.rf 1440.00000000 51944.80137178222346250 1.00000 7 
 fake.rf 1440.00000000 51954.76694777682267556 1.00000 7 
 fake.rf 1440.00000000 51964.73196534646352873 1.00000 7 
 fake.rf 1440.00000000 51974.70900312838963231 1.00000 7 
 fake.rf 1440.00000000 51984.68521824027826383 1.00000 7 
 fake.rf 1440.00000000 51994.64554753083888983 1.00000 7 
 fake.rf 1440.00000000 52004.63787840374753557 1.00000 7 
 fake.rf 1440.00000000 52014.59727780629554417 1.00000 7 
 fake.rf 1440.00000000 52024.56328776447013951 1.00000 7 
 fake.rf 1440.00000000 52034.56237630564071495 1.00000 7 
 fake.rf 1440.00000000 52044.54920716943056291 1.00000 7 
 fake.rf 1440.00000000 52054.54967702212634606 1.00000 7 
 fake.rf 1440.00000000 52064.46686901242662771 1.00000 7 
 fake.rf 1440.00000000 52074.43465328574306383 1.00000 7 
 fake.rf 1440.00000000 52084.47501184448842793 1.00000 7 
 fake.rf 1440.00000000 52094.39998138805449912 1.00000 7 
 fake.rf 1440.00000000 52104.40614897692474727 1.00000 7 
 fake.rf 1440.00000000 52114.34705839453340559 1.00000 7 
 fake.rf 1440.00000000 52124.35311592181253815 1.00000 7 
 fake.rf 1440.00000000 52134.28652135049215843 1.00000 7 
 fake.rf 1440.00000000 52144.29119639097676497 1.00000 7 
 fake.rf 1440.00000000 52154.26289955203776216 1.00000 7 
 fake.rf 1440.00000000 52164.24370768734898718 1.00000 7 
 fake.rf 1440.00000000 52174.22950893211534051 1.00000 7 
 fake.rf 1440.00000000 52184.15562866498043704 1.00000 7 
 fake.rf 1440.00000000 52194.16244229060490767 1.00000 7 
 fake.rf 1440.00000000 52204.09951505812792405 1.00000 7 
 fake.rf 1440.00000000 52214.08391452571041569 1.00000 7 
 fake.rf 1440.00000000 52224.01821190692220043 1.00000 7 
 fake.rf 1440.00000000 52234.04852618942996045 1.00000 7 
 fake.rf 1440.00000000 52243.99904976213900909 1.00000 7 
 fake.rf 1440.00000000 52253.95731532170830391 1.00000 7 
 fake.rf 1440.00000000 52263.98050996331625129 1.00000 7 
 fake.rf 1440.00000000 52273.92335543729791780 1.00000 7 
 fake.rf 1440.00000000 52283.88596307664844787 1.00000 7 
 fake.rf 1440.00000000 52293.82934385157194157 1.00000 7 
 fake.rf 1440.00000000 52303.84315624533354949 1.00000 7 
 fake.rf 1440.00000000 52313.82539905343475795 1.00000 7 
 fake.rf 1440.00000000 52323.75548361794590235 1.00000 7 
 fake.rf 1440.00000000 52333.76261028419716936 1.00000 7 
 fake.rf 1440.00000000 52343.77124610142631056 1.00000 7 
 fake.rf 1440.00000000 52353.71546583230352567 1.00000 7 
 fake.rf 1440.00000000 52363.66703328793083472 1.00000 7 
 fake.rf 1440.00000000 52373.62016546098089975 1.00000 7 
 fake.rf 1440.00000000 52383.64280706637356744 1.00000 7 
 fake.rf 1440.00000000 52393.57870398512942245 1.00000 7 
 fake.rf 1440.00000000 52403.56744348619252349 1.00000 7 
 fake.rf 1440.00000000 52413.54022369718520480 1.00000 7 
 fake.rf 1440.00000000 52423.52766771093133613 1.00000 7 
 fake.rf 1440.00000000 52433.46643578902296312 1.00000 7 
 fake.rf 1440.00000000 52443.48325899965817598 1.00000 7 
 fake.rf 1440.00000000 52453.41934908759647627 1.00000 7 
 fake.rf 1440.00000000 52463.44045798171541861 1.00000 7 
 fake.rf 1440.00000000 52473.38206042029025156 1.00000 7 
 fake.rf 1440.00000000 52483.33125603607808785 1.00000 7 
 fake.rf 1440.00000000 52493.30578895942012352 1.00000 7 
 fake.rf 1440.00000000 52503.28150931277285451 1.00000 7 
 fake.rf 1440.00000000 52513.27841541844319551 1.00000 7 
 fake.rf 1440.00000000 52523.26465210607656786 1.00000 7 
 fake.rf 1440.00000000 52533.20197417002437490 1.00000 7 
 fake.rf 1440.00000000 52543.17316557278203959 1.00000 7 
 fake.rf 1440.00000000 52553.13723027687062128 1.00000 7 
 fake.rf 1440.00000000 52563.14345550082061109 1.00000 7 
 fake.rf 1440.00000000 52573.08181251738927386 1.00000 7 
 fake.rf 1440.00000000 52583.09936033223710794 1.00000 7 
 fake.rf 1440.00000000 52593.01216420532476903 1.00000 7 
 fake.rf 1440.00000000 52603.00453966055668786 1.00000 7 
 fake.rf 1440.00000000 52612.97987088674573286 1.00000 7 
 fake.rf 1440.00000000 52622.98555521320395556 1.00000 7 
 fake.rf 1440.00000000 52632.93531960174699691 1.00000 7 
 fake.rf 1440.00000000 52642.94508171550794273 1.00000 7 
 fake.rf 1440.00000000 52652.90337292545495629 1.00000 7 
 fake.rf 1440.00000000 52662.82466135764311943 1.00000 7 
 fake.rf 1440.00000000 52672.81329526556073972 1.00000 7 
 fake.rf 1440.00000000 52682.83535639781359095 1.00000 7 
 fake.rf 1440.00000000 52692.80659077486377129 1.00000 7 
 fake.rf 1440.00000000 52702.75842600246330250 1.00000 7 
 fake.rf 1440.00000000 52712.71319743660944113 1.00000 7 
 fake.rf 1440.00000000 52722.68451638716592811 1.00000 7 
 fake.rf 1440.00000000 52732.65109995191480863 1.00000 7 
 fake.rf 1440.00000000 52742.65527724297012568 1.00000 7 
 fake.rf 1440.00000000 52752.58739041099018863 1.00000 7 
 fake.rf 1440.00000000 52762.60070170955684787 1.00000 7 
 fake.rf 1440.00000000 52772.56995890482773959 1.00000 7 
 fake.rf 1440.00000000 52782.55431208082406158 1.00000 7 
 fake.rf 1440.00000000 52792.46079006959732283 1.00000 7 
 fake.rf 1440.00000000 52802.51521784802939052 1.00000 7 
 fake.rf 1440.00000000 52812.41926239970856116 1.00000 7 
 fake.rf 1440.00000000 52822.43328406766307737 1.00000 7 
 fake.rf 1440.00000000 52832.41791964528375303 1.00000 7 
 fake.rf 1440.00000000 52842.36992391955912041 1.00000 7 
 fake.rf 1440.00000000 52852.29910790730048120 1.00000 7 
 fake.rf 1440.00000000 52862.27511244606234442 1.00000 7 
 fake.rf 1440.00000000 52872.26064636739691593 1.00000 7 
 fake.rf 1440.00000000 52882.23882508592041063 1.00000 7 
 fake.rf 1440.00000000 52892.25968177861791020 1.00000 7 
 fake.rf 1440.00000000 52902.18532392916050355 1.00000 7 
 fake.rf 1440.00000000 52912.18318232614307561 1.00000 7 
 fake.rf 1440.00000000 52922.12334126069414708 1.00000 7 
 fake.rf 1440.00000000 52932.08197209740110978 1.00000 7 
 fake.rf 1440.00000000 52942.05689931884459654 1.00000 7 
 fake.rf 1440.00000000 52952.03412459684444258 1.00000 7 
 fake.rf 1440.00000000 52962.06168434586843219 1.00000 7 
 fake.rf 1440.00000000 52971.98520429493062167 1.00000 7 
 fake.rf 1440.00000000 52981.97836781229774061 1.00000 7 
 fake.rf 1440.00000000 52991.97195970895619155 1.00000 7 
 fake.rf 1440.00000000 53001.89401827434258507 1.00000 7 
 fake.rf 1440.00000000 53011.86632142922286803 1.00000 7 
 fake.rf 1440.00000000 53021.84198916361642162 1.00000 7 
 fake.rf 1440.00000000 53031.84600437766517800 1.00000 7 
 fake.rf 1440.00000000 53041.81219541375839910 1.00000 7 
 fake.rf 1440.00000000 53051.81934466593332544 1.00000 7 
 fake.rf 1440.00000000 53061.78277743964817859 1.00000 7 
 fake.rf 1440.00000000 53071.70625076882957671 1.00000 7 
 fake.rf 1440.00000000 53081.70996144355442681 1.00000 7 
 fake.rf 1440.00000000 53091.68505180826546663 1.00000 7 
 fake.rf 1440.00000000 53101.62564085264078173 1.00000 7 
 fake.rf 1440.00000000 53111.62775027942717543 1.00000 7 
 fake.rf 1440.00000000 53121.61752296404026197 1.00000 7 
 fake.rf 1440.00000000 53131.59943793206841889 1.00000 7 
 fake.rf 1440.00000000 53141.53015385257051051 1.00000 7 
 fake.rf 1440.00000000 53151.49923519072313383 1.00000 7 
 fake.rf 1440.00000000 53161.52097189089136009 1.00000 7 
 fake.rf 1440.00000000 53171.45499664623346803 1.00000 7 
 fake.rf 1440.00000000 53181.43691626044254406 1.00000 7 
 fake.rf 1440.00000000 53191.38080255898280413 1.00000 7 
 fake.rf 1440.00000000 53201.36298840214788086 1.00000 7 
 fake.rf 1440.00000000 53211.38118777609613019 1.00000 7 
 fake.rf 1440.00000000 53221.35023695567165802 1.00000 7 
 fake.rf 1440.00000000 53231.29988586884839208 1.00000 7 
 fake.rf 1440.00000000 53241.30402051002151964 1.00000 7 
 fake.rf 1440.00000000 53251.27530121251142248 1.00000 7 
 fake.rf 1440.00000000 53261.22947982463129790 1.00000 7 
 fake.rf 1440.00000000 53271.20514516891232049 1.00000 7 
 fake.rf 1440.00000000 53281.12725005221752284 1.00000 7 
 fake.rf 1440.00000000 53291.10189663778784208 1.00000 7 
 fake.rf 1440.00000000 53301.09845807301928744 1.00000 7 
 fake.rf 1440.00000000 53311.05325935516592040 1.00000 7 
 fake.rf 1440.00000000 53321.02751342848734595 1.00000 7 
 fake.rf 1440.00000000 53331.02704683555852583 1.00000 7 
 fake.rf 1440.00000000 53341.01316767915973216 1.00000 7 
 fake.rf 1440.00000000 53350.98091709985465414 1.00000 7 
 fake.rf 1440.00000000 53360.93157076753110601 1.00000 7 
 fake.rf 1440.00000000 53370.90842881193443858 1.00000 7 
 fake.rf 1440.00000000 53380.91028916745859689 1.00000 7 
 fake.rf 1440.00000000 53390.89195783147996721 1.00000 7 
 fake.rf 1440.00000000 53400.87121058460293455 1.00000 7 
 fake.rf 1440.00000000 53410.84096432742968830 1.00000 7 
 fake.rf 1440.00000000 53420.76871338356381358 1.00000 7 
 fake.rf 1440.00000000 53430.76504320013248872 1.00000 7 
 fake.rf 1440.00000000 53440.74401628220991611 1.00000 7 
 fake.rf 1440.00000000 53450.71311887401461505 1.00000 7 
 fake.rf 1440.00000000 53460.70583434293389047 1.00000 7 
 fake.rf 1440.00000000 53470.65051510230914644 1.00000 7 
 fake.rf 1440.00000000 53480.58094682992026137 1.00000 7 
 fake.rf 1440.00000000 53490.58288619232427763 1.00000 7 
 fake.rf 1440.00000000 53500.58209089972517702 1.00000 7 
 fake.rf 1440.00000000 53510.52201280909086378 1.00000 7 
 fake.rf 1440.00000000 53520.48612252114307708 1.00000 7 
 fake.rf 1440.00000000 53530.48168083080935986 1.00000 7 
 fake.rf 1440.00000000 53540.48188935211639716 1.00000 7 
 fake.rf 1440.00000000 53550.39410467992034981 1.00000 7 
 fake.rf 1440.00000000 53560.38824796057269850 1.00000 7 
 fake.rf 1440.00000000 53570.36993950717017654 1.00000 7 
 fake.rf 1440.00000000 53580.36845777675116054 1.00000 7 
 fake.rf 1440.00000000 53590.31201033364855846 1.00000 7 
 fake.rf 1440.00000000 53600.29565277306280180 1.00000 7 
 fake.rf 1440.00000000 53610.23470341388522442 1.00000 7 
 fake.rf 1440.00000000 53620.24369503504183854 1.00000 7 
 fake.rf 1440.00000000 53630.22889574161386861 1.00000 7 
 fake.rf 1440.00000000 53640.19478420770441573 1.00000 7 
 fake.rf 1440.00000000 53650.13386773892702664 1.00000 7 
 fake.rf 1440.00000000 53660.11412222946884754 1.00000 7 
