FORMAT 1
 fake.rf 1440.00000000 50000.11504621354459488 1.00000 7 
 fake.rf 1440.00000000 50010.12489228049653889 1.00000 7 
 fake.rf 1440.00000000 50020.06519491203240335 1.00000 7 
 fake.rf 1440.00000000 50030.03661218833747881 1.00000 7 
 fake.rf 1440.00000000 50039.99987390917096164 1.00000 7 
 fake.rf 1440.00000000 50050.03207755807384771 1.00000 7 
 fake.rf 1440.00000000 50059.99330065131062995 1.00000 7 
 fake.rf 1440.00000000 50069.92991236754405904 1.00000 7 
 fake.rf 1440.00000000 50079.94347931715550715 1.00000 7 
 fake.rf 1440.00000000 50089.89315868058544368 1.00000 7 
 fake.rf 1440.00000000 50099.87223543410237880 1.00000 7 
 fake.rf 1440.00000000 50109.83230827590839240 1.00000 7 
 fake.rf 1440.00000000 50119.82701113622264799 1.00000 7 
 fake.rf 1440.00000000 50129.78732211927069784 1.00000 7 
 fake.rf 1440.00000000 50139.72344871306326297 1.00000 7 
 fake.rf 1440.00000000 50149.69914729267323494 1.00000 7 
 fake.rf 1440.00000000 50159.69521656765396500 1.00000 7 
 fake.rf 1440.00000000 50169.66111345222712359 1.00000 7 
 fake.rf 1440.00000000 50179.68178366451004990 1.00000 7 
 fake.rf 1440.00000000 50189.61569879064456146 1.00000 7 
 fake.rf 1440.00000000 50199.63761681684892935 1.00000 7 
 fake.rf 1440.00000000 50209.59143028303194711 1.00000 7 
 fake.rf 1440.00000000 50219.57293056695526445 1.00000 7 
 fake.rf 1440.00000000 50229.49004747771840584 1.00000 7 
 fake.rf 1440.00000000 50239.51670128723306874 1.00000 7 
 fake.rf 1440.00000000 50249.46904150887069207 1.00000 7 
 fake.rf 1440.00000000 50259.46433329975528181 1.00000 7 
 fake.rf 1440.00000000 50269.43877745113961453 1.00000 7 
 fake.rf 1440.00000000 50279.33729679765639631 1.00000 7 
 fake.rf 1440.00000000 50289.37504811130339633 1.00000 7 
 fake.rf 1440.00000000 50299.32318749511344791 1.00000 7 
 fake.rf 1440.00000000 50309.26870151683251819 1.00000 7 
 fake.rf 1440.00000000 50319.26026989691103353 1.00000 7 
 fake.rf 1440.00000000 50329.25934955133609705 1.00000 7 
 fake.rf 1440.00000000 50339.20358516174364283 1.00000 7 
 fake.rf 1440.00000000 50349.18571958551351031 1.00000 7 
 fake.rf 1440.00000000 50359.16097392360472895 1.00000 7 
 fake.rf 1440.00000000 50369.09373695423530037 1.00000 7 
 fake.rf 1440.00000000 50379.12312078053803077 1.00000 7 
 fake.rf 1440.00000000 50389.05591304324995860 1.00000 7 
 fake.rf 1440.00000000 50399.04899310421658143 1.00000 7 
 fake.rf 1440.00000000 50409.00142470375250525 1.00000 7 
 fake.rf 1440.00000000 50419.00492748374297847 1.00000 7 
 fake.rf 1440.00000000 50428.93668138913602306 1.00000 7 
 fake.rf 1440.00000000 50438.96006161440567084 1.00000 7 
 fake.rf 1440.00000000 50448.92699535531114563 1.00000 7 
 fake.rf 1440.00000000 50458.86175212915085808 1.00000 7 
 fake.rf 1440.00000000 50468.82517264617441555 1.00000 7 
 fake.rf 1440.00000000 50478.86864094290061900 1.00000 7 
 fake.rf 1440.00000000 50488.76803892910161764 1.00000 7 
 fake.rf 1440.00000000 50498.77601226565519710 1.00000 7 
 fake.rf 1440.00000000 50508.78536951805780575 1.00000 7 
 fake.rf 1440.00000000 50518.74921869996955337 1.00000 7 
 fake.rf 1440.00000000 50528.68266328443290547 1.00000 7 
 fake.rf 1440.00000000 50538.63644180940029571 1.00000 7 
 fake.rf 1440.00000000 50548.65424910034460737 1.00000 7 
 fake.rf 1440.00000000 50558.65067156771293355 1.00000 7 
 fake.rf 1440.00000000 50568.62704627050214157 1.00000 7 
 fake.rf 1440.00000000 50578.56326870898302772 1.00000 7 
 fake.rf 1440.00000000 50588.56884822984217465 1.00000 7 
 fake.rf 1440.00000000 50598.52694520287705870 1.00000 7 
 fake.rf 1440.00000000 50608.43861134535155699 1.00000 7 
 fake.rf 1440.00000000 50618.41700921270039970 1.00000 7 
 fake.rf 1440.00000000 50628.39397888375429702 1.00000 7 
 fake.rf 1440.00000000 50638.41536237132876863 1.00000 7 
 fake.rf 1440.00000000 50648.36530016357984962 1.00000 7 
 fake.rf 1440.00000000 50658.35170862603508724 1.00000 7 
 fake.rf 1440.00000000 50668.29231746867715103 1.00000 7 
 fake.rf 1440.00000000 50678.28565593423603985 1.00000 7 
 fake.rf 1440.00000000 50688.24541921431469760 1.00000 7 
 fake.rf 1440.00000000 50698.22945799114775056 1.00000 7 
 fake.rf 1440.00000000 50708.24318084460189127 1.00000 7 
 fake.rf 1440.00000000 50718.18268004548096783 1.00000 7 
 fake.rf 1440.00000000 50728.11419261577453454 1.00000 7 
 fake.rf 1440.00000000 50738.08697372359209865 1.00000 7 
 fake.rf 1440.00000000 50748.07715748286292978 1.00000 7 
 fake.rf 1440.00000000 50758.08624140349190057 1.00000 7 
 fake.rf 1440.00000000 50768.02108364943770269 1.00000 7 
 fake.rf 1440.00000000 50778.00199230261019068 1.00000 7 
 fake.rf 1440.00000000 50787.99851545392901997 1.00000 7 
 fake.rf 1440.00000000 50797.94339341239504648 1.00000 7 
 fake.rf 1440.00000000 50807.95957968840211905 1.00000 7 
 fake.rf 1440.00000000 50817.90943116577418337 1.00000 7 
 fake.rf 1440.00000000 50827.84546257483397369 1.00000 7 
 fake.rf 1440.00000000 50837.82239779413117375 1.00000 7 
 fake.rf 1440.00000000 50847.83666543285656303 1.00000 7 
 fake.rf 1440.00000000 50857.81780852914486246 1.00000 7 
 fake.rf 1440.00000000 50867.73513717227781328 1.00000 7 
 fake.rf 1440.00000000 50877.75308384649018123 1.00000 7 
 fake.rf 1440.00000000 50887.69775370238935253 1.00000 7 
 fake.rf 1440.00000000 50897.64796616350405145 1.00000 7 
 fake.rf 1440.00000000 50907.65131417286998783 1.00000 7 
 fake.rf 1440.00000000 50917.61828785023130450 1.00000 7 
 fake.rf 1440.00000000 50927.57420249724708938 1.00000 7 
 fake.rf 1440.00000000 50937.58182455836582037 1.00000 7 
 fake.rf 1440.00000000 50947.51415272429487757 1.00000 7 
 fake.rf 1440.00000000 50957.53064279934066860 1.00000 7 
 fake.rf 1440.00000000 50967.46864429947845210 1.00000 7 
 fake.rf 1440.00000000 50977.45221897143606071 1.00000 7 
 fake.rf 1440.00000000 50987.40601854263872994 1.00000 7 
 fake.rf 1440.00000000 50997.41442099977554747 1.00000 7 
 fake.rf 1440.00000000 51007.40933877236887994 1.00000 7 
 fake.rf 1440.00000000 51017.32083217885345050 1.00000 7 
 fake.rf 1440.00000000 51027.29603819705821621 1.00000 7 
 fake.rf 1440.00000000 51037.33310622050422722 1.00000 7 
 fake.rf 1440.00000000 51047.24468504281387382 1.00000 7 
 fake.rf 1440.00000000 51057.23737915121437680 1.00000 7 
 fake.rf 1440.00000000 51067.22750206158626085 1.00000 7 
 fake.rf 1440.00000000 51077.18456082090054693 1.00000 7 
 fake.rf 1440.00000000 51087.18546793743503898 1.00000 7 
 fake.rf 1440.00000000 51097.11608501285197548 1.00000 7 
 fake.rf 1440.00000000 51107.12865938521071740 1.00000 7 
 fake.rf 1440.00000000 51117.08972374406018702 1.00000 7 
 fake.rf 1440.00000000 51127.08083000429282805 1.00000 7 
 fake.rf 1440.00000000 51137.05674009889168019 1.00000 7 
 fake.rf 1440.00000000 51147.02204397573582284 1.00000 7 
 fake.rf 1440.00000000 51156.97138889162761899 1.00000 7 
 fake.rf 1440.00000000 51166.95574641659982618 1.00000 7 
 fake.rf 1440.00000000 51176.94901660604589466 1.00000 7 
 fake.rf 1440.00000000 51186.86027922601235218 1.00000 7 
 fake.rf 1440.00000000 51196.89994428960872241 1.00000 7 
 fake.rf 1440.00000000 51206.87073127085636415 1.00000 7 
 fake.rf 1440.00000000 51216.81264617440461606 1.00000 7 
 fake.rf 1440.00000000 51226.76325593072550646 1.00000 7 
 fake.rf 1440.00000000 51236.71726188992684925 1.00000 7 
 fake.rf 1440.00000000 51246.69410322233912680 1.00000 7 
 fake.rf 1440.00000000 51256.68767877200629002 1.00000 7 
 fake.rf 1440.00000000 51266.68547919646868039 1.00000 7 
 fake.rf 1440.00000000 51276.62762629710233497 1.00000 7 
 fake.rf 1440.00000000 51286.63208092808221394 1.00000 7 
 fake.rf 1440.00000000 51296.61098516527878033 1.00000 7 
 fake.rf 1440.00000000 51306.58883905544805870 1.00000 7 
 fake.rf 1440.00000000 51316.53218251750797307 1.00000 7 
 fake.rf 1440.00000000 51326.53321782242132443 1.00000 7 
 fake.rf 1440.00000000 51336.51358207672376111 1.00000 7 
 fake.rf 1440.00000000 51346.43796447681755168 1.00000 7 
 fake.rf 1440.00000000 51356.46121627670106591 1.00000 7 
 fake.rf 1440.00000000 51366.37824566179354235 1.00000 7 
 fake.rf 1440.00000000 51376.40338869344993356 1.00000 7 
 fake.rf 1440.00000000 51386.32767025238857883 1.00000 7 
 fake.rf 1440.00000000 51396.35624441080775782 1.00000 7 
 fake.rf 1440.00000000 51406.25597554657463562 1.00000 7 
 fake.rf 1440.00000000 51416.30346909782262088 1.00000 7 
 fake.rf 1440.00000000 51426.23707861417905107 1.00000 7 
 fake.rf 1440.00000000 51436.23855363185967349 1.00000 7 
 fake.rf 1440.00000000 51446.20592832902869773 1.00000 7 
 fake.rf 1440.00000000 51456.13214602768437089 1.00000 7 
 fake.rf 1440.00000000 51466.11027034434149741 1.00000 7 
 fake.rf 1440.00000000 51476.08930688846238155 1.00000 7 
 fake.rf 1440.00000000 51486.03609910830534346 1.00000 7 
 fake.rf 1440.00000000 51496.03612366854428473 1.00000 7 
 fake.rf 1440.00000000 51505.99879630810201903 1.00000 7 
 fake.rf 1440.00000000 51516.02701318255381935 1.00000 7 
 fake.rf 1440.00000000 51525.99625698928106132 1.00000 7 
 fake.rf 1440.00000000 51535.93684370848135856 1.00000 7 
 fake.rf 1440.00000000 51545.94637087461498481 1.00000 7 
 fake.rf 1440.00000000 51555.91976032489198545 1.00000 7 
 fake.rf 1440.00000000 51565.88122693874816704 1.00000 7 
 fake.rf 1440.00000000 51575.83252549677279930 1.00000 7 
 fake.rf 1440.00000000 51585.77536642059429894 1.00000 7 
 fake.rf 1440.00000000 51595.76859197462033180 1.00000 7 
 fake.rf 1440.00000000 51605.72609914538401910 1.00000 7 
 fake.rf 1440.00000000 51615.75743163569156025 1.00000 7 
 fake.rf 1440.00000000 51625.72130495667915540 1.00000 7 
 fake.rf 1440.00000000 51635.62381842962973622 1.00000 7 
 fake.rf 1440.00000000 51645.66281949751448366 1.00000 7 
 fake.rf 1440.00000000 51655.57837956515250255 1.00000 7 
 fake.rf 1440.00000000 51665.61478249759773362 1.00000 7 
 fake.rf 1440.00000000 51675.51478396501788737 1.00000 7 
 fake.rf 1440.00000000 51685.56612476155664382 1.00000 7 
 fake.rf 1440.00000000 51695.47078022892641869 1.00000 7 
 fake.rf 1440.00000000 51705.50999346032679327 1.00000 7 
 fake.rf 1440.00000000 51715.48836972363023534 1.00000 7 
 fake.rf 1440.00000000 51725.38448976661634049 1.00000 7 
 fake.rf 1440.00000000 51735.38461685519027000 1.00000 7 
 fake.rf 1440.00000000 51745.39177251734475504 1.00000 7 
 fake.rf 1440.00000000 51755.36590492063790236 1.00000 7 
 fake.rf 1440.00000000 51765.31955402275015743 1.00000 7 
 fake.rf 1440.00000000 51775.24880499203536743 1.00000 7 
 fake.rf 1440.00000000 51785.22927828463073752 1.00000 7 
 fake.rf 1440.00000000 51795.24035728591563910 1.00000 7 
 fake.rf 1440.00000000 51805.19693712933823093 1.00000 7 
 fake.rf 1440.00000000 51815.16738737748911703 1.00000 7 
 fake.rf 1440.00000000 51825.15065421940469292 1.00000 7 
 fake.rf 1440.00000000 51835.10378227783049354 1.00000 7 
 fake.rf 1440.00000000 51845.12545688558736501 1.00000 7 
 fake.rf 1440.00000000 51855.06222185553207638 1.00000 7 
 fake.rf 1440.00000000 51865.01604370395434884 1.00000 7 
 fake.rf 1440.00000000 51875.02648928503075965 1.00000 7 
 fake.rf 1440.00000000 51884.94185715207182596 1.00000 7 
 fake.rf 1440.00000000 51894.94915761160806511 1.00000 7 
 fake.rf 1440.00000000 51904.89679974968189669 1.00000 7 
 fake.rf 1440.00000000 51914.88031243934244330 1.00000 7 
 fake.rf 1440.00000000 51924.86291638925678882 1.00000 7 
 fake.rf 1440.00000000 51934.88506945254449221 1.00000 7 
 fake.rf 1440.00000000 51944.79839997544651098 1.00000 7 
 fake.rf 1440.00000000 51954.76397597992941257 1.00000 7 
 fake.rf 1440.00000000 51964.72899351669634171 1.00000 7 
 fake.rf 1440.00000000 51974.70603125637208564 1.00000 7 
 fake.rf 1440.00000000 51984.68224640974606388 1.00000 7 
 fake.rf 1440.00000000 51994.64257569595252306 1.00000 7 
 fake.rf 1440.00000000 52004.63490660921939934 1.00000 7 
 fake.rf 1440.00000000 52014.59430601117475135 1.00000 7 
 fake.rf 1440.00000000 52024.56031592134456787 1.00000 7 
 fake.rf 1440.00000000 52034.55940451058550877 1.00000 7 
 fake.rf 1440.00000000 52044.54623534673279295 1.00000 7 
 fake.rf 1440.00000000 52054.54670520521291976 1.00000 7 
 fake.rf 1440.00000000 52064.46389722651731802 1.00000 7 
 fake.rf 1440.00000000 52074.43168148875843215 1.00000 7 
 fake.rf 1440.00000000 52084.47203998643620793 1.00000 7 
 fake.rf 1440.00000000 52094.39700962914216475 1.00000 7 
 fake.rf 1440.00000000 52104.40317718163515082 1.00000 7 
 fake.rf 1440.00000000 52114.34408659026410149 1.00000 7 
 fake.rf 1440.00000000 52124.35014412670395600 1.00000 7 
 fake.rf 1440.00000000 52134.28354955083544198 1.00000 7 
 fake.rf 1440.00000000 52144.28822461543632016 1.00000 7 
 fake.rf 1440.00000000 52154.25992778761042246 1.00000 7 
 fake.rf 1440.00000000 52164.24073589366727788 1.00000 7 
 fake.rf 1440.00000000 52174.22653714891247745 1.00000 7 
 fake.rf 1440.00000000 52184.15265685130195550 1.00000 7 
 fake.rf 1440.00000000 52194.15947050068228918 1.00000 7 
 fake.rf 1440.00000000 52204.09654320368435521 1.00000 7 
 fake.rf 1440.00000000 52214.08094274047113714 1.00000 7 
 fake.rf 1440.00000000 52224.01524007081470558 1.00000 7 
 fake.rf 1440.00000000 52234.04555438834058734 1.00000 7 
 fake.rf 1440.00000000 52243.99607799787137807 1.00000 7 
 fake.rf 1440.00000000 52253.95434348313867545 1.00000 7 
 fake.rf 1440.00000000 52263.97753818129099912 1.00000 7 
 fake.rf 1440.00000000 52273.92038360324910684 1.00000 7 
 fake.rf 1440.00000000 52283.88299120117571661 1.00000 7 
 fake.rf 1440.00000000 52293.82637203256150826 1.00000 7 
 fake.rf 1440.00000000 52303.84018443686207789 1.00000 7 
 fake.rf 1440.00000000 52313.82242730878080295 1.00000 7 
 fake.rf 1440.00000000 52323.75251185064313120 1.00000 7 
 fake.rf 1440.00000000 52333.75963842100746248 1.00000 7 
 fake.rf 1440.00000000 52343.76827428355933947 1.00000 7 
 fake.rf 1440.00000000 52353.71249394821488465 1.00000 7 
 fake.rf 1440.00000000 52363.66406143408318741 1.00000 7 
 fake.rf 1440.00000000 52373.61719359864408219 1.00000 7 
 fake.rf 1440.00000000 52383.63983522559492201 1.00000 7 
 fake.rf 1440.00000000 52393.57573221964893406 1.00000 7 
 fake.rf 1440.00000000 52403.56447168899973477 1.00000 7 
 fake.rf 1440.00000000 52413.53725191824802110 1.00000 7 
 fake.rf 1440.00000000 52423.52469588885762874 1.00000 7 
 fake.rf 1440.00000000 52433.46346396806692525 1.00000 7 
 fake.rf 1440.00000000 52443.48028724400574774 1.00000 7 
 fake.rf 1440.00000000 52453.41637730959900310 1.00000 7 
 fake.rf 1440.00000000 52463.43748619501618080 1.00000 7 
 fake.rf 1440.00000000 52473.37908859247469806 1.00000 7 
 fake.rf 1440.00000000 52483.32828425423057439 1.00000 7 
 fake.rf 1440.00000000 52493.30281715898664174 1.00000 7 
 fake.rf 1440.00000000 52503.27853753761752031 1.00000 7 
 fake.rf 1440.00000000 52513.27544355399224685 1.00000 7 
 fake.rf 1440.00000000 52523.26168032595520785 1.00000 7 
 fake.rf 1440.00000000 52533.19900238027155837 1.00000 7 
 fake.rf 1440.00000000 52543.17019370935352640 1.00000 7 
 fake.rf 1440.00000000 52553.13425846122749974 1.00000 7 
 fake.rf 1440.00000000 52563.14048366976414783 1.00000 7 
 fake.rf 1440.00000000 52573.07884068188064575 1.00000 7 
 fake.rf 1440.00000000 52583.09638848529385413 1.00000 7 
 fake.rf 1440.00000000 52593.00919236792933020 1.00000 7 
 fake.rf 1440.00000000 52603.00156786146473564 1.00000 7 
 fake.rf 1440.00000000 52612.97689900768714821 1.00000 7 
 fake.rf 1440.00000000 52622.98258342592458803 1.00000 7 
 fake.rf 1440.00000000 52632.93234780184404187 1.00000 7 
 fake.rf 1440.00000000 52642.94210993690139588 1.00000 7 
 fake.rf 1440.00000000 52652.90040116440400197 1.00000 7 
 fake.rf 1440.00000000 52662.82168954383826787 1.00000 7 
 fake.rf 1440.00000000 52672.81032346671680600 1.00000 7 
 fake.rf 1440.00000000 52682.83238454125037009 1.00000 7 
 fake.rf 1440.00000000 52692.80361891317151191 1.00000 7 
 fake.rf 1440.00000000 52702.75545415299428242 1.00000 7 
 fake.rf 1440.00000000 52712.71022569765467836 1.00000 7 
 fake.rf 1440.00000000 52722.68154461504369834 1.00000 7 
 fake.rf 1440.00000000 52732.64812816020076980 1.00000 7 
 fake.rf 1440.00000000 52742.65230539833242318 1.00000 7 
 fake.rf 1440.00000000 52752.58441859600785051 1.00000 7 
 fake.rf 1440.00000000 52762.59772992057018826 1.00000 7 
 fake.rf 1440.00000000 52772.56698704168808334 1.00000 7 
 fake.rf 1440.00000000 52782.55134030004970214 1.00000 7 
 fake.rf 1440.00000000 52792.45781827748346871 1.00000 7 
 fake.rf 1440.00000000 52802.51224599203099430 1.00000 7 
 fake.rf 1440.00000000 52812.41629064256980541 1.00000 7 
 fake.rf 1440.00000000 52822.43031229826297945 1.00000 7 
 fake.rf 1440.00000000 52832.41494780467467152 1.00000 7 
 fake.rf 1440.00000000 52842.36695212206069883 1.00000 7 
 fake.rf 1440.00000000 52852.29613612628710939 1.00000 7 
 fake.rf 1440.00000000 52862.27214068254168566 1.00000 7 
 fake.rf 1440.00000000 52872.25767457931674542 1.00000 7 
 fake.rf 1440.00000000 52882.23585327077902107 1.00000 7 
 fake.rf 1440.00000000 52892.25670996449813899 1.00000 7 
 fake.rf 1440.00000000 52902.18235209348535619 1.00000 7 
 fake.rf 1440.00000000 52912.18021057788473627 1.00000 7 
 fake.rf 1440.00000000 52922.12036943217356111 1.00000 7 
 fake.rf 1440.00000000 52932.07900030386302248 1.00000 7 
 fake.rf 1440.00000000 52942.05392745925648157 1.00000 7 
 fake.rf 1440.00000000 52952.03115277958979945 1.00000 7 
 fake.rf 1440.00000000 52962.05871253763566742 1.00000 7 
 fake.rf 1440.00000000 52971.98223250124932449 1.00000 7 
 fake.rf 1440.00000000 52981.97539603456368340 1.00000 7 
 fake.rf 1440.00000000 52991.96898783737681171 1.00000 7 
 fake.rf 1440.00000000 53001.89104653136164202 1.00000 7 
 fake.rf 1440.00000000 53011.86334963040458490 1.00000 7 
 fake.rf 1440.00000000 53021.83901732961997766 1.00000 7 
 fake.rf 1440.00000000 53031.84303257584779345 1.00000 7 
 fake.rf 1440.00000000 53041.80922357758747410 1.00000 7 
 fake.rf 1440.00000000 53051.81637281239874326 1.00000 7 
 fake.rf 1440.00000000 53061.77980561568971751 1.00000 7 
 fake.rf 1440.00000000 53071.70327897645670845 1.00000 7 
 fake.rf 1440.00000000 53081.70698967753541808 1.00000 7 
 fake.rf 1440.00000000 53091.68208005037489983 1.00000 7 
 fake.rf 1440.00000000 53101.62266902987235895 1.00000 7 
 fake.rf 1440.00000000 53111.62477843753489992 1.00000 7 
 fake.rf 1440.00000000 53121.61455112844273785 1.00000 7 
 fake.rf 1440.00000000 53131.59646609876743995 1.00000 7 
 fake.rf 1440.00000000 53141.52718202153414140 1.00000 7 
 fake.rf 1440.00000000 53151.49626338665641256 1.00000 7 
 fake.rf 1440.00000000 53161.51800005444075836 1.00000 7 
 fake.rf 1440.00000000 53171.45202484284082800 1.00000 7 
 fake.rf 1440.00000000 53181.43394441120536698 1.00000 7 
 fake.rf 1440.00000000 53191.37783073580103022 1.00000 7 
 fake.rf 1440.00000000 53201.36001654341657741 1.00000 7 
 fake.rf 1440.00000000 53211.37821593888599025 1.00000 7 
 fake.rf 1440.00000000 53221.34726509227595059 1.00000 7 
 fake.rf 1440.00000000 53231.29691408004694964 1.00000 7 
 fake.rf 1440.00000000 53241.30104867029747240 1.00000 7 
 fake.rf 1440.00000000 53251.27232933947612281 1.00000 7 
 fake.rf 1440.00000000 53261.22650800052233677 1.00000 7 
 fake.rf 1440.00000000 53271.20217332226995666 1.00000 7 
 fake.rf 1440.00000000 53281.12427829532308010 1.00000 7 
 fake.rf 1440.00000000 53291.09892483605010227 1.00000 7 
 fake.rf 1440.00000000 53301.09548625193389526 1.00000 7 
 fake.rf 1440.00000000 53311.05028757814516993 1.00000 7 
 fake.rf 1440.00000000 53321.02454157869537710 1.00000 7 
 fake.rf 1440.00000000 53331.02407503139843570 1.00000 7 
 fake.rf 1440.00000000 53341.01019590957653094 1.00000 7 
 fake.rf 1440.00000000 53350.97794532080665419 1.00000 7 
 fake.rf 1440.00000000 53360.92859895188157893 1.00000 7 
 fake.rf 1440.00000000 53370.90545700213726477 1.00000 7 
 fake.rf 1440.00000000 53380.90731738658401895 1.00000 7 
 fake.rf 1440.00000000 53390.88898607421103293 1.00000 7 
 fake.rf 1440.00000000 53400.86823880488435989 1.00000 7 
 fake.rf 1440.00000000 53410.83799253559213582 1.00000 7 
 fake.rf 1440.00000000 53420.76574160645492739 1.00000 7 
 fake.rf 1440.00000000 53430.76207137930524738 1.00000 7 
 fake.rf 1440.00000000 53440.74104443002616804 1.00000 7 
 fake.rf 1440.00000000 53450.71014709498010831 1.00000 7 
 fake.rf 1440.00000000 53460.70286253374566243 1.00000 7 
 fake.rf 1440.00000000 53470.64754325609691676 1.00000 7 
 fake.rf 1440.00000000 53480.57797502893368957 1.00000 7 
 fake.rf 1440.00000000 53490.57991434963393829 1.00000 7 
 fake.rf 1440.00000000 53500.57911912312190950 1.00000 7 
 fake.rf 1440.00000000 53510.51904101781282819 1.00000 7 
 fake.rf 1440.00000000 53520.48315074227755161 1.00000 7 
 fake.rf 1440.00000000 53530.47870897823490566 1.00000 7 
 fake.rf 1440.00000000 53540.47891753290579686 1.00000 7 
 fake.rf 1440.00000000 53550.39113283847873959 1.00000 7 
 fake.rf 1440.00000000 53560.38527613168267649 1.00000 7 
 fake.rf 1440.00000000 53570.36696768192613405 1.00000 7 
 fake.rf 1440.00000000 53580.36548593413110098 1.00000 7 
 fake.rf 1440.00000000 53590.30903852318932579 1.00000 7 
 fake.rf 1440.00000000 53600.29268092993179806 1.00000 7 
 fake.rf 1440.00000000 53610.23173162148038884 1.00000 7 
 fake.rf 1440.00000000 53620.24072320050143858 1.00000 7 
 fake.rf 1440.00000000 53630.22592400589546813 1.00000 7 
 fake.rf 1440.00000000 53640.19181244480994408 1.00000 7 
 fake.rf 1440.00000000 53650.13089586858044200 1.00000 7 
 fake.rf 1440.00000000 53660.11115037161090058 1.00000 7 
