FORMAT 1
 fake.rf 1440.00000000 50000.15277674768121940 1.00000 7 
 fake.rf 1440.00000000 50010.16262285214726901 1.00000 7 
 fake.rf 1440.00000000 50020.10292547714427869 1.00000 7 
 fake.rf 1440.00000000 50030.07434276710179688 1.00000 7 
 fake.rf 1440.00000000 50040.03760442395416774 1.00000 7 
 fake.rf 1440.00000000 50050.06980812255982727 1.00000 7 
 fake.rf 1440.00000000 50060.03103114989660583 1.00000 7 
 fake.rf 1440.00000000 50069.96764296566883701 1.00000 7 
 fake.rf 1440.00000000 50079.98120987637953760 1.00000 7 
 fake.rf 1440.00000000 50089.93088923796074141 1.00000 7 
 fake.rf 1440.00000000 50099.90996599780270770 1.00000 7 
 fake.rf 1440.00000000 50109.87003881049102105 1.00000 7 
 fake.rf 1440.00000000 50119.86474168396809858 1.00000 7 
 fake.rf 1440.00000000 50129.82505265094799185 1.00000 7 
 fake.rf 1440.00000000 50139.76117920845639020 1.00000 7 
 fake.rf 1440.00000000 50149.73687781389072526 1.00000 7 
 fake.rf 1440.00000000 50159.73294710268260133 1.00000 7 
 fake.rf 1440.00000000 50169.69884401654312356 1.00000 7 
 fake.rf 1440.00000000 50179.71951414220354337 1.00000 7 
 fake.rf 1440.00000000 50189.65342933243237766 1.00000 7 
 fake.rf 1440.00000000 50199.67534733677653236 1.00000 7 
 fake.rf 1440.00000000 50209.62916080693129572 1.00000 7 
 fake.rf 1440.00000000 50219.61066113961472013 1.00000 7 
 fake.rf 1440.00000000 50229.52777799811272175 1.00000 7 
 fake.rf 1440.00000000 50239.55443180636224909 1.00000 7 
 fake.rf 1440.00000000 50249.50677203786840863 1.00000 7 
 fake.rf 1440.00000000 50259.50206384823824024 1.00000 7 
 fake.rf 1440.00000000 50269.47650803866346791 1.00000 7 
 fake.rf 1440.00000000 50279.37502736042949181 1.00000 7 
 fake.rf 1440.00000000 50289.41277863382804725 1.00000 7 
 fake.rf 1440.00000000 50299.36091807243387208 1.00000 7 
 fake.rf 1440.00000000 50309.30643202892027688 1.00000 7 
 fake.rf 1440.00000000 50319.29800038034139575 1.00000 7 
 fake.rf 1440.00000000 50329.29708008601604519 1.00000 7 
 fake.rf 1440.00000000 50339.24131569985580370 1.00000 7 
 fake.rf 1440.00000000 50349.22345013852723028 1.00000 7 
 fake.rf 1440.00000000 50359.19870449671438450 1.00000 7 
 fake.rf 1440.00000000 50369.13146743328817934 1.00000 7 
 fake.rf 1440.00000000 50379.16085131804571873 1.00000 7 
 fake.rf 1440.00000000 50389.09364363091433603 1.00000 7 
 fake.rf 1440.00000000 50399.08672360831177528 1.00000 7 
 fake.rf 1440.00000000 50409.03915527542096342 1.00000 7 
 fake.rf 1440.00000000 50419.04265801895012800 1.00000 7 
 fake.rf 1440.00000000 50428.97441193522690739 1.00000 7 
 fake.rf 1440.00000000 50438.99779216327231879 1.00000 7 
 fake.rf 1440.00000000 50448.96472582086394354 1.00000 7 
 fake.rf 1440.00000000 50458.89948265425660168 1.00000 7 
 fake.rf 1440.00000000 50468.86290320148937738 1.00000 7 
 fake.rf 1440.00000000 50478.90637142913210411 1.00000 7 
 fake.rf 1440.00000000 50488.80576948071037791 1.00000 7 
 fake.rf 1440.00000000 50498.81374282254590824 1.00000 7 
 fake.rf 1440.00000000 50508.82310004627972333 1.00000 7 
 fake.rf 1440.00000000 50518.78694928322867597 1.00000 7 
 fake.rf 1440.00000000 50528.72039378917152064 1.00000 7 
 fake.rf 1440.00000000 50538.67417239244819882 1.00000 7 
 fake.rf 1440.00000000 50548.69197967121469262 1.00000 7 
 fake.rf 1440.00000000 50558.68840215584815923 1.00000 7 
 fake.rf 1440.00000000 50568.66477680055918853 1.00000 7 
 fake.rf 1440.00000000 50578.60099929140049824 1.00000 7 
 fake.rf 1440.00000000 50588.60657870920105239 1.00000 7 
 fake.rf 1440.00000000 50598.56467576387688823 1.00000 7 
 fake.rf 1440.00000000 50608.47634192802135189 1.00000 7 
 fake.rf 1440.00000000 50618.45473968632338924 1.00000 7 
 fake.rf 1440.00000000 50628.43170943403920248 1.00000 7 
 fake.rf 1440.00000000 50638.45309288047693030 1.00000 7 
 fake.rf 1440.00000000 50648.40303074072686584 1.00000 7 
 fake.rf 1440.00000000 50658.38943916276350166 1.00000 7 
 fake.rf 1440.00000000 50668.33004802668856215 1.00000 7 
 fake.rf 1440.00000000 50678.32338645223405749 1.00000 7 
 fake.rf 1440.00000000 50688.28314974474088217 1.00000 7 
 fake.rf 1440.00000000 50698.26718851778133867 1.00000 7 
 fake.rf 1440.00000000 50708.28091138755197775 1.00000 7 
 fake.rf 1440.00000000 50718.22041061922273997 1.00000 7 
 fake.rf 1440.00000000 50728.15192314760673753 1.00000 7 
 fake.rf 1440.00000000 50738.12470420913627933 1.00000 7 
 fake.rf 1440.00000000 50748.11488801846701335 1.00000 7 
 fake.rf 1440.00000000 50758.12397190859131868 1.00000 7 
 fake.rf 1440.00000000 50768.05881419486622619 1.00000 7 
 fake.rf 1440.00000000 50778.03972282859121634 1.00000 7 
 fake.rf 1440.00000000 50788.03624598610308283 1.00000 7 
 fake.rf 1440.00000000 50797.98112391336633564 1.00000 7 
 fake.rf 1440.00000000 50807.99731022069210340 1.00000 7 
 fake.rf 1440.00000000 50817.94716173440560070 1.00000 7 
 fake.rf 1440.00000000 50827.88319312167379493 1.00000 7 
 fake.rf 1440.00000000 50837.86012828760027560 1.00000 7 
 fake.rf 1440.00000000 50847.87439597007380598 1.00000 7 
 fake.rf 1440.00000000 50857.85553908654804900 1.00000 7 
 fake.rf 1440.00000000 50867.77286768630090918 1.00000 7 
 fake.rf 1440.00000000 50877.79081438288795525 1.00000 7 
 fake.rf 1440.00000000 50887.73548422558055648 1.00000 7 
 fake.rf 1440.00000000 50897.68569672722613362 1.00000 7 
 fake.rf 1440.00000000 50907.68904467909880296 1.00000 7 
 fake.rf 1440.00000000 50917.65601835978721112 1.00000 7 
 fake.rf 1440.00000000 50927.61193303713125502 1.00000 7 
 fake.rf 1440.00000000 50937.61955507635338591 1.00000 7 
 fake.rf 1440.00000000 50947.55188327592796327 1.00000 7 
 fake.rf 1440.00000000 50957.56837332645422123 1.00000 7 
 fake.rf 1440.00000000 50967.50637480515759492 1.00000 7 
 fake.rf 1440.00000000 50977.48994949252752917 1.00000 7 
 fake.rf 1440.00000000 50987.44374905784106744 1.00000 7 
 fake.rf 1440.00000000 50997.45215154797567436 1.00000 7 
 fake.rf 1440.00000000 51007.44706930814096779 1.00000 7 
 fake.rf 1440.00000000 51017.35856272478403994 1.00000 7 
 fake.rf 1440.00000000 51027.33376874693778902 1.00000 7 
 fake.rf 1440.00000000 51037.37083675776744940 1.00000 7 
 fake.rf 1440.00000000 51047.28241552009597015 1.00000 7 
 fake.rf 1440.00000000 51057.27510972983726845 1.00000 7 
 fake.rf 1440.00000000 51067.26523264888475140 1.00000 7 
 fake.rf 1440.00000000 51077.22229135937180544 1.00000 7 
 fake.rf 1440.00000000 51087.22319845690673645 1.00000 7 
 fake.rf 1440.00000000 51097.15381557372051446 1.00000 7 
 fake.rf 1440.00000000 51107.16638995758318487 1.00000 7 
 fake.rf 1440.00000000 51117.12745423449031890 1.00000 7 
 fake.rf 1440.00000000 51127.11856050160826115 1.00000 7 
 fake.rf 1440.00000000 51137.09447060667425689 1.00000 7 
 fake.rf 1440.00000000 51147.05977449542465862 1.00000 7 
 fake.rf 1440.00000000 51157.00911944476724003 1.00000 7 
 fake.rf 1440.00000000 51166.99347697801858814 1.00000 7 
 fake.rf 1440.00000000 51176.98674718946486095 1.00000 7 
 fake.rf 1440.00000000 51186.89800975148590823 1.00000 7 
 fake.rf 1440.00000000 51196.93767480915771273 1.00000 7 
 fake.rf 1440.00000000 51206.90846174748500630 1.00000 7 
 fake.rf 1440.00000000 51216.85037669800659543 1.00000 7 
 fake.rf 1440.00000000 51226.80098645148440184 1.00000 7 
 fake.rf 1440.00000000 51236.75499239416866715 1.00000 7 
 fake.rf 1440.00000000 51246.73183371632495664 1.00000 7 
 fake.rf 1440.00000000 51256.72540930436083784 1.00000 7 
 fake.rf 1440.00000000 51266.72320969664186663 1.00000 7 
 fake.rf 1440.00000000 51276.66535682095389603 1.00000 7 
 fake.rf 1440.00000000 51286.66981146640683065 1.00000 7 
 fake.rf 1440.00000000 51296.64871569881474400 1.00000 7 
 fake.rf 1440.00000000 51306.62656957987969264 1.00000 7 
 fake.rf 1440.00000000 51316.56991303782537628 1.00000 7 
 fake.rf 1440.00000000 51326.57094832447807775 1.00000 7 
 fake.rf 1440.00000000 51336.55131262311846996 1.00000 7 
 fake.rf 1440.00000000 51346.47569501213719079 1.00000 7 
 fake.rf 1440.00000000 51356.49894680670247737 1.00000 7 
 fake.rf 1440.00000000 51366.41597619047865919 1.00000 7 
 fake.rf 1440.00000000 51376.44111923727620805 1.00000 7 
 fake.rf 1440.00000000 51386.36540077781975100 1.00000 7 
 fake.rf 1440.00000000 51396.39397493332118216 1.00000 7 
 fake.rf 1440.00000000 51406.29370610918700990 1.00000 7 
 fake.rf 1440.00000000 51416.34119958924125271 1.00000 7 
 fake.rf 1440.00000000 51426.27480912338150176 1.00000 7 
 fake.rf 1440.00000000 51436.27628414724562944 1.00000 7 
 fake.rf 1440.00000000 51446.24365885114210784 1.00000 7 
 fake.rf 1440.00000000 51456.16987656513950355 1.00000 7 
 fake.rf 1440.00000000 51466.14800084512939193 1.00000 7 
 fake.rf 1440.00000000 51476.12703747779549346 1.00000 7 
 fake.rf 1440.00000000 51486.07382968378631105 1.00000 7 
 fake.rf 1440.00000000 51496.07385423157091964 1.00000 7 
 fake.rf 1440.00000000 51506.03652686489475343 1.00000 7 
 fake.rf 1440.00000000 51516.06474370702084187 1.00000 7 
 fake.rf 1440.00000000 51526.03398750669938622 1.00000 7 
 fake.rf 1440.00000000 51535.97457420064747780 1.00000 7 
 fake.rf 1440.00000000 51545.98410142091052677 1.00000 7 
 fake.rf 1440.00000000 51555.95749089260312559 1.00000 7 
 fake.rf 1440.00000000 51565.91895744350236086 1.00000 7 
 fake.rf 1440.00000000 51575.87025607218039269 1.00000 7 
 fake.rf 1440.00000000 51585.81309694891340811 1.00000 7 
 fake.rf 1440.00000000 51595.80632249553604396 1.00000 7 
 fake.rf 1440.00000000 51605.76382962859575088 1.00000 7 
 fake.rf 1440.00000000 51615.79516219992138204 1.00000 7 
 fake.rf 1440.00000000 51625.75903549204674192 1.00000 7 
 fake.rf 1440.00000000 51635.66154896965133148 1.00000 7 
 fake.rf 1440.00000000 51645.70054998848435091 1.00000 7 
 fake.rf 1440.00000000 51655.61611010587145287 1.00000 7 
 fake.rf 1440.00000000 51665.65251299996076284 1.00000 7 
 fake.rf 1440.00000000 51675.55251446702835594 1.00000 7 
 fake.rf 1440.00000000 51685.60385525783739169 1.00000 7 
 fake.rf 1440.00000000 51695.50851075405698154 1.00000 7 
 fake.rf 1440.00000000 51705.54772403310712647 1.00000 7 
 fake.rf 1440.00000000 51715.52610026412362032 1.00000 7 
 fake.rf 1440.00000000 51725.42222030579054248 1.00000 7 
 fake.rf 1440.00000000 51735.42234739000490862 1.00000 7 
 fake.rf 1440.00000000 51745.42950304213811918 1.00000 7 
 fake.rf 1440.00000000 51755.40363542800551855 1.00000 7 
 fake.rf 1440.00000000 51765.35728458559509946 1.00000 7 
 fake.rf 1440.00000000 51775.28653555500238426 1.00000 7 
 fake.rf 1440.00000000 51785.26700882201138754 1.00000 7 
 fake.rf 1440.00000000 51795.27808781237182956 1.00000 7 
 fake.rf 1440.00000000 51805.23466768267444138 1.00000 7 
 fake.rf 1440.00000000 51815.20511789134427616 1.00000 7 
 fake.rf 1440.00000000 51825.18838478332718012 1.00000 7 
 fake.rf 1440.00000000 51835.14151283458063446 1.00000 7 
 fake.rf 1440.00000000 51845.16318737207283363 1.00000 7 
 fake.rf 1440.00000000 51855.09995238103919490 1.00000 7 
 fake.rf 1440.00000000 51865.05377429504720510 1.00000 7 
 fake.rf 1440.00000000 51875.06421983876525061 1.00000 7 
 fake.rf 1440.00000000 51884.97958774304621343 1.00000 7 
 fake.rf 1440.00000000 51894.98688810928420168 1.00000 7 
 fake.rf 1440.00000000 51904.93453024946972008 1.00000 7 
 fake.rf 1440.00000000 51914.91804299774010900 1.00000 7 
 fake.rf 1440.00000000 51924.90064692050695072 1.00000 7 
 fake.rf 1440.00000000 51934.92279996186475799 1.00000 7 
 fake.rf 1440.00000000 51944.83613051907743241 1.00000 7 
 fake.rf 1440.00000000 51954.80170648804491051 1.00000 7 
 fake.rf 1440.00000000 51964.76672407566846701 1.00000 7 
 fake.rf 1440.00000000 51974.74376182278308178 1.00000 7 
 fake.rf 1440.00000000 51984.71997695645164939 1.00000 7 
 fake.rf 1440.00000000 51994.68030626245462855 1.00000 7 
 fake.rf 1440.00000000 52004.67263712014604238 1.00000 7 
 fake.rf 1440.00000000 52014.63203651802523808 1.00000 7 
 fake.rf 1440.00000000 52024.59804647387628762 1.00000 7 
 fake.rf 1440.00000000 52034.59713508066888821 1.00000 7 
 fake.rf 1440.00000000 52044.58396589289720424 1.00000 7 
 fake.rf 1440.00000000 52054.58443573235250668 1.00000 7 
 fake.rf 1440.00000000 52064.50162777273266812 1.00000 7 
 fake.rf 1440.00000000 52074.46941204075001153 1.00000 7 
 fake.rf 1440.00000000 52084.50977048926980117 1.00000 7 
 fake.rf 1440.00000000 52094.43474019853231027 1.00000 7 
 fake.rf 1440.00000000 52104.44090776022304468 1.00000 7 
 fake.rf 1440.00000000 52114.38181708986449792 1.00000 7 
 fake.rf 1440.00000000 52124.38787464702007668 1.00000 7 
 fake.rf 1440.00000000 52134.32128003885715373 1.00000 7 
 fake.rf 1440.00000000 52144.32595518735308104 1.00000 7 
 fake.rf 1440.00000000 52154.29765831226300676 1.00000 7 
 fake.rf 1440.00000000 52164.27846642143119382 1.00000 7 
 fake.rf 1440.00000000 52174.26426768384504840 1.00000 7 
 fake.rf 1440.00000000 52184.19038738146540268 1.00000 7 
 fake.rf 1440.00000000 52194.19720106831333339 1.00000 7 
 fake.rf 1440.00000000 52204.13427370839670161 1.00000 7 
 fake.rf 1440.00000000 52214.11867329394463511 1.00000 7 
 fake.rf 1440.00000000 52224.05297060454881120 1.00000 7 
 fake.rf 1440.00000000 52234.08328490829950042 1.00000 7 
 fake.rf 1440.00000000 52244.03380853538287454 1.00000 7 
 fake.rf 1440.00000000 52253.99207403531759653 1.00000 7 
 fake.rf 1440.00000000 52264.01526866449050601 1.00000 7 
 fake.rf 1440.00000000 52273.95811415073339390 1.00000 7 
 fake.rf 1440.00000000 52283.92072174554595776 1.00000 7 
 fake.rf 1440.00000000 52293.86410258293567210 1.00000 7 
 fake.rf 1440.00000000 52303.87791498808677915 1.00000 7 
 fake.rf 1440.00000000 52313.86015780524649443 1.00000 7 
 fake.rf 1440.00000000 52323.79024239496788695 1.00000 7 
 fake.rf 1440.00000000 52333.79736899828609609 1.00000 7 
 fake.rf 1440.00000000 52343.80600477486575883 1.00000 7 
 fake.rf 1440.00000000 52353.75022450136257746 1.00000 7 
 fake.rf 1440.00000000 52363.70179200944160414 1.00000 7 
 fake.rf 1440.00000000 52373.65492416386652508 1.00000 7 
 fake.rf 1440.00000000 52383.67756573417693389 1.00000 7 
 fake.rf 1440.00000000 52393.61346278829914525 1.00000 7 
 fake.rf 1440.00000000 52403.60220222798734113 1.00000 7 
 fake.rf 1440.00000000 52413.57498239867238610 1.00000 7 
 fake.rf 1440.00000000 52423.56242644664442665 1.00000 7 
 fake.rf 1440.00000000 52433.50119451971664830 1.00000 7 
 fake.rf 1440.00000000 52443.51801776510368214 1.00000 7 
 fake.rf 1440.00000000 52453.45410782048459453 1.00000 7 
 fake.rf 1440.00000000 52463.47521671466590121 1.00000 7 
 fake.rf 1440.00000000 52473.41681910961622037 1.00000 7 
 fake.rf 1440.00000000 52483.36601474702850112 1.00000 7 
 fake.rf 1440.00000000 52493.34054767515542750 1.00000 7 
 fake.rf 1440.00000000 52503.31626802652313657 1.00000 7 
 fake.rf 1440.00000000 52513.31317409753213710 1.00000 7 
 fake.rf 1440.00000000 52523.29941089397052423 1.00000 7 
 fake.rf 1440.00000000 52533.23673290162989247 1.00000 7 
 fake.rf 1440.00000000 52543.20792425147000770 1.00000 7 
 fake.rf 1440.00000000 52553.17198896858076651 1.00000 7 
 fake.rf 1440.00000000 52563.17821419125647608 1.00000 7 
 fake.rf 1440.00000000 52573.11657124583050660 1.00000 7 
 fake.rf 1440.00000000 52583.13411900290390122 1.00000 7 
 fake.rf 1440.00000000 52593.04692284495343557 1.00000 7 
 fake.rf 1440.00000000 52603.03929838655993123 1.00000 7 
 fake.rf 1440.00000000 52613.01462959117186102 1.00000 7 
 fake.rf 1440.00000000 52623.02031394425441846 1.00000 7 
 fake.rf 1440.00000000 52632.97007837601862690 1.00000 7 
 fake.rf 1440.00000000 52642.97984045158010957 1.00000 7 
 fake.rf 1440.00000000 52652.93813171995658706 1.00000 7 
 fake.rf 1440.00000000 52662.85942012775142373 1.00000 7 
 fake.rf 1440.00000000 52672.84805403624300624 1.00000 7 
 fake.rf 1440.00000000 52682.87011510426289362 1.00000 7 
 fake.rf 1440.00000000 52692.84134945962368946 1.00000 7 
 fake.rf 1440.00000000 52702.79318464289373836 1.00000 7 
 fake.rf 1440.00000000 52712.74795623543792189 1.00000 7 
 fake.rf 1440.00000000 52722.71927510388806226 1.00000 7 
 fake.rf 1440.00000000 52732.68585867572245007 1.00000 7 
 fake.rf 1440.00000000 52742.69003592206965081 1.00000 7 
 fake.rf 1440.00000000 52752.62214914837667834 1.00000 7 
 fake.rf 1440.00000000 52762.63546043485220238 1.00000 7 
 fake.rf 1440.00000000 52772.60471756083282813 1.00000 7 
 fake.rf 1440.00000000 52782.58907080538432410 1.00000 7 
 fake.rf 1440.00000000 52792.49554881883196344 1.00000 7 
 fake.rf 1440.00000000 52802.54997656232954384 1.00000 7 
 fake.rf 1440.00000000 52812.45402111780819254 1.00000 7 
 fake.rf 1440.00000000 52822.46804280591815584 1.00000 7 
 fake.rf 1440.00000000 52832.45267834408558727 1.00000 7 
 fake.rf 1440.00000000 52842.40468270222592650 1.00000 7 
 fake.rf 1440.00000000 52852.33386670670704177 1.00000 7 
 fake.rf 1440.00000000 52862.30987120539183977 1.00000 7 
 fake.rf 1440.00000000 52872.29540515704696446 1.00000 7 
 fake.rf 1440.00000000 52882.27358378296951003 1.00000 7 
 fake.rf 1440.00000000 52892.29444047204761858 1.00000 7 
 fake.rf 1440.00000000 52902.22008264361183549 1.00000 7 
 fake.rf 1440.00000000 52912.21794109951676077 1.00000 7 
 fake.rf 1440.00000000 52922.15809997165791856 1.00000 7 
 fake.rf 1440.00000000 52932.11673083465134937 1.00000 7 
 fake.rf 1440.00000000 52942.09165799711000133 1.00000 7 
 fake.rf 1440.00000000 52952.06888336914335724 1.00000 7 
 fake.rf 1440.00000000 52962.09644302701929064 1.00000 7 
 fake.rf 1440.00000000 52972.01996303438605906 1.00000 7 
 fake.rf 1440.00000000 52982.01312659643834735 1.00000 7 
 fake.rf 1440.00000000 52992.00671840140418922 1.00000 7 
 fake.rf 1440.00000000 53001.92877702741172996 1.00000 7 
 fake.rf 1440.00000000 53011.90108017221523795 1.00000 7 
 fake.rf 1440.00000000 53021.87674785510354170 1.00000 7 
 fake.rf 1440.00000000 53031.88076305282581302 1.00000 7 
 fake.rf 1440.00000000 53041.84695413138389242 1.00000 7 
 fake.rf 1440.00000000 53051.85410338807187003 1.00000 7 
 fake.rf 1440.00000000 53061.81753615086375220 1.00000 7 
 fake.rf 1440.00000000 53071.74100946771326548 1.00000 7 
 fake.rf 1440.00000000 53081.74472014441473533 1.00000 7 
 fake.rf 1440.00000000 53091.71981058652022512 1.00000 7 
 fake.rf 1440.00000000 53101.66039955882941825 1.00000 7 
 fake.rf 1440.00000000 53111.66250898359188426 1.00000 7 
 fake.rf 1440.00000000 53121.65228161029024534 1.00000 7 
 fake.rf 1440.00000000 53131.63419661584135412 1.00000 7 
 fake.rf 1440.00000000 53141.56491254673493430 1.00000 7 
 fake.rf 1440.00000000 53151.53399393960883756 1.00000 7 
 fake.rf 1440.00000000 53161.55573054572158043 1.00000 7 
 fake.rf 1440.00000000 53171.48975539752839836 1.00000 7 
 fake.rf 1440.00000000 53181.47167497232544875 1.00000 7 
 fake.rf 1440.00000000 53191.41556127455348602 1.00000 7 
 fake.rf 1440.00000000 53201.39774706718923980 1.00000 7 
 fake.rf 1440.00000000 53211.41594645088250815 1.00000 7 
 fake.rf 1440.00000000 53221.38499563933704195 1.00000 7 
 fake.rf 1440.00000000 53231.33464459422641823 1.00000 7 
 fake.rf 1440.00000000 53241.33877916128773222 1.00000 7 
 fake.rf 1440.00000000 53251.31005989579603721 1.00000 7 
 fake.rf 1440.00000000 53261.26423855728478074 1.00000 7 
 fake.rf 1440.00000000 53271.23990384560732636 1.00000 7 
 fake.rf 1440.00000000 53281.16200883506948927 1.00000 7 
 fake.rf 1440.00000000 53291.13665538092990914 1.00000 7 
 fake.rf 1440.00000000 53301.13321678783970725 1.00000 7 
 fake.rf 1440.00000000 53311.08801810711509361 1.00000 7 
 fake.rf 1440.00000000 53321.06227209398391764 1.00000 7 
 fake.rf 1440.00000000 53331.06180560480712316 1.00000 7 
 fake.rf 1440.00000000 53341.04792645750284663 1.00000 7 
 fake.rf 1440.00000000 53351.01567584404880762 1.00000 7 
 fake.rf 1440.00000000 53360.96632952947583561 1.00000 7 
 fake.rf 1440.00000000 53370.94318750124408268 1.00000 7 
 fake.rf 1440.00000000 53380.94504790780885628 1.00000 7 
 fake.rf 1440.00000000 53390.92671663274688498 1.00000 7 
 fake.rf 1440.00000000 53400.90596933262246182 1.00000 7 
 fake.rf 1440.00000000 53410.87572304089851372 1.00000 7 
 fake.rf 1440.00000000 53420.80347217726798092 1.00000 7 
 fake.rf 1440.00000000 53430.79980194617505163 1.00000 7 
 fake.rf 1440.00000000 53440.77877493017546229 1.00000 7 
 fake.rf 1440.00000000 53450.74787765288725794 1.00000 7 
 fake.rf 1440.00000000 53460.74059306923751222 1.00000 7 
 fake.rf 1440.00000000 53470.68527376906030923 1.00000 7 
 fake.rf 1440.00000000 53480.61570558277467669 1.00000 7 
 fake.rf 1440.00000000 53490.61764487313625338 1.00000 7 
 fake.rf 1440.00000000 53500.61684969017481706 1.00000 7 
 fake.rf 1440.00000000 53510.55677150309251644 1.00000 7 
 fake.rf 1440.00000000 53520.52088129453487397 1.00000 7 
 fake.rf 1440.00000000 53530.51643954252090651 1.00000 7 
 fake.rf 1440.00000000 53540.51664812311933517 1.00000 7 
 fake.rf 1440.00000000 53550.42886341485866097 1.00000 7 
 fake.rf 1440.00000000 53560.42300662366423225 1.00000 7 
 fake.rf 1440.00000000 53570.40469816635164335 1.00000 7 
 fake.rf 1440.00000000 53580.40321650500499118 1.00000 7 
 fake.rf 1440.00000000 53590.34676902000602894 1.00000 7 
 fake.rf 1440.00000000 53600.33041147184227881 1.00000 7 
 fake.rf 1440.00000000 53610.26946221912416846 1.00000 7 
 fake.rf 1440.00000000 53620.27845369378492535 1.00000 7 
 fake.rf 1440.00000000 53630.26365449542410957 1.00000 7 
 fake.rf 1440.00000000 53640.22954294545153786 1.00000 7 
 fake.rf 1440.00000000 53650.16862641953001045 1.00000 7 
 fake.rf 1440.00000000 53660.14888090443889723 1.00000 7 
