FORMAT 1
 fake.rf 1440.00000000 50000.16806271811114470 1.00000 7 
 fake.rf 1440.00000000 50010.17790880380903928 1.00000 7 
 fake.rf 1440.00000000 50020.11821140736373081 1.00000 7 
 fake.rf 1440.00000000 50030.08962870755251373 1.00000 7 
 fake.rf 1440.00000000 50040.05289040642292875 1.00000 7 
 fake.rf 1440.00000000 50050.08509406177876144 1.00000 7 
 fake.rf 1440.00000000 50060.04631711670195671 1.00000 7 
 fake.rf 1440.00000000 50069.98292887869673606 1.00000 7 
 fake.rf 1440.00000000 50079.99649580287904271 1.00000 7 
 fake.rf 1440.00000000 50089.94617521614464906 1.00000 7 
 fake.rf 1440.00000000 50099.92525191996109513 1.00000 7 
 fake.rf 1440.00000000 50109.88532480458789564 1.00000 7 
 fake.rf 1440.00000000 50119.88002764281029400 1.00000 7 
 fake.rf 1440.00000000 50129.84033863137841891 1.00000 7 
 fake.rf 1440.00000000 50139.77646520170752353 1.00000 7 
 fake.rf 1440.00000000 50149.75216376127681883 1.00000 7 
 fake.rf 1440.00000000 50159.74823303485788628 1.00000 7 
 fake.rf 1440.00000000 50169.71412996797716133 1.00000 7 
 fake.rf 1440.00000000 50179.73480014998821375 1.00000 7 
 fake.rf 1440.00000000 50189.66871529692485154 1.00000 7 
 fake.rf 1440.00000000 50199.69063332171903724 1.00000 7 
 fake.rf 1440.00000000 50209.64444679912911340 1.00000 7 
 fake.rf 1440.00000000 50219.62594705420712415 1.00000 7 
 fake.rf 1440.00000000 50229.54306397345445490 1.00000 7 
 fake.rf 1440.00000000 50239.56971778142509066 1.00000 7 
 fake.rf 1440.00000000 50249.52205802136821333 1.00000 7 
 fake.rf 1440.00000000 50259.51734981340881703 1.00000 7 
 fake.rf 1440.00000000 50269.49179397890654997 1.00000 7 
 fake.rf 1440.00000000 50279.39031330501475026 1.00000 7 
 fake.rf 1440.00000000 50289.42806459868901925 1.00000 7 
 fake.rf 1440.00000000 50299.37620397995317489 1.00000 7 
 fake.rf 1440.00000000 50309.32171802784557357 1.00000 7 
 fake.rf 1440.00000000 50319.31328639165737826 1.00000 7 
 fake.rf 1440.00000000 50329.31236605877765911 1.00000 7 
 fake.rf 1440.00000000 50339.25660167062499184 1.00000 7 
 fake.rf 1440.00000000 50349.23873610761512865 1.00000 7 
 fake.rf 1440.00000000 50359.21399044434102876 1.00000 7 
 fake.rf 1440.00000000 50369.14675344200170315 1.00000 7 
 fake.rf 1440.00000000 50379.17613729073525874 1.00000 7 
 fake.rf 1440.00000000 50389.10892954656496201 1.00000 7 
 fake.rf 1440.00000000 50399.10200960178636365 1.00000 7 
 fake.rf 1440.00000000 50409.05444121874052854 1.00000 7 
 fake.rf 1440.00000000 50419.05794395876532832 1.00000 7 
 fake.rf 1440.00000000 50428.98969790518000877 1.00000 7 
 fake.rf 1440.00000000 50439.01307815436791770 1.00000 7 
 fake.rf 1440.00000000 50448.98001183231679079 1.00000 7 
 fake.rf 1440.00000000 50458.91476865239059890 1.00000 7 
 fake.rf 1440.00000000 50468.87818917181262890 1.00000 7 
 fake.rf 1440.00000000 50478.92165744190997501 1.00000 7 
 fake.rf 1440.00000000 50488.82105544309859724 1.00000 7 
 fake.rf 1440.00000000 50498.82902875591977576 1.00000 7 
 fake.rf 1440.00000000 50508.83838604666272687 1.00000 7 
 fake.rf 1440.00000000 50518.80223522596709884 1.00000 7 
 fake.rf 1440.00000000 50528.73567979055586008 1.00000 7 
 fake.rf 1440.00000000 50538.68945831516014167 1.00000 7 
 fake.rf 1440.00000000 50548.70726562187931563 1.00000 7 
 fake.rf 1440.00000000 50558.70368810549593164 1.00000 7 
 fake.rf 1440.00000000 50568.68006279395187974 1.00000 7 
 fake.rf 1440.00000000 50578.61628520909535922 1.00000 7 
 fake.rf 1440.00000000 50588.62186471907285679 1.00000 7 
 fake.rf 1440.00000000 50598.57996168547636273 1.00000 7 
 fake.rf 1440.00000000 50608.49162784571396401 1.00000 7 
 fake.rf 1440.00000000 50618.47002569884359602 1.00000 7 
 fake.rf 1440.00000000 50628.44699540368761248 1.00000 7 
 fake.rf 1440.00000000 50638.46837890160434981 1.00000 7 
 fake.rf 1440.00000000 50648.41831669267993021 1.00000 7 
 fake.rf 1440.00000000 50658.40472514258636139 1.00000 7 
 fake.rf 1440.00000000 50668.34533395602456807 1.00000 7 
 fake.rf 1440.00000000 50678.33867240030996371 1.00000 7 
 fake.rf 1440.00000000 50688.29843572591179779 1.00000 7 
 fake.rf 1440.00000000 50698.28247451841734161 1.00000 7 
 fake.rf 1440.00000000 50708.29619732304670165 1.00000 7 
 fake.rf 1440.00000000 50718.23569654747447544 1.00000 7 
 fake.rf 1440.00000000 50728.16720912098748997 1.00000 7 
 fake.rf 1440.00000000 50738.13999021548098867 1.00000 7 
 fake.rf 1440.00000000 50748.13017402140031109 1.00000 7 
 fake.rf 1440.00000000 50758.13925789958718937 1.00000 7 
 fake.rf 1440.00000000 50768.07410015445902829 1.00000 7 
 fake.rf 1440.00000000 50778.05500879945986270 1.00000 7 
 fake.rf 1440.00000000 50788.05153198973032147 1.00000 7 
 fake.rf 1440.00000000 50797.99640993267658473 1.00000 7 
 fake.rf 1440.00000000 50808.01259617820343450 1.00000 7 
 fake.rf 1440.00000000 50817.96244765973943558 1.00000 7 
 fake.rf 1440.00000000 50827.89847909501325418 1.00000 7 
 fake.rf 1440.00000000 50837.87541428181426895 1.00000 7 
 fake.rf 1440.00000000 50847.88968193884116076 1.00000 7 
 fake.rf 1440.00000000 50857.87082503618073304 1.00000 7 
 fake.rf 1440.00000000 50867.78815368234404559 1.00000 7 
 fake.rf 1440.00000000 50877.80610036405130714 1.00000 7 
 fake.rf 1440.00000000 50887.75077020184680521 1.00000 7 
 fake.rf 1440.00000000 50897.70098266746522242 1.00000 7 
 fake.rf 1440.00000000 50907.70433067819463702 1.00000 7 
 fake.rf 1440.00000000 50917.67130438367916767 1.00000 7 
 fake.rf 1440.00000000 50927.62721899006199067 1.00000 7 
 fake.rf 1440.00000000 50937.63484102677424659 1.00000 7 
 fake.rf 1440.00000000 50947.56716921763456440 1.00000 7 
 fake.rf 1440.00000000 50957.58365933671624504 1.00000 7 
 fake.rf 1440.00000000 50967.52166079725600056 1.00000 7 
 fake.rf 1440.00000000 50977.50523549612736218 1.00000 7 
 fake.rf 1440.00000000 50987.45903505074464945 1.00000 7 
 fake.rf 1440.00000000 50997.46743746340473891 1.00000 7 
 fake.rf 1440.00000000 51007.46235527468830995 1.00000 7 
 fake.rf 1440.00000000 51017.37384866212020995 1.00000 7 
 fake.rf 1440.00000000 51027.34905466581956190 1.00000 7 
 fake.rf 1440.00000000 51037.38612271807978615 1.00000 7 
 fake.rf 1440.00000000 51047.29770151631399244 1.00000 7 
 fake.rf 1440.00000000 51057.29039567513362741 1.00000 7 
 fake.rf 1440.00000000 51067.28051860207920853 1.00000 7 
 fake.rf 1440.00000000 51077.23757733783378399 1.00000 7 
 fake.rf 1440.00000000 51087.23848440052293185 1.00000 7 
 fake.rf 1440.00000000 51097.16910154021230639 1.00000 7 
 fake.rf 1440.00000000 51107.18167587508131433 1.00000 7 
 fake.rf 1440.00000000 51117.14274024787389550 1.00000 7 
 fake.rf 1440.00000000 51127.13384648683224398 1.00000 7 
 fake.rf 1440.00000000 51137.10975662555036791 1.00000 7 
 fake.rf 1440.00000000 51147.07506050004483100 1.00000 7 
 fake.rf 1440.00000000 51157.02440541714617694 1.00000 7 
 fake.rf 1440.00000000 51167.00876295616516032 1.00000 7 
 fake.rf 1440.00000000 51177.00203311263629047 1.00000 7 
 fake.rf 1440.00000000 51186.91329573820215160 1.00000 7 
 fake.rf 1440.00000000 51196.95296075175326678 1.00000 7 
 fake.rf 1440.00000000 51206.92374778487601006 1.00000 7 
 fake.rf 1440.00000000 51216.86566268432656557 1.00000 7 
 fake.rf 1440.00000000 51226.81627244816120026 1.00000 7 
 fake.rf 1440.00000000 51236.77027841381863738 1.00000 7 
 fake.rf 1440.00000000 51246.74711971013203637 1.00000 7 
 fake.rf 1440.00000000 51256.74069528805127405 1.00000 7 
 fake.rf 1440.00000000 51266.73849569059090214 1.00000 7 
 fake.rf 1440.00000000 51276.68064282528309050 1.00000 7 
 fake.rf 1440.00000000 51286.68509743677595836 1.00000 7 
 fake.rf 1440.00000000 51296.66400165661461941 1.00000 7 
 fake.rf 1440.00000000 51306.64185557248864455 1.00000 7 
 fake.rf 1440.00000000 51316.58519898040223950 1.00000 7 
 fake.rf 1440.00000000 51326.58623430267394383 1.00000 7 
 fake.rf 1440.00000000 51336.56659854351493166 1.00000 7 
 fake.rf 1440.00000000 51346.49098102341026717 1.00000 7 
 fake.rf 1440.00000000 51356.51423278099857939 1.00000 7 
 fake.rf 1440.00000000 51366.43126215673770574 1.00000 7 
 fake.rf 1440.00000000 51376.45640520534231044 1.00000 7 
 fake.rf 1440.00000000 51386.38068677942389328 1.00000 7 
 fake.rf 1440.00000000 51396.40926088749851885 1.00000 7 
 fake.rf 1440.00000000 51406.30899206027524428 1.00000 7 
 fake.rf 1440.00000000 51416.35648559024513915 1.00000 7 
 fake.rf 1440.00000000 51426.29009507432859749 1.00000 7 
 fake.rf 1440.00000000 51436.29157016004816327 1.00000 7 
 fake.rf 1440.00000000 51446.25894484968798182 1.00000 7 
 fake.rf 1440.00000000 51456.18516252855348014 1.00000 7 
 fake.rf 1440.00000000 51466.16328682455362653 1.00000 7 
 fake.rf 1440.00000000 51476.14232339335793043 1.00000 7 
 fake.rf 1440.00000000 51486.08911562892257763 1.00000 7 
 fake.rf 1440.00000000 51496.08914019149272079 1.00000 7 
 fake.rf 1440.00000000 51506.05181280354242546 1.00000 7 
 fake.rf 1440.00000000 51516.08002969579926145 1.00000 7 
 fake.rf 1440.00000000 51526.04927350268198083 1.00000 7 
 fake.rf 1440.00000000 51535.98986019397240455 1.00000 7 
 fake.rf 1440.00000000 51545.99938737366517216 1.00000 7 
 fake.rf 1440.00000000 51555.97277682426958378 1.00000 7 
 fake.rf 1440.00000000 51565.93424347472952363 1.00000 7 
 fake.rf 1440.00000000 51575.88554202350252709 1.00000 7 
 fake.rf 1440.00000000 51585.82838294151916259 1.00000 7 
 fake.rf 1440.00000000 51595.82160847304946572 1.00000 7 
 fake.rf 1440.00000000 51605.77911563767085568 1.00000 7 
 fake.rf 1440.00000000 51615.81044816120586205 1.00000 7 
 fake.rf 1440.00000000 51625.77432144929512248 1.00000 7 
 fake.rf 1440.00000000 51635.67683490956005699 1.00000 7 
 fake.rf 1440.00000000 51645.71583599252146257 1.00000 7 
 fake.rf 1440.00000000 51655.63139606747699517 1.00000 7 
 fake.rf 1440.00000000 51665.66779899634009965 1.00000 7 
 fake.rf 1440.00000000 51675.56780046073260593 1.00000 7 
 fake.rf 1440.00000000 51685.61914123439284907 1.00000 7 
 fake.rf 1440.00000000 51695.52379673747824285 1.00000 7 
 fake.rf 1440.00000000 51705.56300998522627310 1.00000 7 
 fake.rf 1440.00000000 51715.54138623654798224 1.00000 7 
 fake.rf 1440.00000000 51725.43750627735547098 1.00000 7 
 fake.rf 1440.00000000 51735.43763337354059217 1.00000 7 
 fake.rf 1440.00000000 51745.44478902041990054 1.00000 7 
 fake.rf 1440.00000000 51755.41892141893920964 1.00000 7 
 fake.rf 1440.00000000 51765.37257052762683429 1.00000 7 
 fake.rf 1440.00000000 51775.30182148870155245 1.00000 7 
 fake.rf 1440.00000000 51785.28229476234607986 1.00000 7 
 fake.rf 1440.00000000 51795.29337374306568620 1.00000 7 
 fake.rf 1440.00000000 51805.24995363790349501 1.00000 7 
 fake.rf 1440.00000000 51815.22040389519905546 1.00000 7 
 fake.rf 1440.00000000 51825.20367071173601659 1.00000 7 
 fake.rf 1440.00000000 51835.15679875295213108 1.00000 7 
 fake.rf 1440.00000000 51845.17847339683621044 1.00000 7 
 fake.rf 1440.00000000 51855.11523839647351153 1.00000 7 
 fake.rf 1440.00000000 51865.06906023905695946 1.00000 7 
 fake.rf 1440.00000000 51875.07950578784842932 1.00000 7 
 fake.rf 1440.00000000 51884.99487369488172561 1.00000 7 
 fake.rf 1440.00000000 51895.00217409987328310 1.00000 7 
 fake.rf 1440.00000000 51904.94981622958060541 1.00000 7 
 fake.rf 1440.00000000 51914.93332892658563438 1.00000 7 
 fake.rf 1440.00000000 51924.91593290189823051 1.00000 7 
 fake.rf 1440.00000000 51934.93808595849698051 1.00000 7 
 fake.rf 1440.00000000 51944.85141645765517282 1.00000 7 
 fake.rf 1440.00000000 51954.81699249419802911 1.00000 7 
 fake.rf 1440.00000000 51964.78201001382587521 1.00000 7 
 fake.rf 1440.00000000 51974.75904776543268326 1.00000 7 
 fake.rf 1440.00000000 51984.73526290825871854 1.00000 7 
 fake.rf 1440.00000000 51994.69559218974100290 1.00000 7 
 fake.rf 1440.00000000 52004.68792312552904988 1.00000 7 
 fake.rf 1440.00000000 52014.64732251842599808 1.00000 7 
 fake.rf 1440.00000000 52024.61333242717052627 1.00000 7 
 fake.rf 1440.00000000 52034.61242104518602503 1.00000 7 
 fake.rf 1440.00000000 52044.59925182236355212 1.00000 7 
 fake.rf 1440.00000000 52054.59972171034717192 1.00000 7 
 fake.rf 1440.00000000 52064.51691373828327869 1.00000 7 
 fake.rf 1440.00000000 52074.48469796431761125 1.00000 7 
 fake.rf 1440.00000000 52084.52505650818033089 1.00000 7 
 fake.rf 1440.00000000 52094.45002612041589529 1.00000 7 
 fake.rf 1440.00000000 52104.45619369295809875 1.00000 7 
 fake.rf 1440.00000000 52114.39710305910650234 1.00000 7 
 fake.rf 1440.00000000 52124.40316062944183173 1.00000 7 
 fake.rf 1440.00000000 52134.33656605316261334 1.00000 7 
 fake.rf 1440.00000000 52144.34124114169133790 1.00000 7 
 fake.rf 1440.00000000 52154.31294428375707994 1.00000 7 
 fake.rf 1440.00000000 52164.29375237802925369 1.00000 7 
 fake.rf 1440.00000000 52174.27955361644584897 1.00000 7 
 fake.rf 1440.00000000 52184.20567338783438771 1.00000 7 
 fake.rf 1440.00000000 52194.21248699963965478 1.00000 7 
 fake.rf 1440.00000000 52204.14955970568081156 1.00000 7 
 fake.rf 1440.00000000 52214.13395921447645875 1.00000 7 
 fake.rf 1440.00000000 52224.06825659394174366 1.00000 7 
 fake.rf 1440.00000000 52234.09857088652264778 1.00000 7 
 fake.rf 1440.00000000 52244.04909446273403262 1.00000 7 
 fake.rf 1440.00000000 52254.00735998532260140 1.00000 7 
 fake.rf 1440.00000000 52264.03055466461656664 1.00000 7 
 fake.rf 1440.00000000 52273.97340009228006608 1.00000 7 
 fake.rf 1440.00000000 52283.93600773816617533 1.00000 7 
 fake.rf 1440.00000000 52293.87938852420672120 1.00000 7 
 fake.rf 1440.00000000 52303.89320090398928187 1.00000 7 
 fake.rf 1440.00000000 52313.87544380517781306 1.00000 7 
 fake.rf 1440.00000000 52323.80552834113946403 1.00000 7 
 fake.rf 1440.00000000 52333.81265494903624003 1.00000 7 
 fake.rf 1440.00000000 52343.82129076897845721 1.00000 7 
 fake.rf 1440.00000000 52353.76551049207201771 1.00000 7 
 fake.rf 1440.00000000 52363.71707796409650726 1.00000 7 
 fake.rf 1440.00000000 52373.67021010859326680 1.00000 7 
 fake.rf 1440.00000000 52383.69285172262690153 1.00000 7 
 fake.rf 1440.00000000 52393.62874873320926383 1.00000 7 
 fake.rf 1440.00000000 52403.61748822091417566 1.00000 7 
 fake.rf 1440.00000000 52413.59026840144420589 1.00000 7 
 fake.rf 1440.00000000 52423.57771242091125430 1.00000 7 
 fake.rf 1440.00000000 52433.51648045896359918 1.00000 7 
 fake.rf 1440.00000000 52443.53330373954818810 1.00000 7 
 fake.rf 1440.00000000 52453.46939383698813941 1.00000 7 
 fake.rf 1440.00000000 52463.49050270210925362 1.00000 7 
 fake.rf 1440.00000000 52473.43210507956740329 1.00000 7 
 fake.rf 1440.00000000 52483.38130073227636530 1.00000 7 
 fake.rf 1440.00000000 52493.35583365763719499 1.00000 7 
 fake.rf 1440.00000000 52503.33155403768434155 1.00000 7 
 fake.rf 1440.00000000 52513.32846007507151853 1.00000 7 
 fake.rf 1440.00000000 52523.31469683468140630 1.00000 7 
 fake.rf 1440.00000000 52533.25201892394279568 1.00000 7 
 fake.rf 1440.00000000 52543.22321025092115931 1.00000 7 
 fake.rf 1440.00000000 52553.18727493175776289 1.00000 7 
 fake.rf 1440.00000000 52563.19350017966675992 1.00000 7 
 fake.rf 1440.00000000 52573.13185717949415832 1.00000 7 
 fake.rf 1440.00000000 52583.14940497332976221 1.00000 7 
 fake.rf 1440.00000000 52593.06220884339649047 1.00000 7 
 fake.rf 1440.00000000 52603.05458432367348465 1.00000 7 
 fake.rf 1440.00000000 52613.02991555090023823 1.00000 7 
 fake.rf 1440.00000000 52623.03559994612635009 1.00000 7 
 fake.rf 1440.00000000 52632.98536430760309912 1.00000 7 
 fake.rf 1440.00000000 52642.99512641807656621 1.00000 7 
 fake.rf 1440.00000000 52652.95341764844420851 1.00000 7 
 fake.rf 1440.00000000 52662.87470604923992923 1.00000 7 
 fake.rf 1440.00000000 52672.86334000070715433 1.00000 7 
 fake.rf 1440.00000000 52682.88540105844833761 1.00000 7 
 fake.rf 1440.00000000 52692.85663542858357289 1.00000 7 
 fake.rf 1440.00000000 52702.80847065514425154 1.00000 7 
 fake.rf 1440.00000000 52712.76324216016164925 1.00000 7 
 fake.rf 1440.00000000 52722.73456111934222079 1.00000 7 
 fake.rf 1440.00000000 52732.70114465287548100 1.00000 7 
 fake.rf 1440.00000000 52742.70532188736614287 1.00000 7 
 fake.rf 1440.00000000 52752.63743509822887390 1.00000 7 
 fake.rf 1440.00000000 52762.65074642800712112 1.00000 7 
 fake.rf 1440.00000000 52772.62000356425560454 1.00000 7 
 fake.rf 1440.00000000 52782.60435682080259312 1.00000 7 
 fake.rf 1440.00000000 52792.51083479871471482 1.00000 7 
 fake.rf 1440.00000000 52802.56526252604155403 1.00000 7 
 fake.rf 1440.00000000 52812.46930713099004961 1.00000 7 
 fake.rf 1440.00000000 52822.48332881865307797 1.00000 7 
 fake.rf 1440.00000000 52832.46796430501575870 1.00000 7 
 fake.rf 1440.00000000 52842.41996864682477764 1.00000 7 
 fake.rf 1440.00000000 52852.34915264313552186 1.00000 7 
 fake.rf 1440.00000000 52862.32515717794546362 1.00000 7 
 fake.rf 1440.00000000 52872.31069111328492127 1.00000 7 
 fake.rf 1440.00000000 52882.28886978283869169 1.00000 7 
 fake.rf 1440.00000000 52892.30972647464560410 1.00000 7 
 fake.rf 1440.00000000 52902.23536855847180860 1.00000 7 
 fake.rf 1440.00000000 52912.23322705450821246 1.00000 7 
 fake.rf 1440.00000000 52922.17338591464034891 1.00000 7 
 fake.rf 1440.00000000 52932.13201680628474577 1.00000 7 
 fake.rf 1440.00000000 52942.10694397277753964 1.00000 7 
 fake.rf 1440.00000000 52952.08416930996780181 1.00000 7 
 fake.rf 1440.00000000 52962.11172902260417672 1.00000 7 
 fake.rf 1440.00000000 52972.03524897476049915 1.00000 7 
 fake.rf 1440.00000000 52982.02841254253665682 1.00000 7 
 fake.rf 1440.00000000 52992.02200437794715526 1.00000 7 
 fake.rf 1440.00000000 53001.94406302859362157 1.00000 7 
 fake.rf 1440.00000000 53011.91636613464153527 1.00000 7 
 fake.rf 1440.00000000 53021.89203380458974024 1.00000 7 
 fake.rf 1440.00000000 53031.89604908711076092 1.00000 7 
 fake.rf 1440.00000000 53041.86224007537706981 1.00000 7 
 fake.rf 1440.00000000 53051.86938934733590756 1.00000 7 
 fake.rf 1440.00000000 53061.83282213299299457 1.00000 7 
 fake.rf 1440.00000000 53071.75629546414420190 1.00000 7 
 fake.rf 1440.00000000 53081.76000616398170706 1.00000 7 
 fake.rf 1440.00000000 53091.73509653672854824 1.00000 7 
 fake.rf 1440.00000000 53101.67568554712026696 1.00000 7 
 fake.rf 1440.00000000 53111.67779493339287100 1.00000 7 
 fake.rf 1440.00000000 53121.66756763466428737 1.00000 7 
 fake.rf 1440.00000000 53131.64948260616235842 1.00000 7 
 fake.rf 1440.00000000 53141.58019852951330009 1.00000 7 
 fake.rf 1440.00000000 53151.54927986519057725 1.00000 7 
 fake.rf 1440.00000000 53161.57101656483142804 1.00000 7 
 fake.rf 1440.00000000 53171.50504131160958110 1.00000 7 
 fake.rf 1440.00000000 53181.48696093429350285 1.00000 7 
 fake.rf 1440.00000000 53191.43084726104409654 1.00000 7 
 fake.rf 1440.00000000 53201.41303308821096252 1.00000 7 
 fake.rf 1440.00000000 53211.43123244105724012 1.00000 7 
 fake.rf 1440.00000000 53221.40028162348783169 1.00000 7 
 fake.rf 1440.00000000 53231.34993060347873950 1.00000 7 
 fake.rf 1440.00000000 53241.35406515433816566 1.00000 7 
 fake.rf 1440.00000000 53251.32534586393919085 1.00000 7 
 fake.rf 1440.00000000 53261.27952450293945574 1.00000 7 
 fake.rf 1440.00000000 53271.25518982064554763 1.00000 7 
 fake.rf 1440.00000000 53281.17729478498741358 1.00000 7 
 fake.rf 1440.00000000 53291.15194133330141568 1.00000 7 
 fake.rf 1440.00000000 53301.14850276708031629 1.00000 7 
 fake.rf 1440.00000000 53311.10330409104725291 1.00000 7 
 fake.rf 1440.00000000 53321.07755809342604181 1.00000 7 
 fake.rf 1440.00000000 53331.07709152539900188 1.00000 7 
 fake.rf 1440.00000000 53341.06321243107331753 1.00000 7 
 fake.rf 1440.00000000 53351.03096178552931761 1.00000 7 
 fake.rf 1440.00000000 53360.98161545436332176 1.00000 7 
 fake.rf 1440.00000000 53370.95847347524388837 1.00000 7 
 fake.rf 1440.00000000 53380.96033387844891394 1.00000 7 
 fake.rf 1440.00000000 53390.94200257377508123 1.00000 7 
 fake.rf 1440.00000000 53400.92125532583056469 1.00000 7 
 fake.rf 1440.00000000 53410.89100906609571240 1.00000 7 
 fake.rf 1440.00000000 53420.81875811250584007 1.00000 7 
 fake.rf 1440.00000000 53430.81508788452309489 1.00000 7 
 fake.rf 1440.00000000 53440.79406091892785113 1.00000 7 
 fake.rf 1440.00000000 53450.76316356316717560 1.00000 7 
 fake.rf 1440.00000000 53460.75587903398760048 1.00000 7 
 fake.rf 1440.00000000 53470.70055976945198140 1.00000 7 
 fake.rf 1440.00000000 53480.63099150940128723 1.00000 7 
 fake.rf 1440.00000000 53490.63293087445270402 1.00000 7 
 fake.rf 1440.00000000 53500.63213560473808883 1.00000 7 
 fake.rf 1440.00000000 53510.57205751574286268 1.00000 7 
 fake.rf 1440.00000000 53520.53616726080889165 1.00000 7 
 fake.rf 1440.00000000 53530.53172548345364845 1.00000 7 
 fake.rf 1440.00000000 53540.53193406895857009 1.00000 7 
 fake.rf 1440.00000000 53550.44414935389855614 1.00000 7 
 fake.rf 1440.00000000 53560.43829263956265052 1.00000 7 
 fake.rf 1440.00000000 53570.41998416069223765 1.00000 7 
 fake.rf 1440.00000000 53580.41850245179623968 1.00000 7 
 fake.rf 1440.00000000 53590.36205501328528555 1.00000 7 
 fake.rf 1440.00000000 53600.34569743424734511 1.00000 7 
 fake.rf 1440.00000000 53610.28474812502351199 1.00000 7 
 fake.rf 1440.00000000 53620.29373972035941875 1.00000 7 
 fake.rf 1440.00000000 53630.27894048405627458 1.00000 7 
 fake.rf 1440.00000000 53640.24482894450821746 1.00000 7 
 fake.rf 1440.00000000 53650.18391240578910839 1.00000 7 
 fake.rf 1440.00000000 53660.16416688209136510 1.00000 7 
