FORMAT 1
 fake.rf 1440.00000000 50000.16704215513444254 1.00000 7 
 fake.rf 1440.00000000 50010.17688821999390214 1.00000 7 
 fake.rf 1440.00000000 50020.11719087299482212 1.00000 7 
 fake.rf 1440.00000000 50030.08860814180346566 1.00000 7 
 fake.rf 1440.00000000 50040.05186986762711143 1.00000 7 
 fake.rf 1440.00000000 50050.08407350926169599 1.00000 7 
 fake.rf 1440.00000000 50060.04529656324582731 1.00000 7 
 fake.rf 1440.00000000 50069.98190833485205431 1.00000 7 
 fake.rf 1440.00000000 50079.99547522126722399 1.00000 7 
 fake.rf 1440.00000000 50089.94515463779942621 1.00000 7 
 fake.rf 1440.00000000 50099.92423136488927682 1.00000 7 
 fake.rf 1440.00000000 50109.88430421512713409 1.00000 7 
 fake.rf 1440.00000000 50119.87900708663126892 1.00000 7 
 fake.rf 1440.00000000 50129.83931804204657823 1.00000 7 
 fake.rf 1440.00000000 50139.77544464963281001 1.00000 7 
 fake.rf 1440.00000000 50149.75114319065723834 1.00000 7 
 fake.rf 1440.00000000 50159.74721249820186841 1.00000 7 
 fake.rf 1440.00000000 50169.71310940888301033 1.00000 7 
 fake.rf 1440.00000000 50179.73377957010146133 1.00000 7 
 fake.rf 1440.00000000 50189.66769473965328174 1.00000 7 
 fake.rf 1440.00000000 50199.68961275520770826 1.00000 7 
 fake.rf 1440.00000000 50209.64342625691628541 1.00000 7 
 fake.rf 1440.00000000 50219.62492649083355190 1.00000 7 
 fake.rf 1440.00000000 50229.54204340517139471 1.00000 7 
 fake.rf 1440.00000000 50239.56869722243597565 1.00000 7 
 fake.rf 1440.00000000 50249.52103743003856096 1.00000 7 
 fake.rf 1440.00000000 50259.51632924957192117 1.00000 7 
 fake.rf 1440.00000000 50269.49077338098591738 1.00000 7 
 fake.rf 1440.00000000 50279.38929274189714747 1.00000 7 
 fake.rf 1440.00000000 50289.42704406863386524 1.00000 7 
 fake.rf 1440.00000000 50299.37518342079063061 1.00000 7 
 fake.rf 1440.00000000 50309.32069743370955450 1.00000 7 
 fake.rf 1440.00000000 50319.31226581673696430 1.00000 7 
 fake.rf 1440.00000000 50329.31134550461852228 1.00000 7 
 fake.rf 1440.00000000 50339.25558110620163532 1.00000 7 
 fake.rf 1440.00000000 50349.23771553000371526 1.00000 7 
 fake.rf 1440.00000000 50359.21296989413299272 1.00000 7 
 fake.rf 1440.00000000 50369.14573287956830683 1.00000 7 
 fake.rf 1440.00000000 50379.17511673350520240 1.00000 7 
 fake.rf 1440.00000000 50389.10790901140466502 1.00000 7 
 fake.rf 1440.00000000 50399.10098903446974106 1.00000 7 
 fake.rf 1440.00000000 50409.05342066457787453 1.00000 7 
 fake.rf 1440.00000000 50419.05692340022562092 1.00000 7 
 fake.rf 1440.00000000 50428.98867734005430563 1.00000 7 
 fake.rf 1440.00000000 50439.01205758285859915 1.00000 7 
 fake.rf 1440.00000000 50448.97899125713234270 1.00000 7 
 fake.rf 1440.00000000 50458.91374807368882571 1.00000 7 
 fake.rf 1440.00000000 50468.87716859221845667 1.00000 7 
 fake.rf 1440.00000000 50478.92063686007177381 1.00000 7 
 fake.rf 1440.00000000 50488.82003487347482107 1.00000 7 
 fake.rf 1440.00000000 50498.82800818973544921 1.00000 7 
 fake.rf 1440.00000000 50508.83736549967135332 1.00000 7 
 fake.rf 1440.00000000 50518.80121464787784547 1.00000 7 
 fake.rf 1440.00000000 50528.73465921978709758 1.00000 7 
 fake.rf 1440.00000000 50538.68843776568225579 1.00000 7 
 fake.rf 1440.00000000 50548.70624506134795695 1.00000 7 
 fake.rf 1440.00000000 50558.70266752195371396 1.00000 7 
 fake.rf 1440.00000000 50568.67904220496410872 1.00000 7 
 fake.rf 1440.00000000 50578.61526463969954293 1.00000 7 
 fake.rf 1440.00000000 50588.62084414753345030 1.00000 7 
 fake.rf 1440.00000000 50598.57894114742282454 1.00000 7 
 fake.rf 1440.00000000 50608.49060727856061703 1.00000 7 
 fake.rf 1440.00000000 50618.46900513865680082 1.00000 7 
 fake.rf 1440.00000000 50628.44597484042064295 1.00000 7 
 fake.rf 1440.00000000 50638.46735833797229276 1.00000 7 
 fake.rf 1440.00000000 50648.41729610514591897 1.00000 7 
 fake.rf 1440.00000000 50658.40370456947317379 1.00000 7 
 fake.rf 1440.00000000 50668.34431342251000530 1.00000 7 
 fake.rf 1440.00000000 50678.33765187737958513 1.00000 7 
 fake.rf 1440.00000000 50688.29741514841259331 1.00000 7 
 fake.rf 1440.00000000 50698.28145393421777598 1.00000 7 
 fake.rf 1440.00000000 50708.29517676109149349 1.00000 7 
 fake.rf 1440.00000000 50718.23467601044058739 1.00000 7 
 fake.rf 1440.00000000 50728.16618853862340544 1.00000 7 
 fake.rf 1440.00000000 50738.13896964403648937 1.00000 7 
 fake.rf 1440.00000000 50748.12915344001245543 1.00000 7 
 fake.rf 1440.00000000 50758.13823735269735238 1.00000 7 
 fake.rf 1440.00000000 50768.07307961086128500 1.00000 7 
 fake.rf 1440.00000000 50778.05398821979597201 1.00000 7 
 fake.rf 1440.00000000 50788.05051143468875452 1.00000 7 
 fake.rf 1440.00000000 50797.99538935501530901 1.00000 7 
 fake.rf 1440.00000000 50808.01157561413949892 1.00000 7 
 fake.rf 1440.00000000 50817.96142710741208504 1.00000 7 
 fake.rf 1440.00000000 50827.89745854733454067 1.00000 7 
 fake.rf 1440.00000000 50837.87439370162648089 1.00000 7 
 fake.rf 1440.00000000 50847.88866139923331389 1.00000 7 
 fake.rf 1440.00000000 50857.86980444587075922 1.00000 7 
 fake.rf 1440.00000000 50867.78713312726017648 1.00000 7 
 fake.rf 1440.00000000 50877.80507981346265822 1.00000 7 
 fake.rf 1440.00000000 50887.74974964126580090 1.00000 7 
 fake.rf 1440.00000000 50897.69996211961185395 1.00000 7 
 fake.rf 1440.00000000 50907.70331012598681397 1.00000 7 
 fake.rf 1440.00000000 50917.67028380092026296 1.00000 7 
 fake.rf 1440.00000000 50927.62619842785407798 1.00000 7 
 fake.rf 1440.00000000 50937.63382046202292130 1.00000 7 
 fake.rf 1440.00000000 50947.56614864524957298 1.00000 7 
 fake.rf 1440.00000000 50957.58263874402100413 1.00000 7 
 fake.rf 1440.00000000 50967.52064023192815156 1.00000 7 
 fake.rf 1440.00000000 50977.50421491767648163 1.00000 7 
 fake.rf 1440.00000000 50987.45801449164581953 1.00000 7 
 fake.rf 1440.00000000 50997.46641691479524283 1.00000 7 
 fake.rf 1440.00000000 51007.46133473490178645 1.00000 7 
 fake.rf 1440.00000000 51017.37282811224959644 1.00000 7 
 fake.rf 1440.00000000 51027.34803412429392822 1.00000 7 
 fake.rf 1440.00000000 51037.38510213005597294 1.00000 7 
 fake.rf 1440.00000000 51047.29668096381903197 1.00000 7 
 fake.rf 1440.00000000 51057.28937509275833406 1.00000 7 
 fake.rf 1440.00000000 51067.27949800597614782 1.00000 7 
 fake.rf 1440.00000000 51077.23655677136081010 1.00000 7 
 fake.rf 1440.00000000 51087.23746385292669103 1.00000 7 
 fake.rf 1440.00000000 51097.16808096142326434 1.00000 7 
 fake.rf 1440.00000000 51107.18065534145096152 1.00000 7 
 fake.rf 1440.00000000 51117.14171968975877647 1.00000 7 
 fake.rf 1440.00000000 51127.13282591041373237 1.00000 7 
 fake.rf 1440.00000000 51137.10873604679918714 1.00000 7 
 fake.rf 1440.00000000 51147.07403992129199821 1.00000 7 
 fake.rf 1440.00000000 51157.02338483670330049 1.00000 7 
 fake.rf 1440.00000000 51167.00774239038996427 1.00000 7 
 fake.rf 1440.00000000 51177.00101253637953036 1.00000 7 
 fake.rf 1440.00000000 51186.91227514160053502 1.00000 7 
 fake.rf 1440.00000000 51196.95194021801162521 1.00000 7 
 fake.rf 1440.00000000 51206.92272719034873774 1.00000 7 
 fake.rf 1440.00000000 51216.86464215815104950 1.00000 7 
 fake.rf 1440.00000000 51226.81525186473407274 1.00000 7 
 fake.rf 1440.00000000 51236.76925782011180743 1.00000 7 
 fake.rf 1440.00000000 51246.74609913704492925 1.00000 7 
 fake.rf 1440.00000000 51256.73967472377649557 1.00000 7 
 fake.rf 1440.00000000 51266.73747511597973059 1.00000 7 
 fake.rf 1440.00000000 51276.67962222881368461 1.00000 7 
 fake.rf 1440.00000000 51286.68407684355286946 1.00000 7 
 fake.rf 1440.00000000 51296.66298113574689665 1.00000 7 
 fake.rf 1440.00000000 51306.64083500751537414 1.00000 7 
 fake.rf 1440.00000000 51316.58417842587800450 1.00000 7 
 fake.rf 1440.00000000 51326.58521374651319391 1.00000 7 
 fake.rf 1440.00000000 51336.56557798864546172 1.00000 7 
 fake.rf 1440.00000000 51346.48996043930019439 1.00000 7 
 fake.rf 1440.00000000 51356.51321222485638174 1.00000 7 
 fake.rf 1440.00000000 51366.43024160590173466 1.00000 7 
 fake.rf 1440.00000000 51376.45538466794902277 1.00000 7 
 fake.rf 1440.00000000 51386.37966620996164124 1.00000 7 
 fake.rf 1440.00000000 51396.40824031167980124 1.00000 7 
 fake.rf 1440.00000000 51406.30797146366264982 1.00000 7 
 fake.rf 1440.00000000 51416.35546503588775380 1.00000 7 
 fake.rf 1440.00000000 51426.28907453802004213 1.00000 7 
 fake.rf 1440.00000000 51436.29054959804194525 1.00000 7 
 fake.rf 1440.00000000 51446.25792428007633816 1.00000 7 
 fake.rf 1440.00000000 51456.18414198570899742 1.00000 7 
 fake.rf 1440.00000000 51466.16226626446474768 1.00000 7 
 fake.rf 1440.00000000 51476.14130285699749479 1.00000 7 
 fake.rf 1440.00000000 51486.08809504659762268 1.00000 7 
 fake.rf 1440.00000000 51496.08811961665836066 1.00000 7 
 fake.rf 1440.00000000 51506.05079226122155234 1.00000 7 
 fake.rf 1440.00000000 51516.07900912077698052 1.00000 7 
 fake.rf 1440.00000000 51526.04825296296546355 1.00000 7 
 fake.rf 1440.00000000 51535.98883964954904613 1.00000 7 
 fake.rf 1440.00000000 51545.99836682349262418 1.00000 7 
 fake.rf 1440.00000000 51555.97175626833391959 1.00000 7 
 fake.rf 1440.00000000 51565.93322289798967617 1.00000 7 
 fake.rf 1440.00000000 51575.88452143081362067 1.00000 7 
 fake.rf 1440.00000000 51585.82736239295601521 1.00000 7 
 fake.rf 1440.00000000 51595.82058793170667954 1.00000 7 
 fake.rf 1440.00000000 51605.77809507035379966 1.00000 7 
 fake.rf 1440.00000000 51615.80942757813482302 1.00000 7 
 fake.rf 1440.00000000 51625.77330087163249317 1.00000 7 
 fake.rf 1440.00000000 51635.67581436567623854 1.00000 7 
 fake.rf 1440.00000000 51645.71481542162276668 1.00000 7 
 fake.rf 1440.00000000 51655.63037552076570691 1.00000 7 
 fake.rf 1440.00000000 51665.66677843713921092 1.00000 7 
 fake.rf 1440.00000000 51675.56677989915684179 1.00000 7 
 fake.rf 1440.00000000 51685.61812070518106310 1.00000 7 
 fake.rf 1440.00000000 51695.52277615714138648 1.00000 7 
 fake.rf 1440.00000000 51705.56198942660305562 1.00000 7 
 fake.rf 1440.00000000 51715.54036568477282998 1.00000 7 
 fake.rf 1440.00000000 51725.43648573085410192 1.00000 7 
 fake.rf 1440.00000000 51735.43661278284167082 1.00000 7 
 fake.rf 1440.00000000 51745.44376848292672832 1.00000 7 
 fake.rf 1440.00000000 51755.41790085722932702 1.00000 7 
 fake.rf 1440.00000000 51765.37154997043027294 1.00000 7 
 fake.rf 1440.00000000 51775.30080094735461671 1.00000 7 
 fake.rf 1440.00000000 51785.28127421961382737 1.00000 7 
 fake.rf 1440.00000000 51795.29235318654952280 1.00000 7 
 fake.rf 1440.00000000 51805.24893306324767650 1.00000 7 
 fake.rf 1440.00000000 51815.21938331421313251 1.00000 7 
 fake.rf 1440.00000000 51825.20265017094570581 1.00000 7 
 fake.rf 1440.00000000 51835.15577820451563085 1.00000 7 
 fake.rf 1440.00000000 51845.17745279594237928 1.00000 7 
 fake.rf 1440.00000000 51855.11421783210538194 1.00000 7 
 fake.rf 1440.00000000 51865.06803966015446505 1.00000 7 
 fake.rf 1440.00000000 51875.07848523759089332 1.00000 7 
 fake.rf 1440.00000000 51884.99385312114698365 1.00000 7 
 fake.rf 1440.00000000 51895.00115358064055116 1.00000 7 
 fake.rf 1440.00000000 51904.94879569055974855 1.00000 7 
 fake.rf 1440.00000000 51914.93230836022863883 1.00000 7 
 fake.rf 1440.00000000 51924.91491232875839401 1.00000 7 
 fake.rf 1440.00000000 51934.93706542358851053 1.00000 7 
 fake.rf 1440.00000000 51944.85039589828060258 1.00000 7 
 fake.rf 1440.00000000 51954.81597193891508013 1.00000 7 
 fake.rf 1440.00000000 51964.78098945231938899 1.00000 7 
 fake.rf 1440.00000000 51974.75802720322749906 1.00000 7 
 fake.rf 1440.00000000 51984.73424235212353750 1.00000 7 
 fake.rf 1440.00000000 51994.69457162667751149 1.00000 7 
 fake.rf 1440.00000000 52004.68690256934135974 1.00000 7 
 fake.rf 1440.00000000 52014.64630197589094251 1.00000 7 
 fake.rf 1440.00000000 52024.61231185901330321 1.00000 7 
 fake.rf 1440.00000000 52034.61140047095481975 1.00000 7 
 fake.rf 1440.00000000 52044.59823129302053246 1.00000 7 
 fake.rf 1440.00000000 52054.59870114734264135 1.00000 7 
 fake.rf 1440.00000000 52064.51589317520714673 1.00000 7 
 fake.rf 1440.00000000 52074.48367741733144953 1.00000 7 
 fake.rf 1440.00000000 52084.52403594211742899 1.00000 7 
 fake.rf 1440.00000000 52094.44900558426940762 1.00000 7 
 fake.rf 1440.00000000 52104.45517313378778823 1.00000 7 
 fake.rf 1440.00000000 52114.39608251493504554 1.00000 7 
 fake.rf 1440.00000000 52124.40214008710630367 1.00000 7 
 fake.rf 1440.00000000 52134.33554549010282031 1.00000 7 
 fake.rf 1440.00000000 52144.34022055975324506 1.00000 7 
 fake.rf 1440.00000000 52154.31192374430448311 1.00000 7 
 fake.rf 1440.00000000 52164.29273184261855079 1.00000 7 
 fake.rf 1440.00000000 52174.27853306002479883 1.00000 7 
 fake.rf 1440.00000000 52184.20465280147001152 1.00000 7 
 fake.rf 1440.00000000 52194.21146645599689151 1.00000 7 
 fake.rf 1440.00000000 52204.14853914048997652 1.00000 7 
 fake.rf 1440.00000000 52214.13293864818299284 1.00000 7 
 fake.rf 1440.00000000 52224.06723602982492949 1.00000 7 
 fake.rf 1440.00000000 52234.09755033133784252 1.00000 7 
 fake.rf 1440.00000000 52244.04807390175522031 1.00000 7 
 fake.rf 1440.00000000 52254.00633944682454768 1.00000 7 
 fake.rf 1440.00000000 52264.02953412739094574 1.00000 7 
 fake.rf 1440.00000000 52273.97237952530976557 1.00000 7 
 fake.rf 1440.00000000 52283.93498717016392874 1.00000 7 
 fake.rf 1440.00000000 52293.87836798151148443 1.00000 7 
 fake.rf 1440.00000000 52303.89218034944244451 1.00000 7 
 fake.rf 1440.00000000 52313.87442322505158643 1.00000 7 
 fake.rf 1440.00000000 52323.80450777446332111 1.00000 7 
 fake.rf 1440.00000000 52333.81163436730471616 1.00000 7 
 fake.rf 1440.00000000 52343.82027019319533068 1.00000 7 
 fake.rf 1440.00000000 52353.76448990378365878 1.00000 7 
 fake.rf 1440.00000000 52363.71605738130733698 1.00000 7 
 fake.rf 1440.00000000 52373.66918953014999971 1.00000 7 
 fake.rf 1440.00000000 52383.69183117026759788 1.00000 7 
 fake.rf 1440.00000000 52393.62772817569210204 1.00000 7 
 fake.rf 1440.00000000 52403.61646763394012893 1.00000 7 
 fake.rf 1440.00000000 52413.58924785481776354 1.00000 7 
 fake.rf 1440.00000000 52423.57669184040068444 1.00000 7 
 fake.rf 1440.00000000 52433.51545988383130847 1.00000 7 
 fake.rf 1440.00000000 52443.53228315996389242 1.00000 7 
 fake.rf 1440.00000000 52453.46837327425376785 1.00000 7 
 fake.rf 1440.00000000 52463.48948215307908782 1.00000 7 
 fake.rf 1440.00000000 52473.43108452032546296 1.00000 7 
 fake.rf 1440.00000000 52483.38028019314280570 1.00000 7 
 fake.rf 1440.00000000 52493.35481312270135490 1.00000 7 
 fake.rf 1440.00000000 52503.33053348875389332 1.00000 7 
 fake.rf 1440.00000000 52513.32743949496621738 1.00000 7 
 fake.rf 1440.00000000 52523.31367627005216647 1.00000 7 
 fake.rf 1440.00000000 52533.25099835524592251 1.00000 7 
 fake.rf 1440.00000000 52543.22218967228474540 1.00000 7 
 fake.rf 1440.00000000 52553.18625438139964245 1.00000 7 
 fake.rf 1440.00000000 52563.19247963879208996 1.00000 7 
 fake.rf 1440.00000000 52573.13083662582315014 1.00000 7 
 fake.rf 1440.00000000 52583.14838441831719962 1.00000 7 
 fake.rf 1440.00000000 52593.06118828982595304 1.00000 7 
 fake.rf 1440.00000000 52603.05356379124483013 1.00000 7 
 fake.rf 1440.00000000 52613.02889496324955232 1.00000 7 
 fake.rf 1440.00000000 52623.03457936029578335 1.00000 7 
 fake.rf 1440.00000000 52632.98434374302157579 1.00000 7 
 fake.rf 1440.00000000 52642.99410585373613003 1.00000 7 
 fake.rf 1440.00000000 52652.95239708158344172 1.00000 7 
 fake.rf 1440.00000000 52662.87368549505404403 1.00000 7 
 fake.rf 1440.00000000 52672.86231943605735495 1.00000 7 
 fake.rf 1440.00000000 52682.88438049186263612 1.00000 7 
 fake.rf 1440.00000000 52692.85561485832629458 1.00000 7 
 fake.rf 1440.00000000 52702.80745008507993887 1.00000 7 
 fake.rf 1440.00000000 52712.76222162059497833 1.00000 7 
 fake.rf 1440.00000000 52722.73354052064788178 1.00000 7 
 fake.rf 1440.00000000 52732.70012411241651762 1.00000 7 
 fake.rf 1440.00000000 52742.70430133379763049 1.00000 7 
 fake.rf 1440.00000000 52752.63641454916270845 1.00000 7 
 fake.rf 1440.00000000 52762.64972589343645026 1.00000 7 
 fake.rf 1440.00000000 52772.61898297591276474 1.00000 7 
 fake.rf 1440.00000000 52782.60333624801203456 1.00000 7 
 fake.rf 1440.00000000 52792.50981420934879651 1.00000 7 
 fake.rf 1440.00000000 52802.56424194887762980 1.00000 7 
 fake.rf 1440.00000000 52812.46828658144873714 1.00000 7 
 fake.rf 1440.00000000 52822.48230823277581791 1.00000 7 
 fake.rf 1440.00000000 52832.46694374444916775 1.00000 7 
 fake.rf 1440.00000000 52842.41894807720480642 1.00000 7 
 fake.rf 1440.00000000 52852.34813208334310275 1.00000 7 
 fake.rf 1440.00000000 52862.32413664927251418 1.00000 7 
 fake.rf 1440.00000000 52872.30967055872457649 1.00000 7 
 fake.rf 1440.00000000 52882.28784922627279030 1.00000 7 
 fake.rf 1440.00000000 52892.30870591019429483 1.00000 7 
 fake.rf 1440.00000000 52902.23434799839430909 1.00000 7 
 fake.rf 1440.00000000 52912.23220651538768422 1.00000 7 
 fake.rf 1440.00000000 52922.17236536431922289 1.00000 7 
 fake.rf 1440.00000000 52932.13099623118057835 1.00000 7 
 fake.rf 1440.00000000 52942.10592341554497864 1.00000 7 
 fake.rf 1440.00000000 52952.08314873957101199 1.00000 7 
 fake.rf 1440.00000000 52962.11070846381499067 1.00000 7 
 fake.rf 1440.00000000 52972.03422842323793418 1.00000 7 
 fake.rf 1440.00000000 52982.02739200428063882 1.00000 7 
 fake.rf 1440.00000000 52992.02098378598451234 1.00000 7 
 fake.rf 1440.00000000 53001.94304247543232478 1.00000 7 
 fake.rf 1440.00000000 53011.91534559636131263 1.00000 7 
 fake.rf 1440.00000000 53021.89101324812181915 1.00000 7 
 fake.rf 1440.00000000 53031.89502851304580133 1.00000 7 
 fake.rf 1440.00000000 53041.86121952391471979 1.00000 7 
 fake.rf 1440.00000000 53051.86836875863698637 1.00000 7 
 fake.rf 1440.00000000 53061.83180155798030952 1.00000 7 
 fake.rf 1440.00000000 53071.75527491961240756 1.00000 7 
 fake.rf 1440.00000000 53081.75898557873435379 1.00000 7 
 fake.rf 1440.00000000 53091.73407598548422826 1.00000 7 
 fake.rf 1440.00000000 53101.67466498644829898 1.00000 7 
 fake.rf 1440.00000000 53111.67677439817806118 1.00000 7 
 fake.rf 1440.00000000 53121.66654703984364971 1.00000 7 
 fake.rf 1440.00000000 53131.64846206574307885 1.00000 7 
 fake.rf 1440.00000000 53141.57917794745541329 1.00000 7 
 fake.rf 1440.00000000 53151.54825929197007284 1.00000 7 
 fake.rf 1440.00000000 53161.56999598248278360 1.00000 7 
 fake.rf 1440.00000000 53171.50402077983418891 1.00000 7 
 fake.rf 1440.00000000 53181.48594036953518582 1.00000 7 
 fake.rf 1440.00000000 53191.42982672153742385 1.00000 7 
 fake.rf 1440.00000000 53201.41201252036887581 1.00000 7 
 fake.rf 1440.00000000 53211.43021189216389644 1.00000 7 
 fake.rf 1440.00000000 53221.39926104992315103 1.00000 7 
 fake.rf 1440.00000000 53231.34891003318153935 1.00000 7 
 fake.rf 1440.00000000 53241.35304460116310565 1.00000 7 
 fake.rf 1440.00000000 53251.32432529091305184 1.00000 7 
 fake.rf 1440.00000000 53261.27850395309410558 1.00000 7 
 fake.rf 1440.00000000 53271.25416924865547230 1.00000 7 
 fake.rf 1440.00000000 53281.17627424141933190 1.00000 7 
 fake.rf 1440.00000000 53291.15092077133468607 1.00000 7 
 fake.rf 1440.00000000 53301.14748223113197767 1.00000 7 
 fake.rf 1440.00000000 53311.10228351508811429 1.00000 7 
 fake.rf 1440.00000000 53321.07653751500838624 1.00000 7 
 fake.rf 1440.00000000 53331.07607097300390109 1.00000 7 
 fake.rf 1440.00000000 53341.06219185636209801 1.00000 7 
 fake.rf 1440.00000000 53351.02994122359262619 1.00000 7 
 fake.rf 1440.00000000 53360.98059489592712978 1.00000 7 
 fake.rf 1440.00000000 53370.95745291166585744 1.00000 7 
 fake.rf 1440.00000000 53380.95931332189416807 1.00000 7 
 fake.rf 1440.00000000 53390.94098201972569484 1.00000 7 
 fake.rf 1440.00000000 53400.92023475756094797 1.00000 7 
 fake.rf 1440.00000000 53410.88998847390710623 1.00000 7 
 fake.rf 1440.00000000 53420.81773757501855826 1.00000 7 
 fake.rf 1440.00000000 53430.81406732901365331 1.00000 7 
 fake.rf 1440.00000000 53440.79304039037635121 1.00000 7 
 fake.rf 1440.00000000 53450.76214302091856467 1.00000 7 
 fake.rf 1440.00000000 53460.75485846685798208 1.00000 7 
 fake.rf 1440.00000000 53470.69953918679859939 1.00000 7 
 fake.rf 1440.00000000 53480.62997094493672989 1.00000 7 
 fake.rf 1440.00000000 53490.63191032554011173 1.00000 7 
 fake.rf 1440.00000000 53500.63111506426924535 1.00000 7 
 fake.rf 1440.00000000 53510.57103694420467477 1.00000 7 
 fake.rf 1440.00000000 53520.53514668779692443 1.00000 7 
 fake.rf 1440.00000000 53530.53070492577458594 1.00000 7 
 fake.rf 1440.00000000 53540.53091351510920859 1.00000 7 
 fake.rf 1440.00000000 53550.44312877237477011 1.00000 7 
 fake.rf 1440.00000000 53560.43727205607918052 1.00000 7 
 fake.rf 1440.00000000 53570.41896360946212496 1.00000 7 
 fake.rf 1440.00000000 53580.41748186384927521 1.00000 7 
 fake.rf 1440.00000000 53590.36103446017166618 1.00000 7 
 fake.rf 1440.00000000 53600.34467690440034104 1.00000 7 
 fake.rf 1440.00000000 53610.28372757605032106 1.00000 7 
 fake.rf 1440.00000000 53620.29271915626691580 1.00000 7 
 fake.rf 1440.00000000 53630.27791993393668690 1.00000 7 
 fake.rf 1440.00000000 53640.24380839301595003 1.00000 7 
 fake.rf 1440.00000000 53650.18289183127320996 1.00000 7 
 fake.rf 1440.00000000 53660.16314631417530023 1.00000 7 
