FORMAT 1
 fake.rf 1440.00000000 50000.16551669239658295 1.00000 7 
 fake.rf 1440.00000000 50010.17536274663231666 1.00000 7 
 fake.rf 1440.00000000 50020.11566540116855251 1.00000 7 
 fake.rf 1440.00000000 50030.08708267141526704 1.00000 7 
 fake.rf 1440.00000000 50040.05034438839884103 1.00000 7 
 fake.rf 1440.00000000 50050.08254806218888433 1.00000 7 
 fake.rf 1440.00000000 50060.04377111631356811 1.00000 7 
 fake.rf 1440.00000000 50069.98038286378771744 1.00000 7 
 fake.rf 1440.00000000 50079.99394976552158809 1.00000 7 
 fake.rf 1440.00000000 50089.94362917568373916 1.00000 7 
 fake.rf 1440.00000000 50099.92270592478858049 1.00000 7 
 fake.rf 1440.00000000 50109.88277876770446184 1.00000 7 
 fake.rf 1440.00000000 50119.87748163837290249 1.00000 7 
 fake.rf 1440.00000000 50129.83779258598874051 1.00000 7 
 fake.rf 1440.00000000 50139.77391918809794547 1.00000 7 
 fake.rf 1440.00000000 50149.74961774781481694 1.00000 7 
 fake.rf 1440.00000000 50159.74568701879381294 1.00000 7 
 fake.rf 1440.00000000 50169.71158392744480992 1.00000 7 
 fake.rf 1440.00000000 50179.73225412288345382 1.00000 7 
 fake.rf 1440.00000000 50189.66616925681994488 1.00000 7 
 fake.rf 1440.00000000 50199.68808728877938918 1.00000 7 
 fake.rf 1440.00000000 50209.64190076239226102 1.00000 7 
 fake.rf 1440.00000000 50219.62340102890235016 1.00000 7 
 fake.rf 1440.00000000 50229.54051793566546991 1.00000 7 
 fake.rf 1440.00000000 50239.56717174108147361 1.00000 7 
 fake.rf 1440.00000000 50249.51951197184577680 1.00000 7 
 fake.rf 1440.00000000 50259.51480380926480862 1.00000 7 
 fake.rf 1440.00000000 50269.48924794181677811 1.00000 7 
 fake.rf 1440.00000000 50279.38776728436028307 1.00000 7 
 fake.rf 1440.00000000 50289.42551859295586780 1.00000 7 
 fake.rf 1440.00000000 50299.37365798154853636 1.00000 7 
 fake.rf 1440.00000000 50309.31917199050622358 1.00000 7 
 fake.rf 1440.00000000 50319.31074035095570451 1.00000 7 
 fake.rf 1440.00000000 50329.30982003511785905 1.00000 7 
 fake.rf 1440.00000000 50339.25405564586843710 1.00000 7 
 fake.rf 1440.00000000 50349.23619007121140001 1.00000 7 
 fake.rf 1440.00000000 50359.21144442095996752 1.00000 7 
 fake.rf 1440.00000000 50369.14420743257886670 1.00000 7 
 fake.rf 1440.00000000 50379.17359127064816349 1.00000 7 
 fake.rf 1440.00000000 50389.10638352165705456 1.00000 7 
 fake.rf 1440.00000000 50399.09946358654103804 1.00000 7 
 fake.rf 1440.00000000 50409.05189519678078014 1.00000 7 
 fake.rf 1440.00000000 50419.05539796195170155 1.00000 7 
 fake.rf 1440.00000000 50428.98715189475727882 1.00000 7 
 fake.rf 1440.00000000 50439.01053211228193618 1.00000 7 
 fake.rf 1440.00000000 50448.97746580964287944 1.00000 7 
 fake.rf 1440.00000000 50458.91222262610398275 1.00000 7 
 fake.rf 1440.00000000 50468.87564314535465115 1.00000 7 
 fake.rf 1440.00000000 50478.91911141130788820 1.00000 7 
 fake.rf 1440.00000000 50488.81850941978000691 1.00000 7 
 fake.rf 1440.00000000 50498.82648273836350228 1.00000 7 
 fake.rf 1440.00000000 50508.83584002615153352 1.00000 7 
 fake.rf 1440.00000000 50518.79968919761332558 1.00000 7 
 fake.rf 1440.00000000 50528.73313375815755322 1.00000 7 
 fake.rf 1440.00000000 50538.68691229464786474 1.00000 7 
 fake.rf 1440.00000000 50548.70471960192239180 1.00000 7 
 fake.rf 1440.00000000 50558.70114207245714510 1.00000 7 
 fake.rf 1440.00000000 50568.67751675536716149 1.00000 7 
 fake.rf 1440.00000000 50578.61373920781144520 1.00000 7 
 fake.rf 1440.00000000 50588.61931868502771792 1.00000 7 
 fake.rf 1440.00000000 50598.57741567878039035 1.00000 7 
 fake.rf 1440.00000000 50608.48908183104343195 1.00000 7 
 fake.rf 1440.00000000 50618.46747967152246162 1.00000 7 
 fake.rf 1440.00000000 50628.44444935703568333 1.00000 7 
 fake.rf 1440.00000000 50638.46583285312505751 1.00000 7 
 fake.rf 1440.00000000 50648.41577065545171266 1.00000 7 
 fake.rf 1440.00000000 50658.40217909085848191 1.00000 7 
 fake.rf 1440.00000000 50668.34278794454289852 1.00000 7 
 fake.rf 1440.00000000 50678.33612638865636768 1.00000 7 
 fake.rf 1440.00000000 50688.29588969805863741 1.00000 7 
 fake.rf 1440.00000000 50698.27992846958938600 1.00000 7 
 fake.rf 1440.00000000 50708.29365130898855085 1.00000 7 
 fake.rf 1440.00000000 50718.23315055381311467 1.00000 7 
 fake.rf 1440.00000000 50728.16466308270501173 1.00000 7 
 fake.rf 1440.00000000 50738.13744418384369439 1.00000 7 
 fake.rf 1440.00000000 50748.12762797482677257 1.00000 7 
 fake.rf 1440.00000000 50758.13671189019459362 1.00000 7 
 fake.rf 1440.00000000 50768.07155415378827001 1.00000 7 
 fake.rf 1440.00000000 50778.05246278129112980 1.00000 7 
 fake.rf 1440.00000000 50788.04898594605903028 1.00000 7 
 fake.rf 1440.00000000 50797.99386388983662499 1.00000 7 
 fake.rf 1440.00000000 50808.01005016934985292 1.00000 7 
 fake.rf 1440.00000000 50817.95990163485559066 1.00000 7 
 fake.rf 1440.00000000 50827.89593308290562490 1.00000 7 
 fake.rf 1440.00000000 50837.87286824933775264 1.00000 7 
 fake.rf 1440.00000000 50847.88713591945320758 1.00000 7 
 fake.rf 1440.00000000 50857.86827900492377452 1.00000 7 
 fake.rf 1440.00000000 50867.78560764353333568 1.00000 7 
 fake.rf 1440.00000000 50877.80355433504805163 1.00000 7 
 fake.rf 1440.00000000 50887.74822417963002152 1.00000 7 
 fake.rf 1440.00000000 50897.69843666858096043 1.00000 7 
 fake.rf 1440.00000000 50907.70178465821561176 1.00000 7 
 fake.rf 1440.00000000 50917.66875835282466412 1.00000 7 
 fake.rf 1440.00000000 50927.62467299529522080 1.00000 7 
 fake.rf 1440.00000000 50937.63229502860681563 1.00000 7 
 fake.rf 1440.00000000 50947.56462319541381945 1.00000 7 
 fake.rf 1440.00000000 50957.58111329276161428 1.00000 7 
 fake.rf 1440.00000000 50967.51911477267573147 1.00000 7 
 fake.rf 1440.00000000 50977.50268946632332856 1.00000 7 
 fake.rf 1440.00000000 50987.45648900514696678 1.00000 7 
 fake.rf 1440.00000000 50997.46489146484014654 1.00000 7 
 fake.rf 1440.00000000 51007.45980927231724777 1.00000 7 
 fake.rf 1440.00000000 51017.37130264209046260 1.00000 7 
 fake.rf 1440.00000000 51027.34650866396771107 1.00000 7 
 fake.rf 1440.00000000 51037.38357666978926730 1.00000 7 
 fake.rf 1440.00000000 51047.29515548886167764 1.00000 7 
 fake.rf 1440.00000000 51057.28784963542315722 1.00000 7 
 fake.rf 1440.00000000 51067.27797256932520753 1.00000 7 
 fake.rf 1440.00000000 51077.23503129792653255 1.00000 7 
 fake.rf 1440.00000000 51087.23593839011394024 1.00000 7 
 fake.rf 1440.00000000 51097.16655549678724668 1.00000 7 
 fake.rf 1440.00000000 51107.17912985416401384 1.00000 7 
 fake.rf 1440.00000000 51117.14019422018126093 1.00000 7 
 fake.rf 1440.00000000 51127.13130046801047612 1.00000 7 
 fake.rf 1440.00000000 51137.10721058982839793 1.00000 7 
 fake.rf 1440.00000000 51147.07251446101430759 1.00000 7 
 fake.rf 1440.00000000 51157.02185937054490239 1.00000 7 
 fake.rf 1440.00000000 51167.00621691088693765 1.00000 7 
 fake.rf 1440.00000000 51176.99948710255146977 1.00000 7 
 fake.rf 1440.00000000 51186.91074969848023812 1.00000 7 
 fake.rf 1440.00000000 51196.95041474495354805 1.00000 7 
 fake.rf 1440.00000000 51206.92120174578163017 1.00000 7 
 fake.rf 1440.00000000 51216.86311668075774861 1.00000 7 
 fake.rf 1440.00000000 51226.81372640186542711 1.00000 7 
 fake.rf 1440.00000000 51236.76773237008771389 1.00000 7 
 fake.rf 1440.00000000 51246.74457368557961701 1.00000 7 
 fake.rf 1440.00000000 51256.73814927572121647 1.00000 7 
 fake.rf 1440.00000000 51266.73594965329943918 1.00000 7 
 fake.rf 1440.00000000 51276.67809676938853158 1.00000 7 
 fake.rf 1440.00000000 51286.68255137932430188 1.00000 7 
 fake.rf 1440.00000000 51296.66145564551820257 1.00000 7 
 fake.rf 1440.00000000 51306.63930956187454058 1.00000 7 
 fake.rf 1440.00000000 51316.58265298075703953 1.00000 7 
 fake.rf 1440.00000000 51326.58368829208351158 1.00000 7 
 fake.rf 1440.00000000 51336.56405254606834276 1.00000 7 
 fake.rf 1440.00000000 51346.48843496835667111 1.00000 7 
 fake.rf 1440.00000000 51356.51168677126042539 1.00000 7 
 fake.rf 1440.00000000 51366.42871614230993771 1.00000 7 
 fake.rf 1440.00000000 51376.45385919072054293 1.00000 7 
 fake.rf 1440.00000000 51386.37814074229536487 1.00000 7 
 fake.rf 1440.00000000 51396.40671486221362940 1.00000 7 
 fake.rf 1440.00000000 51406.30644600393091892 1.00000 7 
 fake.rf 1440.00000000 51416.35393957334864012 1.00000 7 
 fake.rf 1440.00000000 51426.28754906285966442 1.00000 7 
 fake.rf 1440.00000000 51436.28902413384923875 1.00000 7 
 fake.rf 1440.00000000 51446.25639882102872136 1.00000 7 
 fake.rf 1440.00000000 51456.18261652413653451 1.00000 7 
 fake.rf 1440.00000000 51466.16074080671098656 1.00000 7 
 fake.rf 1440.00000000 51476.13977738874771006 1.00000 7 
 fake.rf 1440.00000000 51486.08656959925764340 1.00000 7 
 fake.rf 1440.00000000 51496.08659415311130658 1.00000 7 
 fake.rf 1440.00000000 51506.04926677837062243 1.00000 7 
 fake.rf 1440.00000000 51516.07748364000767083 1.00000 7 
 fake.rf 1440.00000000 51526.04672748460649245 1.00000 7 
 fake.rf 1440.00000000 51535.98731417234971630 1.00000 7 
 fake.rf 1440.00000000 51545.99684133223064464 1.00000 7 
 fake.rf 1440.00000000 51555.97023081213495388 1.00000 7 
 fake.rf 1440.00000000 51565.93169743216410694 1.00000 7 
 fake.rf 1440.00000000 51575.88299597794483731 1.00000 7 
 fake.rf 1440.00000000 51585.82583692146388188 1.00000 7 
 fake.rf 1440.00000000 51595.81906247739642879 1.00000 7 
 fake.rf 1440.00000000 51605.77656961625930165 1.00000 7 
 fake.rf 1440.00000000 51615.80790212359845626 1.00000 7 
 fake.rf 1440.00000000 51625.77177542119824238 1.00000 7 
 fake.rf 1440.00000000 51635.67428889606446774 1.00000 7 
 fake.rf 1440.00000000 51645.71328997027977437 1.00000 7 
 fake.rf 1440.00000000 51655.62885005791740411 1.00000 7 
 fake.rf 1440.00000000 51665.66525298846348946 1.00000 7 
 fake.rf 1440.00000000 51675.56525442821278560 1.00000 7 
 fake.rf 1440.00000000 51685.61659522592503890 1.00000 7 
 fake.rf 1440.00000000 51695.52125069918341893 1.00000 7 
 fake.rf 1440.00000000 51705.56046395334080756 1.00000 7 
 fake.rf 1440.00000000 51715.53884022764191641 1.00000 7 
 fake.rf 1440.00000000 51725.43496026883857297 1.00000 7 
 fake.rf 1440.00000000 51735.43508734473902777 1.00000 7 
 fake.rf 1440.00000000 51745.44224301040000924 1.00000 7 
 fake.rf 1440.00000000 51755.41637540577850984 1.00000 7 
 fake.rf 1440.00000000 51765.37002450227869943 1.00000 7 
 fake.rf 1440.00000000 51775.29927547377847574 1.00000 7 
 fake.rf 1440.00000000 51785.27974875106711750 1.00000 7 
 fake.rf 1440.00000000 51795.29082773654521432 1.00000 7 
 fake.rf 1440.00000000 51805.24740760509558157 1.00000 7 
 fake.rf 1440.00000000 51815.21785786812160524 1.00000 7 
 fake.rf 1440.00000000 51825.20112470888355816 1.00000 7 
 fake.rf 1440.00000000 51835.15425273212831669 1.00000 7 
 fake.rf 1440.00000000 51845.17592734597455362 1.00000 7 
 fake.rf 1440.00000000 51855.11269235177986658 1.00000 7 
 fake.rf 1440.00000000 51865.06651420933971863 1.00000 7 
 fake.rf 1440.00000000 51875.07695975777728492 1.00000 7 
 fake.rf 1440.00000000 51884.99232765595279204 1.00000 7 
 fake.rf 1440.00000000 51894.99962809581953493 1.00000 7 
 fake.rf 1440.00000000 51904.94727021361498842 1.00000 7 
 fake.rf 1440.00000000 51914.93078291998625673 1.00000 7 
 fake.rf 1440.00000000 51924.91338686184285223 1.00000 7 
 fake.rf 1440.00000000 51934.93553995405731527 1.00000 7 
 fake.rf 1440.00000000 51944.84887044972399650 1.00000 7 
 fake.rf 1440.00000000 51954.81444647077428201 1.00000 7 
 fake.rf 1440.00000000 51964.77946397679064461 1.00000 7 
 fake.rf 1440.00000000 51974.75650175763179561 1.00000 7 
 fake.rf 1440.00000000 51984.73271688675550095 1.00000 7 
 fake.rf 1440.00000000 51994.69304618502922111 1.00000 7 
 fake.rf 1440.00000000 52004.68537709581655193 1.00000 7 
 fake.rf 1440.00000000 52014.64477650402074360 1.00000 7 
 fake.rf 1440.00000000 52024.61078638583089884 1.00000 7 
 fake.rf 1440.00000000 52034.60987498638358772 1.00000 7 
 fake.rf 1440.00000000 52044.59670580456302602 1.00000 7 
 fake.rf 1440.00000000 52054.59717568399203813 1.00000 7 
 fake.rf 1440.00000000 52064.51436770804261300 1.00000 7 
 fake.rf 1440.00000000 52074.48215195200780414 1.00000 7 
 fake.rf 1440.00000000 52084.52251047520534044 1.00000 7 
 fake.rf 1440.00000000 52094.44748011797194920 1.00000 7 
 fake.rf 1440.00000000 52104.45364767437483167 1.00000 7 
 fake.rf 1440.00000000 52114.39455704559655302 1.00000 7 
 fake.rf 1440.00000000 52124.40061461665096232 1.00000 7 
 fake.rf 1440.00000000 52134.33402002082466353 1.00000 7 
 fake.rf 1440.00000000 52144.33869509252432195 1.00000 7 
 fake.rf 1440.00000000 52154.31039827971361333 1.00000 7 
 fake.rf 1440.00000000 52164.29120636550759826 1.00000 7 
 fake.rf 1440.00000000 52174.27700760861997509 1.00000 7 
 fake.rf 1440.00000000 52184.20312735072340615 1.00000 7 
 fake.rf 1440.00000000 52194.20994098701351049 1.00000 7 
 fake.rf 1440.00000000 52204.14701368180085694 1.00000 7 
 fake.rf 1440.00000000 52214.13141318820106562 1.00000 7 
 fake.rf 1440.00000000 52224.06571054288062328 1.00000 7 
 fake.rf 1440.00000000 52234.09602486272745026 1.00000 7 
 fake.rf 1440.00000000 52244.04654844976764139 1.00000 7 
 fake.rf 1440.00000000 52254.00481398924732090 1.00000 7 
 fake.rf 1440.00000000 52264.02800864734158992 1.00000 7 
 fake.rf 1440.00000000 52273.97085407898303444 1.00000 7 
 fake.rf 1440.00000000 52283.93346170880549195 1.00000 7 
 fake.rf 1440.00000000 52293.87684252166808108 1.00000 7 
 fake.rf 1440.00000000 52303.89065489569636114 1.00000 7 
 fake.rf 1440.00000000 52313.87289776843467237 1.00000 7 
 fake.rf 1440.00000000 52323.80298232213486642 1.00000 7 
 fake.rf 1440.00000000 52333.81010891107779770 1.00000 7 
 fake.rf 1440.00000000 52343.81874473385425262 1.00000 7 
 fake.rf 1440.00000000 52353.76296444423982024 1.00000 7 
 fake.rf 1440.00000000 52363.71453192046575609 1.00000 7 
 fake.rf 1440.00000000 52373.66766408041883096 1.00000 7 
 fake.rf 1440.00000000 52383.69030572742493845 1.00000 7 
 fake.rf 1440.00000000 52393.62620268903848952 1.00000 7 
 fake.rf 1440.00000000 52403.61494217656749584 1.00000 7 
 fake.rf 1440.00000000 52413.58772237883716016 1.00000 7 
 fake.rf 1440.00000000 52423.57516637916256741 1.00000 7 
 fake.rf 1440.00000000 52433.51393443039829023 1.00000 7 
 fake.rf 1440.00000000 52443.53075772605275162 1.00000 7 
 fake.rf 1440.00000000 52453.46684780549382765 1.00000 7 
 fake.rf 1440.00000000 52463.48795667887763372 1.00000 7 
 fake.rf 1440.00000000 52473.42955904535264366 1.00000 7 
 fake.rf 1440.00000000 52483.37875470256600607 1.00000 7 
 fake.rf 1440.00000000 52493.35328765502076820 1.00000 7 
 fake.rf 1440.00000000 52503.32900801381973821 1.00000 7 
 fake.rf 1440.00000000 52513.32591404787613243 1.00000 7 
 fake.rf 1440.00000000 52523.31215081761464347 1.00000 7 
 fake.rf 1440.00000000 52533.24947286407652669 1.00000 7 
 fake.rf 1440.00000000 52543.22066419986593644 1.00000 7 
 fake.rf 1440.00000000 52553.18472892830054022 1.00000 7 
 fake.rf 1440.00000000 52563.19095415566908258 1.00000 7 
 fake.rf 1440.00000000 52573.12931115866926746 1.00000 7 
 fake.rf 1440.00000000 52583.14685896503626950 1.00000 7 
 fake.rf 1440.00000000 52593.05966284312574288 1.00000 7 
 fake.rf 1440.00000000 52603.05203831712281826 1.00000 7 
 fake.rf 1440.00000000 52613.02736950435550867 1.00000 7 
 fake.rf 1440.00000000 52623.03305390116920393 1.00000 7 
 fake.rf 1440.00000000 52632.98281828235783664 1.00000 7 
 fake.rf 1440.00000000 52642.99258038939449378 1.00000 7 
 fake.rf 1440.00000000 52652.95087162512114176 1.00000 7 
 fake.rf 1440.00000000 52662.87216004698909799 1.00000 7 
 fake.rf 1440.00000000 52672.86079394605294723 1.00000 7 
 fake.rf 1440.00000000 52682.88285502185734543 1.00000 7 
 fake.rf 1440.00000000 52692.85408938905746368 1.00000 7 
 fake.rf 1440.00000000 52702.80592463060139963 1.00000 7 
 fake.rf 1440.00000000 52712.76069615056581341 1.00000 7 
 fake.rf 1440.00000000 52722.73201506805879291 1.00000 7 
 fake.rf 1440.00000000 52732.69859864758758761 1.00000 7 
 fake.rf 1440.00000000 52742.70277587473191971 1.00000 7 
 fake.rf 1440.00000000 52752.63488910542679733 1.00000 7 
 fake.rf 1440.00000000 52762.64820042502433850 1.00000 7 
 fake.rf 1440.00000000 52772.61745753446573204 1.00000 7 
 fake.rf 1440.00000000 52782.60181079140133420 1.00000 7 
 fake.rf 1440.00000000 52792.50828877584465459 1.00000 7 
 fake.rf 1440.00000000 52802.56271647691222171 1.00000 7 
 fake.rf 1440.00000000 52812.46676111030132716 1.00000 7 
 fake.rf 1440.00000000 52822.48078277969801775 1.00000 7 
 fake.rf 1440.00000000 52832.46541827006646486 1.00000 7 
 fake.rf 1440.00000000 52842.41742262854554113 1.00000 7 
 fake.rf 1440.00000000 52852.34660661628027611 1.00000 7 
 fake.rf 1440.00000000 52862.32261116587932648 1.00000 7 
 fake.rf 1440.00000000 52872.30814508910610172 1.00000 7 
 fake.rf 1440.00000000 52882.28632375308460922 1.00000 7 
 fake.rf 1440.00000000 52892.30718044154668078 1.00000 7 
 fake.rf 1440.00000000 52902.23282256211744112 1.00000 7 
 fake.rf 1440.00000000 52912.23068104584934801 1.00000 7 
 fake.rf 1440.00000000 52922.17083989991227355 1.00000 7 
 fake.rf 1440.00000000 52932.12947077242296956 1.00000 7 
 fake.rf 1440.00000000 52942.10439794780849354 1.00000 7 
 fake.rf 1440.00000000 52952.08162326893481620 1.00000 7 
 fake.rf 1440.00000000 52962.10918301791454965 1.00000 7 
 fake.rf 1440.00000000 52972.03270297258908528 1.00000 7 
 fake.rf 1440.00000000 52982.02586653881455803 1.00000 7 
 fake.rf 1440.00000000 52992.01945834202070529 1.00000 7 
 fake.rf 1440.00000000 53001.94151699058360805 1.00000 7 
 fake.rf 1440.00000000 53011.91382013311140398 1.00000 7 
 fake.rf 1440.00000000 53021.88948777914384181 1.00000 7 
 fake.rf 1440.00000000 53031.89350303735854553 1.00000 7 
 fake.rf 1440.00000000 53041.85969408001612280 1.00000 7 
 fake.rf 1440.00000000 53051.86684330371026164 1.00000 7 
 fake.rf 1440.00000000 53061.83027610150694287 1.00000 7 
 fake.rf 1440.00000000 53071.75374944772828556 1.00000 7 
 fake.rf 1440.00000000 53081.75746013119795919 1.00000 7 
 fake.rf 1440.00000000 53091.73255051379176095 1.00000 7 
 fake.rf 1440.00000000 53101.67313951601484945 1.00000 7 
 fake.rf 1440.00000000 53111.67524892832051719 1.00000 7 
 fake.rf 1440.00000000 53121.66502160282232481 1.00000 7 
 fake.rf 1440.00000000 53131.64693660635422390 1.00000 7 
 fake.rf 1440.00000000 53141.57765250535766555 1.00000 7 
 fake.rf 1440.00000000 53151.54673384204091136 1.00000 7 
 fake.rf 1440.00000000 53161.56847051403065763 1.00000 7 
 fake.rf 1440.00000000 53171.50249531260686453 1.00000 7 
 fake.rf 1440.00000000 53181.48441488692295920 1.00000 7 
 fake.rf 1440.00000000 53191.42830124614232190 1.00000 7 
 fake.rf 1440.00000000 53201.41048702767839629 1.00000 7 
 fake.rf 1440.00000000 53211.42868640926339552 1.00000 7 
 fake.rf 1440.00000000 53221.39773557641591495 1.00000 7 
 fake.rf 1440.00000000 53231.34738459119665066 1.00000 7 
 fake.rf 1440.00000000 53241.35151913273342572 1.00000 7 
 fake.rf 1440.00000000 53251.32279983613966579 1.00000 7 
 fake.rf 1440.00000000 53261.27697847948528675 1.00000 7 
 fake.rf 1440.00000000 53271.25264378134970755 1.00000 7 
 fake.rf 1440.00000000 53281.17474877113157916 1.00000 7 
 fake.rf 1440.00000000 53291.14939532894261376 1.00000 7 
 fake.rf 1440.00000000 53301.14595675700828181 1.00000 7 
 fake.rf 1440.00000000 53311.10075805020413853 1.00000 7 
 fake.rf 1440.00000000 53321.07501206256004878 1.00000 7 
 fake.rf 1440.00000000 53331.07454551586006986 1.00000 7 
 fake.rf 1440.00000000 53341.06066640607104645 1.00000 7 
 fake.rf 1440.00000000 53351.02841576711077565 1.00000 7 
 fake.rf 1440.00000000 53360.97906943955609194 1.00000 7 
 fake.rf 1440.00000000 53370.95592746564337361 1.00000 7 
 fake.rf 1440.00000000 53380.95778786682325645 1.00000 7 
 fake.rf 1440.00000000 53390.93945655176828424 1.00000 7 
 fake.rf 1440.00000000 53400.91870928645190020 1.00000 7 
 fake.rf 1440.00000000 53410.88846300702349978 1.00000 7 
 fake.rf 1440.00000000 53420.81621209548234930 1.00000 7 
 fake.rf 1440.00000000 53430.81254185783558697 1.00000 7 
 fake.rf 1440.00000000 53440.79151492605054941 1.00000 7 
 fake.rf 1440.00000000 53450.76061754948882765 1.00000 7 
 fake.rf 1440.00000000 53460.75333300192230013 1.00000 7 
 fake.rf 1440.00000000 53470.69801373415602797 1.00000 7 
 fake.rf 1440.00000000 53480.62844548766996411 1.00000 7 
 fake.rf 1440.00000000 53490.63038486003927829 1.00000 7 
 fake.rf 1440.00000000 53500.62958960832518684 1.00000 7 
 fake.rf 1440.00000000 53510.56951149588349281 1.00000 7 
 fake.rf 1440.00000000 53520.53362122761557629 1.00000 7 
 fake.rf 1440.00000000 53530.52917947892848716 1.00000 7 
 fake.rf 1440.00000000 53540.52938802786291816 1.00000 7 
 fake.rf 1440.00000000 53550.44160331927981389 1.00000 7 
 fake.rf 1440.00000000 53560.43574661023206573 1.00000 7 
 fake.rf 1440.00000000 53570.41743814143057634 1.00000 7 
 fake.rf 1440.00000000 53580.41595640582426441 1.00000 7 
 fake.rf 1440.00000000 53590.35950898423031319 1.00000 7 
 fake.rf 1440.00000000 53600.34315141845484476 1.00000 7 
 fake.rf 1440.00000000 53610.28220211415433738 1.00000 7 
 fake.rf 1440.00000000 53620.29119368683291569 1.00000 7 
 fake.rf 1440.00000000 53630.27639445291543652 1.00000 7 
 fake.rf 1440.00000000 53640.24228291584168460 1.00000 7 
 fake.rf 1440.00000000 53650.18136637935006306 1.00000 7 
 fake.rf 1440.00000000 53660.16162086492615657 1.00000 7 
