FORMAT 1
 fake.rf 1440.00000000 50000.22270099732890358 1.00000 7 
 fake.rf 1440.00000000 50010.23254713902034752 1.00000 7 
 fake.rf 1440.00000000 50020.17284963092203043 1.00000 7 
 fake.rf 1440.00000000 50030.14426691623146226 1.00000 7 
 fake.rf 1440.00000000 50040.10752875709778920 1.00000 7 
 fake.rf 1440.00000000 50050.13973233281242869 1.00000 7 
 fake.rf 1440.00000000 50060.10095539222916017 1.00000 7 
 fake.rf 1440.00000000 50070.03756715247847708 1.00000 7 
 fake.rf 1440.00000000 50080.05113412883748936 1.00000 7 
 fake.rf 1440.00000000 50090.00081345981778114 1.00000 7 
 fake.rf 1440.00000000 50099.97989017567910253 1.00000 7 
 fake.rf 1440.00000000 50109.93996305114899315 1.00000 7 
 fake.rf 1440.00000000 50119.93466585465857221 1.00000 7 
 fake.rf 1440.00000000 50129.89497691547729730 1.00000 7 
 fake.rf 1440.00000000 50139.83110345498855409 1.00000 7 
 fake.rf 1440.00000000 50149.80680202567118187 1.00000 7 
 fake.rf 1440.00000000 50159.80287128404814112 1.00000 7 
 fake.rf 1440.00000000 50169.76876831657188305 1.00000 7 
 fake.rf 1440.00000000 50179.78943840412976840 1.00000 7 
 fake.rf 1440.00000000 50189.72335365522553730 1.00000 7 
 fake.rf 1440.00000000 50199.74527155606917361 1.00000 7 
 fake.rf 1440.00000000 50209.69908510244151856 1.00000 7 
 fake.rf 1440.00000000 50219.68058536850477935 1.00000 7 
 fake.rf 1440.00000000 50229.59770231277142472 1.00000 7 
 fake.rf 1440.00000000 50239.62435600897588728 1.00000 7 
 fake.rf 1440.00000000 50249.57669620088521967 1.00000 7 
 fake.rf 1440.00000000 50259.57198803177935176 1.00000 7 
 fake.rf 1440.00000000 50269.54643222671710490 1.00000 7 
 fake.rf 1440.00000000 50279.44495154028075135 1.00000 7 
 fake.rf 1440.00000000 50289.48270295797722795 1.00000 7 
 fake.rf 1440.00000000 50299.43084224378743841 1.00000 7 
 fake.rf 1440.00000000 50309.37635629481962596 1.00000 7 
 fake.rf 1440.00000000 50319.36792469338518430 1.00000 7 
 fake.rf 1440.00000000 50329.36700440062099915 1.00000 7 
 fake.rf 1440.00000000 50339.31124002040902354 1.00000 7 
 fake.rf 1440.00000000 50349.29337429719258878 1.00000 7 
 fake.rf 1440.00000000 50359.26862874090427269 1.00000 7 
 fake.rf 1440.00000000 50369.20139169945110424 1.00000 7 
 fake.rf 1440.00000000 50379.23077553428601760 1.00000 7 
 fake.rf 1440.00000000 50389.16356779578838854 1.00000 7 
 fake.rf 1440.00000000 50399.15664787557034643 1.00000 7 
 fake.rf 1440.00000000 50409.10907940737675759 1.00000 7 
 fake.rf 1440.00000000 50419.11258219438915873 1.00000 7 
 fake.rf 1440.00000000 50429.04433613021273075 1.00000 7 
 fake.rf 1440.00000000 50439.06771644595406912 1.00000 7 
 fake.rf 1440.00000000 50449.03465019659499191 1.00000 7 
 fake.rf 1440.00000000 50458.96940691107750965 1.00000 7 
 fake.rf 1440.00000000 50468.93282748873560806 1.00000 7 
 fake.rf 1440.00000000 50478.97629576500672854 1.00000 7 
 fake.rf 1440.00000000 50488.87569364837776931 1.00000 7 
 fake.rf 1440.00000000 50498.88366710990803554 1.00000 7 
 fake.rf 1440.00000000 50508.89302440349153756 1.00000 7 
 fake.rf 1440.00000000 50518.85687343444787700 1.00000 7 
 fake.rf 1440.00000000 50528.79031814473966833 1.00000 7 
 fake.rf 1440.00000000 50538.74409662671436294 1.00000 7 
 fake.rf 1440.00000000 50548.76190382734388606 1.00000 7 
 fake.rf 1440.00000000 50558.75832636452520319 1.00000 7 
 fake.rf 1440.00000000 50568.73470100377065251 1.00000 7 
 fake.rf 1440.00000000 50578.67092350785858557 1.00000 7 
 fake.rf 1440.00000000 50588.67650306919026448 1.00000 7 
 fake.rf 1440.00000000 50598.63459999273548817 1.00000 7 
 fake.rf 1440.00000000 50608.54626605275258910 1.00000 7 
 fake.rf 1440.00000000 50618.52466403013227136 1.00000 7 
 fake.rf 1440.00000000 50628.50163360533651513 1.00000 7 
 fake.rf 1440.00000000 50638.52301723348842444 1.00000 7 
 fake.rf 1440.00000000 50648.47295498187761709 1.00000 7 
 fake.rf 1440.00000000 50658.45936337210624956 1.00000 7 
 fake.rf 1440.00000000 50668.39997228757581027 1.00000 7 
 fake.rf 1440.00000000 50678.39331067459707469 1.00000 7 
 fake.rf 1440.00000000 50688.35307391990912507 1.00000 7 
 fake.rf 1440.00000000 50698.33711271333982396 1.00000 7 
 fake.rf 1440.00000000 50708.35083557521846132 1.00000 7 
 fake.rf 1440.00000000 50718.29033490429921116 1.00000 7 
 fake.rf 1440.00000000 50728.22184739615637383 1.00000 7 
 fake.rf 1440.00000000 50738.19462851130023751 1.00000 7 
 fake.rf 1440.00000000 50748.18481235979605515 1.00000 7 
 fake.rf 1440.00000000 50758.19389623663807143 1.00000 7 
 fake.rf 1440.00000000 50768.12873852224515048 1.00000 7 
 fake.rf 1440.00000000 50778.10964706803131463 1.00000 7 
 fake.rf 1440.00000000 50788.10617030454745802 1.00000 7 
 fake.rf 1440.00000000 50798.05104818239833264 1.00000 7 
 fake.rf 1440.00000000 50808.06723450142026266 1.00000 7 
 fake.rf 1440.00000000 50818.01708586524337363 1.00000 7 
 fake.rf 1440.00000000 50827.95311740818330293 1.00000 7 
 fake.rf 1440.00000000 50837.93005263727761545 1.00000 7 
 fake.rf 1440.00000000 50847.94432017645389976 1.00000 7 
 fake.rf 1440.00000000 50857.92546326018188196 1.00000 7 
 fake.rf 1440.00000000 50867.84279198419011436 1.00000 7 
 fake.rf 1440.00000000 50877.86073865493055024 1.00000 7 
 fake.rf 1440.00000000 50887.80540852642049288 1.00000 7 
 fake.rf 1440.00000000 50897.75562101316384300 1.00000 7 
 fake.rf 1440.00000000 50907.75896890893812596 1.00000 7 
 fake.rf 1440.00000000 50917.72594268340258239 1.00000 7 
 fake.rf 1440.00000000 50927.68185722544686556 1.00000 7 
 fake.rf 1440.00000000 50937.68947937473810939 1.00000 7 
 fake.rf 1440.00000000 50947.62180751412504875 1.00000 7 
 fake.rf 1440.00000000 50957.63829765262927651 1.00000 7 
 fake.rf 1440.00000000 50967.57629912916254256 1.00000 7 
 fake.rf 1440.00000000 50977.55987378752735140 1.00000 7 
 fake.rf 1440.00000000 50987.51367327771258786 1.00000 7 
 fake.rf 1440.00000000 50997.52207568308741159 1.00000 7 
 fake.rf 1440.00000000 51007.51699360277203255 1.00000 7 
 fake.rf 1440.00000000 51017.42848698948547437 1.00000 7 
 fake.rf 1440.00000000 51027.40369289500591066 1.00000 7 
 fake.rf 1440.00000000 51037.44076102984988452 1.00000 7 
 fake.rf 1440.00000000 51047.35233982504846395 1.00000 7 
 fake.rf 1440.00000000 51057.34503387531538721 1.00000 7 
 fake.rf 1440.00000000 51067.33515683988132494 1.00000 7 
 fake.rf 1440.00000000 51077.29221565000291960 1.00000 7 
 fake.rf 1440.00000000 51087.29312263987585041 1.00000 7 
 fake.rf 1440.00000000 51097.22373981693093015 1.00000 7 
 fake.rf 1440.00000000 51107.23631408041770285 1.00000 7 
 fake.rf 1440.00000000 51117.19737857815756499 1.00000 7 
 fake.rf 1440.00000000 51127.18848481628366542 1.00000 7 
 fake.rf 1440.00000000 51137.16439490055950756 1.00000 7 
 fake.rf 1440.00000000 51147.12969872720172049 1.00000 7 
 fake.rf 1440.00000000 51157.07904366553919218 1.00000 7 
 fake.rf 1440.00000000 51167.06340122879802479 1.00000 7 
 fake.rf 1440.00000000 51177.05667138981212716 1.00000 7 
 fake.rf 1440.00000000 51186.96793402018366947 1.00000 7 
 fake.rf 1440.00000000 51197.00759914079521806 1.00000 7 
 fake.rf 1440.00000000 51206.97838611142247345 1.00000 7 
 fake.rf 1440.00000000 51216.92030100524783265 1.00000 7 
 fake.rf 1440.00000000 51226.87091077176215848 1.00000 7 
 fake.rf 1440.00000000 51236.82491671909231812 1.00000 7 
 fake.rf 1440.00000000 51246.80175806528114890 1.00000 7 
 fake.rf 1440.00000000 51256.79533355113665394 1.00000 7 
 fake.rf 1440.00000000 51266.79313403160440288 1.00000 7 
 fake.rf 1440.00000000 51276.73528103669427836 1.00000 7 
 fake.rf 1440.00000000 51286.73973570628094265 1.00000 7 
 fake.rf 1440.00000000 51296.71863998944284546 1.00000 7 
 fake.rf 1440.00000000 51306.69649382544734451 1.00000 7 
 fake.rf 1440.00000000 51316.63983736310795791 1.00000 7 
 fake.rf 1440.00000000 51326.64087263650554149 1.00000 7 
 fake.rf 1440.00000000 51336.62123677346457029 1.00000 7 
 fake.rf 1440.00000000 51346.54561921598504171 1.00000 7 
 fake.rf 1440.00000000 51356.56887099810706587 1.00000 7 
 fake.rf 1440.00000000 51366.48590046197289638 1.00000 7 
 fake.rf 1440.00000000 51376.51104352311054413 1.00000 7 
 fake.rf 1440.00000000 51386.43532504687063067 1.00000 7 
 fake.rf 1440.00000000 51396.46389913673289129 1.00000 7 
 fake.rf 1440.00000000 51406.36363024124139542 1.00000 7 
 fake.rf 1440.00000000 51416.41112385693704923 1.00000 7 
 fake.rf 1440.00000000 51426.34473344026948993 1.00000 7 
 fake.rf 1440.00000000 51436.34620847843408953 1.00000 7 
 fake.rf 1440.00000000 51446.31358316605271241 1.00000 7 
 fake.rf 1440.00000000 51456.23980074086666647 1.00000 7 
 fake.rf 1440.00000000 51466.21792505863453115 1.00000 7 
 fake.rf 1440.00000000 51476.19696170451608808 1.00000 7 
 fake.rf 1440.00000000 51486.14375381781771779 1.00000 7 
 fake.rf 1440.00000000 51496.14377839598611075 1.00000 7 
 fake.rf 1440.00000000 51506.10645115523529469 1.00000 7 
 fake.rf 1440.00000000 51516.13466799523699180 1.00000 7 
 fake.rf 1440.00000000 51526.10391176445066819 1.00000 7 
 fake.rf 1440.00000000 51536.04449845547760489 1.00000 7 
 fake.rf 1440.00000000 51546.05402562873155858 1.00000 7 
 fake.rf 1440.00000000 51556.02741520296426359 1.00000 7 
 fake.rf 1440.00000000 51565.98888178904438107 1.00000 7 
 fake.rf 1440.00000000 51575.94018020070045338 1.00000 7 
 fake.rf 1440.00000000 51585.88302117278056613 1.00000 7 
 fake.rf 1440.00000000 51595.87624669260026167 1.00000 7 
 fake.rf 1440.00000000 51605.83375387909184440 1.00000 7 
 fake.rf 1440.00000000 51615.86508641666511465 1.00000 7 
 fake.rf 1440.00000000 51625.82895966984714420 1.00000 7 
 fake.rf 1440.00000000 51635.73147316103824878 1.00000 7 
 fake.rf 1440.00000000 51645.77047432976990748 1.00000 7 
 fake.rf 1440.00000000 51655.68603440470573318 1.00000 7 
 fake.rf 1440.00000000 51665.72243723340663024 1.00000 7 
 fake.rf 1440.00000000 51675.62243866576342199 1.00000 7 
 fake.rf 1440.00000000 51685.67377957918214904 1.00000 7 
 fake.rf 1440.00000000 51695.57843504244121746 1.00000 7 
 fake.rf 1440.00000000 51705.61764820979343327 1.00000 7 
 fake.rf 1440.00000000 51715.59602460272447999 1.00000 7 
 fake.rf 1440.00000000 51725.49214460737616506 1.00000 7 
 fake.rf 1440.00000000 51735.49227171145155779 1.00000 7 
 fake.rf 1440.00000000 51745.49942729586487999 1.00000 7 
 fake.rf 1440.00000000 51755.47355972614767339 1.00000 7 
 fake.rf 1440.00000000 51765.42720889045437005 1.00000 7 
 fake.rf 1440.00000000 51775.35645972829144057 1.00000 7 
 fake.rf 1440.00000000 51785.33693306932081768 1.00000 7 
 fake.rf 1440.00000000 51795.34801202193281711 1.00000 7 
 fake.rf 1440.00000000 51805.30459196118451715 1.00000 7 
 fake.rf 1440.00000000 51815.27504208231901828 1.00000 7 
 fake.rf 1440.00000000 51825.25830906604000958 1.00000 7 
 fake.rf 1440.00000000 51835.21143701058753095 1.00000 7 
 fake.rf 1440.00000000 51845.23311166184367238 1.00000 7 
 fake.rf 1440.00000000 51855.16987664664478075 1.00000 7 
 fake.rf 1440.00000000 51865.12369852029092243 1.00000 7 
 fake.rf 1440.00000000 51875.13414406081573915 1.00000 7 
 fake.rf 1440.00000000 51885.04951192986304775 1.00000 7 
 fake.rf 1440.00000000 51895.05681248166095187 1.00000 7 
 fake.rf 1440.00000000 51905.00445447518977815 1.00000 7 
 fake.rf 1440.00000000 51914.98796726144972524 1.00000 7 
 fake.rf 1440.00000000 51924.97057122903460069 1.00000 7 
 fake.rf 1440.00000000 51934.99272427512363137 1.00000 7 
 fake.rf 1440.00000000 51944.90605482412956562 1.00000 7 
 fake.rf 1440.00000000 51954.87163081118146835 1.00000 7 
 fake.rf 1440.00000000 51964.83664824227043155 1.00000 7 
 fake.rf 1440.00000000 51974.81368610352119219 1.00000 7 
 fake.rf 1440.00000000 51984.78990115503337677 1.00000 7 
 fake.rf 1440.00000000 51994.75023052418232439 1.00000 7 
 fake.rf 1440.00000000 52004.74256145126511441 1.00000 7 
 fake.rf 1440.00000000 52014.70196083159429534 1.00000 7 
 fake.rf 1440.00000000 52024.66797064323509758 1.00000 7 
 fake.rf 1440.00000000 52034.66705922155952280 1.00000 7 
 fake.rf 1440.00000000 52044.65389014239345400 1.00000 7 
 fake.rf 1440.00000000 52054.65436007700638044 1.00000 7 
 fake.rf 1440.00000000 52064.57155205072895754 1.00000 7 
 fake.rf 1440.00000000 52074.53933631089248379 1.00000 7 
 fake.rf 1440.00000000 52084.57969485460665382 1.00000 7 
 fake.rf 1440.00000000 52094.50466445560474327 1.00000 7 
 fake.rf 1440.00000000 52104.51083194673266519 1.00000 7 
 fake.rf 1440.00000000 52114.45174133694301233 1.00000 7 
 fake.rf 1440.00000000 52124.45779890500195108 1.00000 7 
 fake.rf 1440.00000000 52134.39120430942891815 1.00000 7 
 fake.rf 1440.00000000 52144.39587937100359127 1.00000 7 
 fake.rf 1440.00000000 52154.36758264528410933 1.00000 7 
 fake.rf 1440.00000000 52164.34839062524190112 1.00000 7 
 fake.rf 1440.00000000 52174.33419185619249347 1.00000 7 
 fake.rf 1440.00000000 52184.26031157405449790 1.00000 7 
 fake.rf 1440.00000000 52194.26712527950945741 1.00000 7 
 fake.rf 1440.00000000 52204.20419806861831802 1.00000 7 
 fake.rf 1440.00000000 52214.18859744173711590 1.00000 7 
 fake.rf 1440.00000000 52224.12289486214232781 1.00000 7 
 fake.rf 1440.00000000 52234.15320910429358037 1.00000 7 
 fake.rf 1440.00000000 52244.10373278440557598 1.00000 7 
 fake.rf 1440.00000000 52254.06199831888248042 1.00000 7 
 fake.rf 1440.00000000 52264.08519288800635039 1.00000 7 
 fake.rf 1440.00000000 52274.02803834310920550 1.00000 7 
 fake.rf 1440.00000000 52283.99064592180421940 1.00000 7 
 fake.rf 1440.00000000 52293.93402690908389729 1.00000 7 
 fake.rf 1440.00000000 52303.94783922417151345 1.00000 7 
 fake.rf 1440.00000000 52313.93008210892841348 1.00000 7 
 fake.rf 1440.00000000 52323.86016662061121352 1.00000 7 
 fake.rf 1440.00000000 52333.86729318464791660 1.00000 7 
 fake.rf 1440.00000000 52343.87592906650786873 1.00000 7 
 fake.rf 1440.00000000 52353.82014883234305458 1.00000 7 
 fake.rf 1440.00000000 52363.77171623634777120 1.00000 7 
 fake.rf 1440.00000000 52373.72484836570118105 1.00000 7 
 fake.rf 1440.00000000 52383.74748997526624095 1.00000 7 
 fake.rf 1440.00000000 52393.68338694155654522 1.00000 7 
 fake.rf 1440.00000000 52403.67212652835334552 1.00000 7 
 fake.rf 1440.00000000 52413.64490672911865587 1.00000 7 
 fake.rf 1440.00000000 52423.63235077878115220 1.00000 7 
 fake.rf 1440.00000000 52433.57111876219464008 1.00000 7 
 fake.rf 1440.00000000 52443.58794204577789699 1.00000 7 
 fake.rf 1440.00000000 52453.52403212242150943 1.00000 7 
 fake.rf 1440.00000000 52463.54514097042606480 1.00000 7 
 fake.rf 1440.00000000 52473.48674333270979275 1.00000 7 
 fake.rf 1440.00000000 52483.43593900942290631 1.00000 7 
 fake.rf 1440.00000000 52493.41047200392118910 1.00000 7 
 fake.rf 1440.00000000 52503.38619233090905070 1.00000 7 
 fake.rf 1440.00000000 52513.38309827185725354 1.00000 7 
 fake.rf 1440.00000000 52523.36933506699276109 1.00000 7 
 fake.rf 1440.00000000 52533.30665718264077668 1.00000 7 
 fake.rf 1440.00000000 52543.27784853441695390 1.00000 7 
 fake.rf 1440.00000000 52553.24191314332745506 1.00000 7 
 fake.rf 1440.00000000 52563.24813843096750432 1.00000 7 
 fake.rf 1440.00000000 52573.18649549101161966 1.00000 7 
 fake.rf 1440.00000000 52583.20404321693170502 1.00000 7 
 fake.rf 1440.00000000 52593.11684707372490877 1.00000 7 
 fake.rf 1440.00000000 52603.10922255368866729 1.00000 7 
 fake.rf 1440.00000000 52613.08455376955581428 1.00000 7 
 fake.rf 1440.00000000 52623.09023821593256898 1.00000 7 
 fake.rf 1440.00000000 52633.04000266094754323 1.00000 7 
 fake.rf 1440.00000000 52643.04976467347607283 1.00000 7 
 fake.rf 1440.00000000 52653.00805589684705765 1.00000 7 
 fake.rf 1440.00000000 52662.92934435927830705 1.00000 7 
 fake.rf 1440.00000000 52672.91797828200092013 1.00000 7 
 fake.rf 1440.00000000 52682.94003923552292079 1.00000 7 
 fake.rf 1440.00000000 52692.91127363944956130 1.00000 7 
 fake.rf 1440.00000000 52702.86310888182088874 1.00000 7 
 fake.rf 1440.00000000 52712.81788044400736482 1.00000 7 
 fake.rf 1440.00000000 52722.78919944835238454 1.00000 7 
 fake.rf 1440.00000000 52732.75578302053984814 1.00000 7 
 fake.rf 1440.00000000 52742.75996015540830797 1.00000 7 
 fake.rf 1440.00000000 52752.69207346315456419 1.00000 7 
 fake.rf 1440.00000000 52762.70538475867314077 1.00000 7 
 fake.rf 1440.00000000 52772.67464186997217723 1.00000 7 
 fake.rf 1440.00000000 52782.65899511147765111 1.00000 7 
 fake.rf 1440.00000000 52792.56547312286578588 1.00000 7 
 fake.rf 1440.00000000 52802.61990085054926070 1.00000 7 
 fake.rf 1440.00000000 52812.52394547260818314 1.00000 7 
 fake.rf 1440.00000000 52822.53796701176965200 1.00000 7 
 fake.rf 1440.00000000 52832.52260264920027311 1.00000 7 
 fake.rf 1440.00000000 52842.47460686761579041 1.00000 7 
 fake.rf 1440.00000000 52852.40379089660980583 1.00000 7 
 fake.rf 1440.00000000 52862.37979539485897362 1.00000 7 
 fake.rf 1440.00000000 52872.36532936111144210 1.00000 7 
 fake.rf 1440.00000000 52882.34350810713858948 1.00000 7 
 fake.rf 1440.00000000 52892.36436475918315026 1.00000 7 
 fake.rf 1440.00000000 52902.29000691254974598 1.00000 7 
 fake.rf 1440.00000000 52912.28786536707574939 1.00000 7 
 fake.rf 1440.00000000 52922.22802424338842542 1.00000 7 
 fake.rf 1440.00000000 52932.18665500401962021 1.00000 7 
 fake.rf 1440.00000000 52942.16158233538925515 1.00000 7 
 fake.rf 1440.00000000 52952.13880760528547498 1.00000 7 
 fake.rf 1440.00000000 52962.16636736534622543 1.00000 7 
 fake.rf 1440.00000000 52972.08988726256647794 1.00000 7 
 fake.rf 1440.00000000 52982.08305075203153933 1.00000 7 
 fake.rf 1440.00000000 52992.07664259426016784 1.00000 7 
 fake.rf 1440.00000000 53001.99870123417510470 1.00000 7 
 fake.rf 1440.00000000 53011.97100436614168117 1.00000 7 
 fake.rf 1440.00000000 53021.94667207342547144 1.00000 7 
 fake.rf 1440.00000000 53031.95068737157851402 1.00000 7 
 fake.rf 1440.00000000 53041.91687837577266507 1.00000 7 
 fake.rf 1440.00000000 53051.92402758432892540 1.00000 7 
 fake.rf 1440.00000000 53061.88746036064767964 1.00000 7 
 fake.rf 1440.00000000 53071.81093368717248282 1.00000 7 
 fake.rf 1440.00000000 53081.81464443490776262 1.00000 7 
 fake.rf 1440.00000000 53091.78973491419054298 1.00000 7 
 fake.rf 1440.00000000 53101.73032374566614422 1.00000 7 
 fake.rf 1440.00000000 53111.73243318171831362 1.00000 7 
 fake.rf 1440.00000000 53121.72220592924746185 1.00000 7 
 fake.rf 1440.00000000 53131.70412090596432364 1.00000 7 
 fake.rf 1440.00000000 53141.63483686522960525 1.00000 7 
 fake.rf 1440.00000000 53151.60391819282951076 1.00000 7 
 fake.rf 1440.00000000 53161.62565486774691692 1.00000 7 
 fake.rf 1440.00000000 53171.55967965179328871 1.00000 7 
 fake.rf 1440.00000000 53181.54159919883028707 1.00000 7 
 fake.rf 1440.00000000 53191.48548549373727923 1.00000 7 
 fake.rf 1440.00000000 53201.46767129368523896 1.00000 7 
 fake.rf 1440.00000000 53211.48587064112156497 1.00000 7 
 fake.rf 1440.00000000 53221.45491987591029925 1.00000 7 
 fake.rf 1440.00000000 53231.40456890968884096 1.00000 7 
 fake.rf 1440.00000000 53241.40870348758932806 1.00000 7 
 fake.rf 1440.00000000 53251.37998408335339207 1.00000 7 
 fake.rf 1440.00000000 53261.33416283284909909 1.00000 7 
 fake.rf 1440.00000000 53271.30982809529526634 1.00000 7 
 fake.rf 1440.00000000 53281.23193302912818581 1.00000 7 
 fake.rf 1440.00000000 53291.20657962233349281 1.00000 7 
 fake.rf 1440.00000000 53301.20314098886074561 1.00000 7 
 fake.rf 1440.00000000 53311.15794234159178089 1.00000 7 
 fake.rf 1440.00000000 53321.13219634521877310 1.00000 7 
 fake.rf 1440.00000000 53331.13172976816544235 1.00000 7 
 fake.rf 1440.00000000 53341.11785067877621103 1.00000 7 
 fake.rf 1440.00000000 53351.08560009283119996 1.00000 7 
 fake.rf 1440.00000000 53361.03625370915251835 1.00000 7 
 fake.rf 1440.00000000 53371.01311174154520245 1.00000 7 
 fake.rf 1440.00000000 53381.01497213732542235 1.00000 7 
 fake.rf 1440.00000000 53390.99664088387859451 1.00000 7 
 fake.rf 1440.00000000 53400.97589355532294775 1.00000 7 
 fake.rf 1440.00000000 53410.94564726994242321 1.00000 7 
 fake.rf 1440.00000000 53420.87339645894833851 1.00000 7 
 fake.rf 1440.00000000 53430.86972609663989786 1.00000 7 
 fake.rf 1440.00000000 53440.84869914472140806 1.00000 7 
 fake.rf 1440.00000000 53450.81780190646192352 1.00000 7 
 fake.rf 1440.00000000 53460.81051735901646538 1.00000 7 
 fake.rf 1440.00000000 53470.75519804096951404 1.00000 7 
 fake.rf 1440.00000000 53480.68562980838299481 1.00000 7 
 fake.rf 1440.00000000 53490.68756911331645654 1.00000 7 
 fake.rf 1440.00000000 53500.68677396587978379 1.00000 7 
 fake.rf 1440.00000000 53510.62669575687461077 1.00000 7 
 fake.rf 1440.00000000 53520.59080545774197546 1.00000 7 
 fake.rf 1440.00000000 53530.58636372685438687 1.00000 7 
 fake.rf 1440.00000000 53540.58657227152200520 1.00000 7 
 fake.rf 1440.00000000 53550.49878764470524928 1.00000 7 
 fake.rf 1440.00000000 53560.49293084866774350 1.00000 7 
 fake.rf 1440.00000000 53570.47462253285337042 1.00000 7 
 fake.rf 1440.00000000 53580.47314075757481433 1.00000 7 
 fake.rf 1440.00000000 53590.41669332469945530 1.00000 7 
 fake.rf 1440.00000000 53600.40033569404292990 1.00000 7 
 fake.rf 1440.00000000 53610.33938651025410849 1.00000 7 
 fake.rf 1440.00000000 53620.34837795442821573 1.00000 7 
 fake.rf 1440.00000000 53630.33357879009462010 1.00000 7 
 fake.rf 1440.00000000 53640.29946714257853912 1.00000 7 
 fake.rf 1440.00000000 53650.23855069256908479 1.00000 7 
 fake.rf 1440.00000000 53660.21880515280991020 1.00000 7 
