FORMAT 1
 fake.rf 1440.00000000 50000.19288995753970894 1.00000 7 
 fake.rf 1440.00000000 50010.20273603126438289 1.00000 7 
 fake.rf 1440.00000000 50020.14303866114872577 1.00000 7 
 fake.rf 1440.00000000 50030.11445594465257969 1.00000 7 
 fake.rf 1440.00000000 50040.07771764337572051 1.00000 7 
 fake.rf 1440.00000000 50050.10992132085475959 1.00000 7 
 fake.rf 1440.00000000 50060.07114436966474003 1.00000 7 
 fake.rf 1440.00000000 50070.00775614468440367 1.00000 7 
 fake.rf 1440.00000000 50080.02132304403820839 1.00000 7 
 fake.rf 1440.00000000 50089.97100245450668154 1.00000 7 
 fake.rf 1440.00000000 50099.95007917211313142 1.00000 7 
 fake.rf 1440.00000000 50109.91015201511302379 1.00000 7 
 fake.rf 1440.00000000 50119.90485488746026022 1.00000 7 
 fake.rf 1440.00000000 50129.86516584476006742 1.00000 7 
 fake.rf 1440.00000000 50139.80129245134600779 1.00000 7 
 fake.rf 1440.00000000 50149.77699102843732604 1.00000 7 
 fake.rf 1440.00000000 50159.77306029417234967 1.00000 7 
 fake.rf 1440.00000000 50169.73895720203456605 1.00000 7 
 fake.rf 1440.00000000 50179.75962737903548572 1.00000 7 
 fake.rf 1440.00000000 50189.69354253113553099 1.00000 7 
 fake.rf 1440.00000000 50199.71546055178393431 1.00000 7 
 fake.rf 1440.00000000 50209.66927402250259505 1.00000 7 
 fake.rf 1440.00000000 50219.65077428854967323 1.00000 7 
 fake.rf 1440.00000000 50229.56789121407887677 1.00000 7 
 fake.rf 1440.00000000 50239.59454499614215095 1.00000 7 
 fake.rf 1440.00000000 50249.54688524728811672 1.00000 7 
 fake.rf 1440.00000000 50259.54217705898586033 1.00000 7 
 fake.rf 1440.00000000 50269.51662121921499349 1.00000 7 
 fake.rf 1440.00000000 50279.41514056559226020 1.00000 7 
 fake.rf 1440.00000000 50289.45289187539673392 1.00000 7 
 fake.rf 1440.00000000 50299.40103124336759066 1.00000 7 
 fake.rf 1440.00000000 50309.34654526908546046 1.00000 7 
 fake.rf 1440.00000000 50319.33811362822422808 1.00000 7 
 fake.rf 1440.00000000 50329.33719328506415280 1.00000 7 
 fake.rf 1440.00000000 50339.28142889987887898 1.00000 7 
 fake.rf 1440.00000000 50349.26356334032303863 1.00000 7 
 fake.rf 1440.00000000 50359.23881769472725622 1.00000 7 
 fake.rf 1440.00000000 50369.17158067923716303 1.00000 7 
 fake.rf 1440.00000000 50379.20096454492994908 1.00000 7 
 fake.rf 1440.00000000 50389.13375679294433596 1.00000 7 
 fake.rf 1440.00000000 50399.12683686439019226 1.00000 7 
 fake.rf 1440.00000000 50409.07926844490159723 1.00000 7 
 fake.rf 1440.00000000 50419.08277120391124626 1.00000 7 
 fake.rf 1440.00000000 50429.01452516096717815 1.00000 7 
 fake.rf 1440.00000000 50439.03790539217373379 1.00000 7 
 fake.rf 1440.00000000 50449.00483906899046715 1.00000 7 
 fake.rf 1440.00000000 50458.93959587781095522 1.00000 7 
 fake.rf 1440.00000000 50468.90301639554074242 1.00000 7 
 fake.rf 1440.00000000 50478.94648466642848561 1.00000 7 
 fake.rf 1440.00000000 50488.84588267482345714 1.00000 7 
 fake.rf 1440.00000000 50498.85385597801764135 1.00000 7 
 fake.rf 1440.00000000 50508.86321328183328205 1.00000 7 
 fake.rf 1440.00000000 50518.82706246242975112 1.00000 7 
 fake.rf 1440.00000000 50528.76050703573190503 1.00000 7 
 fake.rf 1440.00000000 50538.71428556633718898 1.00000 7 
 fake.rf 1440.00000000 50548.73209286000614782 1.00000 7 
 fake.rf 1440.00000000 50558.72851532396450480 1.00000 7 
 fake.rf 1440.00000000 50568.70489003787480087 1.00000 7 
 fake.rf 1440.00000000 50578.64111246395099286 1.00000 7 
 fake.rf 1440.00000000 50588.64669194913283334 1.00000 7 
 fake.rf 1440.00000000 50598.60478894823017271 1.00000 7 
 fake.rf 1440.00000000 50608.51645509093198427 1.00000 7 
 fake.rf 1440.00000000 50618.49485292901361788 1.00000 7 
 fake.rf 1440.00000000 50628.47182264004687369 1.00000 7 
 fake.rf 1440.00000000 50638.49320614523497852 1.00000 7 
 fake.rf 1440.00000000 50648.44314390730139053 1.00000 7 
 fake.rf 1440.00000000 50658.42955234244805141 1.00000 7 
 fake.rf 1440.00000000 50668.37016121123177470 1.00000 7 
 fake.rf 1440.00000000 50678.36349965178159138 1.00000 7 
 fake.rf 1440.00000000 50688.32326297217625566 1.00000 7 
 fake.rf 1440.00000000 50698.30730172298641634 1.00000 7 
 fake.rf 1440.00000000 50708.32102459385550830 1.00000 7 
 fake.rf 1440.00000000 50718.26052379494680267 1.00000 7 
 fake.rf 1440.00000000 50728.19203633971705969 1.00000 7 
 fake.rf 1440.00000000 50738.16481744529277975 1.00000 7 
 fake.rf 1440.00000000 50748.15500124334736043 1.00000 7 
 fake.rf 1440.00000000 50758.16408515344286556 1.00000 7 
 fake.rf 1440.00000000 50768.09892742893716289 1.00000 7 
 fake.rf 1440.00000000 50778.07983605740936284 1.00000 7 
 fake.rf 1440.00000000 50788.07635920176488753 1.00000 7 
 fake.rf 1440.00000000 50798.02123716200564729 1.00000 7 
 fake.rf 1440.00000000 50808.03742342467691273 1.00000 7 
 fake.rf 1440.00000000 50817.98727490241124016 1.00000 7 
 fake.rf 1440.00000000 50827.92330634187811711 1.00000 7 
 fake.rf 1440.00000000 50837.90024152282176928 1.00000 7 
 fake.rf 1440.00000000 50847.91450919731339297 1.00000 7 
 fake.rf 1440.00000000 50857.89565225059664400 1.00000 7 
 fake.rf 1440.00000000 50867.81298089311410493 1.00000 7 
 fake.rf 1440.00000000 50877.83092760860095538 1.00000 7 
 fake.rf 1440.00000000 50887.77559746410041441 1.00000 7 
 fake.rf 1440.00000000 50897.72580992562824065 1.00000 7 
 fake.rf 1440.00000000 50907.72915791488275872 1.00000 7 
 fake.rf 1440.00000000 50917.69613159324121909 1.00000 7 
 fake.rf 1440.00000000 50927.65204624289569679 1.00000 7 
 fake.rf 1440.00000000 50937.65966830212462924 1.00000 7 
 fake.rf 1440.00000000 50947.59199645195571193 1.00000 7 
 fake.rf 1440.00000000 50957.60848654191591578 1.00000 7 
 fake.rf 1440.00000000 50967.54648803901126186 1.00000 7 
 fake.rf 1440.00000000 50977.53006273633021550 1.00000 7 
 fake.rf 1440.00000000 50987.48386226517355979 1.00000 7 
 fake.rf 1440.00000000 50997.49226471009751194 1.00000 7 
 fake.rf 1440.00000000 51007.48718253114256527 1.00000 7 
 fake.rf 1440.00000000 51017.39867592856212752 1.00000 7 
 fake.rf 1440.00000000 51027.37388191430144246 1.00000 7 
 fake.rf 1440.00000000 51037.41094994765806092 1.00000 7 
 fake.rf 1440.00000000 51047.32252875290545902 1.00000 7 
 fake.rf 1440.00000000 51057.31522288954269584 1.00000 7 
 fake.rf 1440.00000000 51067.30534583232613599 1.00000 7 
 fake.rf 1440.00000000 51077.26240457577292631 1.00000 7 
 fake.rf 1440.00000000 51087.26331164914594041 1.00000 7 
 fake.rf 1440.00000000 51097.19392878223500887 1.00000 7 
 fake.rf 1440.00000000 51107.20650311196667914 1.00000 7 
 fake.rf 1440.00000000 51117.16756749495831613 1.00000 7 
 fake.rf 1440.00000000 51127.15867372270934510 1.00000 7 
 fake.rf 1440.00000000 51137.13458383982112565 1.00000 7 
 fake.rf 1440.00000000 51147.09988771270261410 1.00000 7 
 fake.rf 1440.00000000 51157.04923262709049681 1.00000 7 
 fake.rf 1440.00000000 51167.03359017895929739 1.00000 7 
 fake.rf 1440.00000000 51177.02686035953382770 1.00000 7 
 fake.rf 1440.00000000 51186.93812293504563726 1.00000 7 
 fake.rf 1440.00000000 51196.97778800852508851 1.00000 7 
 fake.rf 1440.00000000 51206.94857498822582897 1.00000 7 
 fake.rf 1440.00000000 51216.89048994709010643 1.00000 7 
 fake.rf 1440.00000000 51226.84109966415413950 1.00000 7 
 fake.rf 1440.00000000 51236.79510562766078152 1.00000 7 
 fake.rf 1440.00000000 51246.77194696468081148 1.00000 7 
 fake.rf 1440.00000000 51256.76552252592749070 1.00000 7 
 fake.rf 1440.00000000 51266.76332291182152545 1.00000 7 
 fake.rf 1440.00000000 51276.70547004447806216 1.00000 7 
 fake.rf 1440.00000000 51286.70992465489370460 1.00000 7 
 fake.rf 1440.00000000 51296.68882891573666072 1.00000 7 
 fake.rf 1440.00000000 51306.66668282584347338 1.00000 7 
 fake.rf 1440.00000000 51316.61002624336562405 1.00000 7 
 fake.rf 1440.00000000 51326.61106157104515901 1.00000 7 
 fake.rf 1440.00000000 51336.59142580949490409 1.00000 7 
 fake.rf 1440.00000000 51346.51580824937012437 1.00000 7 
 fake.rf 1440.00000000 51356.53906004663045692 1.00000 7 
 fake.rf 1440.00000000 51366.45608942384379958 1.00000 7 
 fake.rf 1440.00000000 51376.48123243985671138 1.00000 7 
 fake.rf 1440.00000000 51386.40551400092740408 1.00000 7 
 fake.rf 1440.00000000 51396.43408814396817874 1.00000 7 
 fake.rf 1440.00000000 51406.33381928113412584 1.00000 7 
 fake.rf 1440.00000000 51416.38131285257496117 1.00000 7 
 fake.rf 1440.00000000 51426.31492234875582525 1.00000 7 
 fake.rf 1440.00000000 51436.31639741310590708 1.00000 7 
 fake.rf 1440.00000000 51446.28377209371493350 1.00000 7 
 fake.rf 1440.00000000 51456.20998979551687214 1.00000 7 
 fake.rf 1440.00000000 51466.18811407446519723 1.00000 7 
 fake.rf 1440.00000000 51476.16715065099902660 1.00000 7 
 fake.rf 1440.00000000 51486.11394285768786361 1.00000 7 
 fake.rf 1440.00000000 51496.11396742555745476 1.00000 7 
 fake.rf 1440.00000000 51506.07664004267425994 1.00000 7 
 fake.rf 1440.00000000 51516.10485692148823489 1.00000 7 
 fake.rf 1440.00000000 51526.07410074975879510 1.00000 7 
 fake.rf 1440.00000000 51536.01468743247267668 1.00000 7 
 fake.rf 1440.00000000 51546.02421461444072293 1.00000 7 
 fake.rf 1440.00000000 51555.99760408891564367 1.00000 7 
 fake.rf 1440.00000000 51565.95907068223194258 1.00000 7 
 fake.rf 1440.00000000 51575.91036924478216719 1.00000 7 
 fake.rf 1440.00000000 51585.85321018528782133 1.00000 7 
 fake.rf 1440.00000000 51595.84643574517522069 1.00000 7 
 fake.rf 1440.00000000 51605.80394286493554645 1.00000 7 
 fake.rf 1440.00000000 51615.83527537264239982 1.00000 7 
 fake.rf 1440.00000000 51625.79914867501337739 1.00000 7 
 fake.rf 1440.00000000 51635.70166215102952023 1.00000 7 
 fake.rf 1440.00000000 51645.74066323137345691 1.00000 7 
 fake.rf 1440.00000000 51655.65622331617685603 1.00000 7 
 fake.rf 1440.00000000 51665.69262624400917616 1.00000 7 
 fake.rf 1440.00000000 51675.59262771553542493 1.00000 7 
 fake.rf 1440.00000000 51685.64396847827854842 1.00000 7 
 fake.rf 1440.00000000 51695.54862395148755638 1.00000 7 
 fake.rf 1440.00000000 51705.58783723378887132 1.00000 7 
 fake.rf 1440.00000000 51715.56621348052050990 1.00000 7 
 fake.rf 1440.00000000 51725.46233350937978557 1.00000 7 
 fake.rf 1440.00000000 51735.46246061280205453 1.00000 7 
 fake.rf 1440.00000000 51745.46961626476927876 1.00000 7 
 fake.rf 1440.00000000 51755.44374867289565856 1.00000 7 
 fake.rf 1440.00000000 51765.39739774980089493 1.00000 7 
 fake.rf 1440.00000000 51775.32664871420539754 1.00000 7 
 fake.rf 1440.00000000 51785.30712202332669847 1.00000 7 
 fake.rf 1440.00000000 51795.31820100696091913 1.00000 7 
 fake.rf 1440.00000000 51805.27478086346601316 1.00000 7 
 fake.rf 1440.00000000 51815.24523113488188031 1.00000 7 
 fake.rf 1440.00000000 51825.22849796849862614 1.00000 7 
 fake.rf 1440.00000000 51835.18162599246409883 1.00000 7 
 fake.rf 1440.00000000 51845.20330063256036723 1.00000 7 
 fake.rf 1440.00000000 51855.14006561474809587 1.00000 7 
 fake.rf 1440.00000000 51865.09388748693472948 1.00000 7 
 fake.rf 1440.00000000 51875.10433304213090366 1.00000 7 
 fake.rf 1440.00000000 51885.01970092416642188 1.00000 7 
 fake.rf 1440.00000000 51895.02700135064957365 1.00000 7 
 fake.rf 1440.00000000 51904.97464348414474244 1.00000 7 
 fake.rf 1440.00000000 51914.95815616929245095 1.00000 7 
 fake.rf 1440.00000000 51924.94076012058501135 1.00000 7 
 fake.rf 1440.00000000 51934.96291322302814208 1.00000 7 
 fake.rf 1440.00000000 51944.87624373518787380 1.00000 7 
 fake.rf 1440.00000000 51954.84181974715709629 1.00000 7 
 fake.rf 1440.00000000 51964.80683723643109673 1.00000 7 
 fake.rf 1440.00000000 51974.78387501828312622 1.00000 7 
 fake.rf 1440.00000000 51984.76009014363402727 1.00000 7 
 fake.rf 1440.00000000 51994.72041945551485753 1.00000 7 
 fake.rf 1440.00000000 52004.71275033799101095 1.00000 7 
 fake.rf 1440.00000000 52014.67214975209601846 1.00000 7 
 fake.rf 1440.00000000 52024.63815965937488173 1.00000 7 
 fake.rf 1440.00000000 52034.63724827411327567 1.00000 7 
 fake.rf 1440.00000000 52044.62407906851856865 1.00000 7 
 fake.rf 1440.00000000 52054.62454895739536198 1.00000 7 
 fake.rf 1440.00000000 52064.54174096538089600 1.00000 7 
 fake.rf 1440.00000000 52074.50952524114396525 1.00000 7 
 fake.rf 1440.00000000 52084.54988371940159197 1.00000 7 
 fake.rf 1440.00000000 52094.47485338700283819 1.00000 7 
 fake.rf 1440.00000000 52104.48102093612842012 1.00000 7 
 fake.rf 1440.00000000 52114.42193030452033398 1.00000 7 
 fake.rf 1440.00000000 52124.42798789108062962 1.00000 7 
 fake.rf 1440.00000000 52134.36139330593895380 1.00000 7 
 fake.rf 1440.00000000 52144.36606836205079674 1.00000 7 
 fake.rf 1440.00000000 52154.33777152065629323 1.00000 7 
 fake.rf 1440.00000000 52164.31857961699269666 1.00000 7 
 fake.rf 1440.00000000 52174.30438088606755542 1.00000 7 
 fake.rf 1440.00000000 52184.23050059911253484 1.00000 7 
 fake.rf 1440.00000000 52194.23731427293852292 1.00000 7 
 fake.rf 1440.00000000 52204.17438696953333732 1.00000 7 
 fake.rf 1440.00000000 52214.15878644597644964 1.00000 7 
 fake.rf 1440.00000000 52224.09308383477889137 1.00000 7 
 fake.rf 1440.00000000 52234.12339811602682715 1.00000 7 
 fake.rf 1440.00000000 52244.07392171231855826 1.00000 7 
 fake.rf 1440.00000000 52254.03218725441343295 1.00000 7 
 fake.rf 1440.00000000 52264.05538192343144033 1.00000 7 
 fake.rf 1440.00000000 52273.99822733177802192 1.00000 7 
 fake.rf 1440.00000000 52283.96083495305870059 1.00000 7 
 fake.rf 1440.00000000 52293.90421578577729633 1.00000 7 
 fake.rf 1440.00000000 52303.91802816835664913 1.00000 7 
 fake.rf 1440.00000000 52313.90027102386696356 1.00000 7 
 fake.rf 1440.00000000 52323.83035559380505575 1.00000 7 
 fake.rf 1440.00000000 52333.83748218771566130 1.00000 7 
 fake.rf 1440.00000000 52343.84611800480172406 1.00000 7 
 fake.rf 1440.00000000 52353.79033772309941241 1.00000 7 
 fake.rf 1440.00000000 52363.74190518180768805 1.00000 7 
 fake.rf 1440.00000000 52373.69503736005011874 1.00000 7 
 fake.rf 1440.00000000 52383.71767897418055782 1.00000 7 
 fake.rf 1440.00000000 52393.65357597009170831 1.00000 7 
 fake.rf 1440.00000000 52403.64231545554810054 1.00000 7 
 fake.rf 1440.00000000 52413.61509565581885539 1.00000 7 
 fake.rf 1440.00000000 52423.60253965168426049 1.00000 7 
 fake.rf 1440.00000000 52433.54130769639127863 1.00000 7 
 fake.rf 1440.00000000 52443.55813098939039918 1.00000 7 
 fake.rf 1440.00000000 52453.49422104885458040 1.00000 7 
 fake.rf 1440.00000000 52463.51532992421396884 1.00000 7 
 fake.rf 1440.00000000 52473.45693233186598903 1.00000 7 
 fake.rf 1440.00000000 52483.40612799709169067 1.00000 7 
 fake.rf 1440.00000000 52493.38066091765670507 1.00000 7 
 fake.rf 1440.00000000 52503.35638127453044177 1.00000 7 
 fake.rf 1440.00000000 52513.35328732291891995 1.00000 7 
 fake.rf 1440.00000000 52523.33952410519663445 1.00000 7 
 fake.rf 1440.00000000 52533.27684613337510200 1.00000 7 
 fake.rf 1440.00000000 52543.24803746505028457 1.00000 7 
 fake.rf 1440.00000000 52553.21210217052758651 1.00000 7 
 fake.rf 1440.00000000 52563.21832742781537107 1.00000 7 
 fake.rf 1440.00000000 52573.15668442323705989 1.00000 7 
 fake.rf 1440.00000000 52583.17423221857035287 1.00000 7 
 fake.rf 1440.00000000 52593.08703609228975395 1.00000 7 
 fake.rf 1440.00000000 52603.07941160122093294 1.00000 7 
 fake.rf 1440.00000000 52613.05474276889529861 1.00000 7 
 fake.rf 1440.00000000 52623.06042716076642307 1.00000 7 
 fake.rf 1440.00000000 52633.01019153646151949 1.00000 7 
 fake.rf 1440.00000000 52643.01995366772669627 1.00000 7 
 fake.rf 1440.00000000 52652.97824489999376851 1.00000 7 
 fake.rf 1440.00000000 52662.89953329916601987 1.00000 7 
 fake.rf 1440.00000000 52672.88816722349260857 1.00000 7 
 fake.rf 1440.00000000 52682.91022829514636427 1.00000 7 
 fake.rf 1440.00000000 52692.88146267647058352 1.00000 7 
 fake.rf 1440.00000000 52702.83329790533523962 1.00000 7 
 fake.rf 1440.00000000 52712.78806940883496779 1.00000 7 
 fake.rf 1440.00000000 52722.75938835745086664 1.00000 7 
 fake.rf 1440.00000000 52732.72597191081544565 1.00000 7 
 fake.rf 1440.00000000 52742.73014916672048358 1.00000 7 
 fake.rf 1440.00000000 52752.66226234532638273 1.00000 7 
 fake.rf 1440.00000000 52762.67557368713441335 1.00000 7 
 fake.rf 1440.00000000 52772.64483077392704047 1.00000 7 
 fake.rf 1440.00000000 52782.62918406564480023 1.00000 7 
 fake.rf 1440.00000000 52792.53566203064174545 1.00000 7 
 fake.rf 1440.00000000 52802.59008975294685229 1.00000 7 
 fake.rf 1440.00000000 52812.49413437313234709 1.00000 7 
 fake.rf 1440.00000000 52822.50815606064244889 1.00000 7 
 fake.rf 1440.00000000 52832.49279153113987206 1.00000 7 
 fake.rf 1440.00000000 52842.44479589478576287 1.00000 7 
 fake.rf 1440.00000000 52852.37397987307955916 1.00000 7 
 fake.rf 1440.00000000 52862.34998443995517547 1.00000 7 
 fake.rf 1440.00000000 52872.33551835595843471 1.00000 7 
 fake.rf 1440.00000000 52882.31369700167657655 1.00000 7 
 fake.rf 1440.00000000 52892.33455371942005030 1.00000 7 
 fake.rf 1440.00000000 52902.26019582144827424 1.00000 7 
 fake.rf 1440.00000000 52912.25805431764788622 1.00000 7 
 fake.rf 1440.00000000 52922.19821319180343266 1.00000 7 
 fake.rf 1440.00000000 52932.15684401904095324 1.00000 7 
 fake.rf 1440.00000000 52942.13177121944281822 1.00000 7 
 fake.rf 1440.00000000 52952.10899655690952414 1.00000 7 
 fake.rf 1440.00000000 52962.13655628716707469 1.00000 7 
 fake.rf 1440.00000000 52972.06007622127956935 1.00000 7 
 fake.rf 1440.00000000 52982.05323978683143693 1.00000 7 
 fake.rf 1440.00000000 52992.04683160267287079 1.00000 7 
 fake.rf 1440.00000000 53001.96889026926556454 1.00000 7 
 fake.rf 1440.00000000 53011.94119338833350596 1.00000 7 
 fake.rf 1440.00000000 53021.91686106845073567 1.00000 7 
 fake.rf 1440.00000000 53031.92087630475540294 1.00000 7 
 fake.rf 1440.00000000 53041.88706734837003864 1.00000 7 
 fake.rf 1440.00000000 53051.89421658468332055 1.00000 7 
 fake.rf 1440.00000000 53061.85764935947149468 1.00000 7 
 fake.rf 1440.00000000 53071.78112272481876488 1.00000 7 
 fake.rf 1440.00000000 53081.78483341694043673 1.00000 7 
 fake.rf 1440.00000000 53091.75992380765421785 1.00000 7 
 fake.rf 1440.00000000 53101.70051279510800768 1.00000 7 
 fake.rf 1440.00000000 53111.70262218502864471 1.00000 7 
 fake.rf 1440.00000000 53121.69239486729467004 1.00000 7 
 fake.rf 1440.00000000 53131.67430985347737504 1.00000 7 
 fake.rf 1440.00000000 53141.60502574811338761 1.00000 7 
 fake.rf 1440.00000000 53151.57410710887448602 1.00000 7 
 fake.rf 1440.00000000 53161.59584379267528931 1.00000 7 
 fake.rf 1440.00000000 53171.52986855216105511 1.00000 7 
 fake.rf 1440.00000000 53181.51178815077194528 1.00000 7 
 fake.rf 1440.00000000 53191.45567451674817860 1.00000 7 
 fake.rf 1440.00000000 53201.43786030853491908 1.00000 7 
 fake.rf 1440.00000000 53211.45605966516075114 1.00000 7 
 fake.rf 1440.00000000 53221.42510885777893037 1.00000 7 
 fake.rf 1440.00000000 53231.37475784890371955 1.00000 7 
 fake.rf 1440.00000000 53241.37889239749226533 1.00000 7 
 fake.rf 1440.00000000 53251.35017308929540647 1.00000 7 
 fake.rf 1440.00000000 53261.30435175820905158 1.00000 7 
 fake.rf 1440.00000000 53271.28001704638614910 1.00000 7 
 fake.rf 1440.00000000 53281.20212202772531640 1.00000 7 
 fake.rf 1440.00000000 53291.17676858467102718 1.00000 7 
 fake.rf 1440.00000000 53301.17333000015026201 1.00000 7 
 fake.rf 1440.00000000 53311.12813131343721551 1.00000 7 
 fake.rf 1440.00000000 53321.10238533387792259 1.00000 7 
 fake.rf 1440.00000000 53331.10191878615533412 1.00000 7 
 fake.rf 1440.00000000 53341.08803964859896141 1.00000 7 
 fake.rf 1440.00000000 53351.05578904398931073 1.00000 7 
 fake.rf 1440.00000000 53361.00644272220877440 1.00000 7 
 fake.rf 1440.00000000 53370.98330074987072891 1.00000 7 
 fake.rf 1440.00000000 53380.98516112016127622 1.00000 7 
 fake.rf 1440.00000000 53390.96682980365752513 1.00000 7 
 fake.rf 1440.00000000 53400.94608256075339625 1.00000 7 
 fake.rf 1440.00000000 53410.91583629906007857 1.00000 7 
 fake.rf 1440.00000000 53420.84358534104546479 1.00000 7 
 fake.rf 1440.00000000 53430.83991510273058623 1.00000 7 
 fake.rf 1440.00000000 53440.81888818354593340 1.00000 7 
 fake.rf 1440.00000000 53450.78799082734266435 1.00000 7 
 fake.rf 1440.00000000 53460.78070625857329290 1.00000 7 
 fake.rf 1440.00000000 53470.72538700269830159 1.00000 7 
 fake.rf 1440.00000000 53480.65581875169847947 1.00000 7 
 fake.rf 1440.00000000 53490.65775812021075453 1.00000 7 
 fake.rf 1440.00000000 53500.65696287028890055 1.00000 7 
 fake.rf 1440.00000000 53510.59688476314088845 1.00000 7 
 fake.rf 1440.00000000 53520.56099448215582726 1.00000 7 
 fake.rf 1440.00000000 53530.55655271984823074 1.00000 7 
 fake.rf 1440.00000000 53540.55676130456219042 1.00000 7 
 fake.rf 1440.00000000 53550.46897658932355313 1.00000 7 
 fake.rf 1440.00000000 53560.46311987305348623 1.00000 7 
 fake.rf 1440.00000000 53570.44481139735263042 1.00000 7 
 fake.rf 1440.00000000 53580.44332966603104751 1.00000 7 
 fake.rf 1440.00000000 53590.38688226911072476 1.00000 7 
 fake.rf 1440.00000000 53600.37052469044951764 1.00000 7 
 fake.rf 1440.00000000 53610.30957537446957417 1.00000 7 
 fake.rf 1440.00000000 53620.31856692651420104 1.00000 7 
 fake.rf 1440.00000000 53630.30376772779933248 1.00000 7 
 fake.rf 1440.00000000 53640.26965619662026441 1.00000 7 
 fake.rf 1440.00000000 53650.20873964309335946 1.00000 7 
 fake.rf 1440.00000000 53660.18899412224588374 1.00000 7 
