FORMAT 1
 fake.rf 1440.00000000 50000.19705140533422849 1.00000 7 
 fake.rf 1440.00000000 50010.20689744488827344 1.00000 7 
 fake.rf 1440.00000000 50020.14720007964482562 1.00000 7 
 fake.rf 1440.00000000 50030.11861740255800157 1.00000 7 
 fake.rf 1440.00000000 50040.08187910916683094 1.00000 7 
 fake.rf 1440.00000000 50050.11408279091131490 1.00000 7 
 fake.rf 1440.00000000 50060.07530585130137624 1.00000 7 
 fake.rf 1440.00000000 50070.01191761480091458 1.00000 7 
 fake.rf 1440.00000000 50080.02548446548362904 1.00000 7 
 fake.rf 1440.00000000 50089.97516387540680682 1.00000 7 
 fake.rf 1440.00000000 50099.95424060029892743 1.00000 7 
 fake.rf 1440.00000000 50109.91431349889387192 1.00000 7 
 fake.rf 1440.00000000 50119.90901637078420094 1.00000 7 
 fake.rf 1440.00000000 50129.86932729247762808 1.00000 7 
 fake.rf 1440.00000000 50139.80545390221545077 1.00000 7 
 fake.rf 1440.00000000 50149.78115244545107743 1.00000 7 
 fake.rf 1440.00000000 50159.77722173658282401 1.00000 7 
 fake.rf 1440.00000000 50169.74311860568703025 1.00000 7 
 fake.rf 1440.00000000 50179.76378884819757431 1.00000 7 
 fake.rf 1440.00000000 50189.69770396377226263 1.00000 7 
 fake.rf 1440.00000000 50199.71962200677592492 1.00000 7 
 fake.rf 1440.00000000 50209.67343549073272513 1.00000 7 
 fake.rf 1440.00000000 50219.65493575964077522 1.00000 7 
 fake.rf 1440.00000000 50229.57205268831857836 1.00000 7 
 fake.rf 1440.00000000 50239.59870646367313896 1.00000 7 
 fake.rf 1440.00000000 50249.55104670119182586 1.00000 7 
 fake.rf 1440.00000000 50259.54633850015624930 1.00000 7 
 fake.rf 1440.00000000 50269.52078265068435314 1.00000 7 
 fake.rf 1440.00000000 50279.41930203823466528 1.00000 7 
 fake.rf 1440.00000000 50289.45705331216474221 1.00000 7 
 fake.rf 1440.00000000 50299.40519271800044621 1.00000 7 
 fake.rf 1440.00000000 50309.35070672229372946 1.00000 7 
 fake.rf 1440.00000000 50319.34227506909795480 1.00000 7 
 fake.rf 1440.00000000 50329.34135475862915854 1.00000 7 
 fake.rf 1440.00000000 50339.28559038725482822 1.00000 7 
 fake.rf 1440.00000000 50349.26772475900598991 1.00000 7 
 fake.rf 1440.00000000 50359.24297910295078395 1.00000 7 
 fake.rf 1440.00000000 50369.17574213157109142 1.00000 7 
 fake.rf 1440.00000000 50379.20512601859321578 1.00000 7 
 fake.rf 1440.00000000 50389.13791826342755087 1.00000 7 
 fake.rf 1440.00000000 50399.13099828861502161 1.00000 7 
 fake.rf 1440.00000000 50409.08342992582853270 1.00000 7 
 fake.rf 1440.00000000 50419.08693269456293606 1.00000 7 
 fake.rf 1440.00000000 50429.01868660130799071 1.00000 7 
 fake.rf 1440.00000000 50439.04206685454178327 1.00000 7 
 fake.rf 1440.00000000 50449.00900050564564125 1.00000 7 
 fake.rf 1440.00000000 50458.94375735475968625 1.00000 7 
 fake.rf 1440.00000000 50468.90717785345790602 1.00000 7 
 fake.rf 1440.00000000 50478.95064610562885576 1.00000 7 
 fake.rf 1440.00000000 50488.85004410572557276 1.00000 7 
 fake.rf 1440.00000000 50498.85801746966387071 1.00000 7 
 fake.rf 1440.00000000 50508.86737475528952501 1.00000 7 
 fake.rf 1440.00000000 50518.83122388195990737 1.00000 7 
 fake.rf 1440.00000000 50528.76466845381166948 1.00000 7 
 fake.rf 1440.00000000 50538.71844701585220250 1.00000 7 
 fake.rf 1440.00000000 50548.73625428248181279 1.00000 7 
 fake.rf 1440.00000000 50558.73267674650948322 1.00000 7 
 fake.rf 1440.00000000 50568.70905149992184491 1.00000 7 
 fake.rf 1440.00000000 50578.64527392217782165 1.00000 7 
 fake.rf 1440.00000000 50588.65085341778913275 1.00000 7 
 fake.rf 1440.00000000 50598.60895036676729930 1.00000 7 
 fake.rf 1440.00000000 50608.52061652604547604 1.00000 7 
 fake.rf 1440.00000000 50618.49901437066859344 1.00000 7 
 fake.rf 1440.00000000 50628.47598403921837118 1.00000 7 
 fake.rf 1440.00000000 50638.49736760424371340 1.00000 7 
 fake.rf 1440.00000000 50648.44730536637712959 1.00000 7 
 fake.rf 1440.00000000 50658.43371380694532391 1.00000 7 
 fake.rf 1440.00000000 50668.37432264998744103 1.00000 7 
 fake.rf 1440.00000000 50678.36766111685196989 1.00000 7 
 fake.rf 1440.00000000 50688.32742443830296963 1.00000 7 
 fake.rf 1440.00000000 50698.31146320025026242 1.00000 7 
 fake.rf 1440.00000000 50708.32518599320268748 1.00000 7 
 fake.rf 1440.00000000 50718.26468524280628714 1.00000 7 
 fake.rf 1440.00000000 50728.19619780980771395 1.00000 7 
 fake.rf 1440.00000000 50738.16897890788104064 1.00000 7 
 fake.rf 1440.00000000 50748.15916270422952294 1.00000 7 
 fake.rf 1440.00000000 50758.16824663436982590 1.00000 7 
 fake.rf 1440.00000000 50768.10308887807057587 1.00000 7 
 fake.rf 1440.00000000 50778.08399745860857522 1.00000 7 
 fake.rf 1440.00000000 50788.08052068513779176 1.00000 7 
 fake.rf 1440.00000000 50798.02539861816426736 1.00000 7 
 fake.rf 1440.00000000 50808.04158484402130114 1.00000 7 
 fake.rf 1440.00000000 50817.99143632179210783 1.00000 7 
 fake.rf 1440.00000000 50827.92746779677157676 1.00000 7 
 fake.rf 1440.00000000 50837.90440296099515294 1.00000 7 
 fake.rf 1440.00000000 50847.91867059714484256 1.00000 7 
 fake.rf 1440.00000000 50857.89981370886639667 1.00000 7 
 fake.rf 1440.00000000 50867.81714238606883072 1.00000 7 
 fake.rf 1440.00000000 50877.83508907401747834 1.00000 7 
 fake.rf 1440.00000000 50887.77975892160890936 1.00000 7 
 fake.rf 1440.00000000 50897.72997134262492480 1.00000 7 
 fake.rf 1440.00000000 50907.73331936058914593 1.00000 7 
 fake.rf 1440.00000000 50917.70029306174610895 1.00000 7 
 fake.rf 1440.00000000 50927.65620767857062745 1.00000 7 
 fake.rf 1440.00000000 50937.66382974852840348 1.00000 7 
 fake.rf 1440.00000000 50947.59615789937750918 1.00000 7 
 fake.rf 1440.00000000 50957.61264801015879300 1.00000 7 
 fake.rf 1440.00000000 50967.55064951387265637 1.00000 7 
 fake.rf 1440.00000000 50977.53422420942292703 1.00000 7 
 fake.rf 1440.00000000 50987.48802373399893639 1.00000 7 
 fake.rf 1440.00000000 50997.49642619221294382 1.00000 7 
 fake.rf 1440.00000000 51007.49134396410251568 1.00000 7 
 fake.rf 1440.00000000 51017.40283734271995542 1.00000 7 
 fake.rf 1440.00000000 51027.37804337690014478 1.00000 7 
 fake.rf 1440.00000000 51037.41511140232860910 1.00000 7 
 fake.rf 1440.00000000 51047.32669018137237416 1.00000 7 
 fake.rf 1440.00000000 51057.31938432732937017 1.00000 7 
 fake.rf 1440.00000000 51067.30950729174670855 1.00000 7 
 fake.rf 1440.00000000 51077.26656599396070035 1.00000 7 
 fake.rf 1440.00000000 51087.26747310813339098 1.00000 7 
 fake.rf 1440.00000000 51097.19809019219455593 1.00000 7 
 fake.rf 1440.00000000 51107.21066453631335236 1.00000 7 
 fake.rf 1440.00000000 51117.17172892958282304 1.00000 7 
 fake.rf 1440.00000000 51127.16283514036850022 1.00000 7 
 fake.rf 1440.00000000 51137.13874531534060353 1.00000 7 
 fake.rf 1440.00000000 51147.10404920100734572 1.00000 7 
 fake.rf 1440.00000000 51157.05339410260565103 1.00000 7 
 fake.rf 1440.00000000 51167.03775162931798803 1.00000 7 
 fake.rf 1440.00000000 51177.03102178297975300 1.00000 7 
 fake.rf 1440.00000000 51186.94228439317491208 1.00000 7 
 fake.rf 1440.00000000 51196.98194944336317391 1.00000 7 
 fake.rf 1440.00000000 51206.95273646553079772 1.00000 7 
 fake.rf 1440.00000000 51216.89465137298799036 1.00000 7 
 fake.rf 1440.00000000 51226.84526112492085659 1.00000 7 
 fake.rf 1440.00000000 51236.79926709628343673 1.00000 7 
 fake.rf 1440.00000000 51246.77610838876101340 1.00000 7 
 fake.rf 1440.00000000 51256.76968399779238084 1.00000 7 
 fake.rf 1440.00000000 51266.76748435090223310 1.00000 7 
 fake.rf 1440.00000000 51276.70963151961614557 1.00000 7 
 fake.rf 1440.00000000 51286.71408608595114131 1.00000 7 
 fake.rf 1440.00000000 51296.69299039711611954 1.00000 7 
 fake.rf 1440.00000000 51306.67084426552995780 1.00000 7 
 fake.rf 1440.00000000 51316.61418767202430757 1.00000 7 
 fake.rf 1440.00000000 51326.61522297927022507 1.00000 7 
 fake.rf 1440.00000000 51336.59558721806011050 1.00000 7 
 fake.rf 1440.00000000 51346.51996969383571567 1.00000 7 
 fake.rf 1440.00000000 51356.54322148726611630 1.00000 7 
 fake.rf 1440.00000000 51366.46025087378103891 1.00000 7 
 fake.rf 1440.00000000 51376.48539391377075347 1.00000 7 
 fake.rf 1440.00000000 51386.40967543914257476 1.00000 7 
 fake.rf 1440.00000000 51396.43824954513030434 1.00000 7 
 fake.rf 1440.00000000 51406.33798074870392725 1.00000 7 
 fake.rf 1440.00000000 51416.38547426023292530 1.00000 7 
 fake.rf 1440.00000000 51426.31908381202964264 1.00000 7 
 fake.rf 1440.00000000 51436.32055882634846000 1.00000 7 
 fake.rf 1440.00000000 51446.28793353581813719 1.00000 7 
 fake.rf 1440.00000000 51456.21415121619081035 1.00000 7 
 fake.rf 1440.00000000 51466.19227553011973342 1.00000 7 
 fake.rf 1440.00000000 51476.17131207284283079 1.00000 7 
 fake.rf 1440.00000000 51486.11810429493597141 1.00000 7 
 fake.rf 1440.00000000 51496.11812889117202374 1.00000 7 
 fake.rf 1440.00000000 51506.08080152829573350 1.00000 7 
 fake.rf 1440.00000000 51516.10901834974855262 1.00000 7 
 fake.rf 1440.00000000 51526.07826219043830918 1.00000 7 
 fake.rf 1440.00000000 51536.01884889131806133 1.00000 7 
 fake.rf 1440.00000000 51546.02837607604927683 1.00000 7 
 fake.rf 1440.00000000 51556.00176556104172221 1.00000 7 
 fake.rf 1440.00000000 51565.96323215039006271 1.00000 7 
 fake.rf 1440.00000000 51575.91453068314487140 1.00000 7 
 fake.rf 1440.00000000 51585.85737163464114374 1.00000 7 
 fake.rf 1440.00000000 51595.85059715840078098 1.00000 7 
 fake.rf 1440.00000000 51605.80810431406354155 1.00000 7 
 fake.rf 1440.00000000 51615.83943685802791279 1.00000 7 
 fake.rf 1440.00000000 51625.80331014278792878 1.00000 7 
 fake.rf 1440.00000000 51635.70582356844526117 1.00000 7 
 fake.rf 1440.00000000 51645.74482467007196362 1.00000 7 
 fake.rf 1440.00000000 51655.66038477139989737 1.00000 7 
 fake.rf 1440.00000000 51665.69678767130794839 1.00000 7 
 fake.rf 1440.00000000 51675.59678917356601957 1.00000 7 
 fake.rf 1440.00000000 51685.64812992674652747 1.00000 7 
 fake.rf 1440.00000000 51695.55278543571808925 1.00000 7 
 fake.rf 1440.00000000 51705.59199867159308894 1.00000 7 
 fake.rf 1440.00000000 51715.57037496719057401 1.00000 7 
 fake.rf 1440.00000000 51725.46649500502695673 1.00000 7 
 fake.rf 1440.00000000 51735.46662205502779486 1.00000 7 
 fake.rf 1440.00000000 51745.47377768550864374 1.00000 7 
 fake.rf 1440.00000000 51755.44791007792851545 1.00000 7 
 fake.rf 1440.00000000 51765.40155919131125373 1.00000 7 
 fake.rf 1440.00000000 51775.33081016905777716 1.00000 7 
 fake.rf 1440.00000000 51785.31128344065923130 1.00000 7 
 fake.rf 1440.00000000 51795.32236245667949603 1.00000 7 
 fake.rf 1440.00000000 51805.27894233897524501 1.00000 7 
 fake.rf 1440.00000000 51815.24939256343718696 1.00000 7 
 fake.rf 1440.00000000 51825.23265940498329840 1.00000 7 
 fake.rf 1440.00000000 51835.18578743918000029 1.00000 7 
 fake.rf 1440.00000000 51845.20746204430141546 1.00000 7 
 fake.rf 1440.00000000 51855.14422709329508265 1.00000 7 
 fake.rf 1440.00000000 51865.09804894462431690 1.00000 7 
 fake.rf 1440.00000000 51875.10849450450936260 1.00000 7 
 fake.rf 1440.00000000 51885.02386238773305749 1.00000 7 
 fake.rf 1440.00000000 51895.03116279503590036 1.00000 7 
 fake.rf 1440.00000000 51904.97880489288390038 1.00000 7 
 fake.rf 1440.00000000 51914.96231760993317295 1.00000 7 
 fake.rf 1440.00000000 51924.94492158190265485 1.00000 7 
 fake.rf 1440.00000000 51934.96707468266250984 1.00000 7 
 fake.rf 1440.00000000 51944.88040519292939834 1.00000 7 
 fake.rf 1440.00000000 51954.84598117827846764 1.00000 7 
 fake.rf 1440.00000000 51964.81099867951381199 1.00000 7 
 fake.rf 1440.00000000 51974.78803648983716101 1.00000 7 
 fake.rf 1440.00000000 51984.76425159628603367 1.00000 7 
 fake.rf 1440.00000000 51994.72458088817834110 1.00000 7 
 fake.rf 1440.00000000 52004.71691180757311201 1.00000 7 
 fake.rf 1440.00000000 52014.67631121558196483 1.00000 7 
 fake.rf 1440.00000000 52024.64232109441112684 1.00000 7 
 fake.rf 1440.00000000 52034.64140972809778063 1.00000 7 
 fake.rf 1440.00000000 52044.62824052481577652 1.00000 7 
 fake.rf 1440.00000000 52054.62871039228032188 1.00000 7 
 fake.rf 1440.00000000 52064.54590240390853495 1.00000 7 
 fake.rf 1440.00000000 52074.51368664539944575 1.00000 7 
 fake.rf 1440.00000000 52084.55404521248435401 1.00000 7 
 fake.rf 1440.00000000 52094.47901481602245966 1.00000 7 
 fake.rf 1440.00000000 52104.48518236196053621 1.00000 7 
 fake.rf 1440.00000000 52114.42609175675768185 1.00000 7 
 fake.rf 1440.00000000 52124.43214934863482313 1.00000 7 
 fake.rf 1440.00000000 52134.36555476786373831 1.00000 7 
 fake.rf 1440.00000000 52144.37022980783859438 1.00000 7 
 fake.rf 1440.00000000 52154.34193298026185559 1.00000 7 
 fake.rf 1440.00000000 52164.32274108693285797 1.00000 7 
 fake.rf 1440.00000000 52174.30854232275042293 1.00000 7 
 fake.rf 1440.00000000 52184.23466206541655055 1.00000 7 
 fake.rf 1440.00000000 52194.24147573938771671 1.00000 7 
 fake.rf 1440.00000000 52204.17854841053494752 1.00000 7 
 fake.rf 1440.00000000 52214.16294792939903857 1.00000 7 
 fake.rf 1440.00000000 52224.09724524930311418 1.00000 7 
 fake.rf 1440.00000000 52234.12755956436684812 1.00000 7 
 fake.rf 1440.00000000 52244.07808313749288232 1.00000 7 
 fake.rf 1440.00000000 52254.03634871094343595 1.00000 7 
 fake.rf 1440.00000000 52264.05954333569973258 1.00000 7 
 fake.rf 1440.00000000 52274.00238880273312603 1.00000 7 
 fake.rf 1440.00000000 52283.96499643346091446 1.00000 7 
 fake.rf 1440.00000000 52293.90837726057264945 1.00000 7 
 fake.rf 1440.00000000 52303.92218959916629828 1.00000 7 
 fake.rf 1440.00000000 52313.90443246760734652 1.00000 7 
 fake.rf 1440.00000000 52323.83451700677466079 1.00000 7 
 fake.rf 1440.00000000 52333.84164362353281419 1.00000 7 
 fake.rf 1440.00000000 52343.85027945279659889 1.00000 7 
 fake.rf 1440.00000000 52353.79449917287209004 1.00000 7 
 fake.rf 1440.00000000 52363.74606663487446667 1.00000 7 
 fake.rf 1440.00000000 52373.69919879808088581 1.00000 7 
 fake.rf 1440.00000000 52383.72184043737182435 1.00000 7 
 fake.rf 1440.00000000 52393.65773741020587906 1.00000 7 
 fake.rf 1440.00000000 52403.64647687727148906 1.00000 7 
 fake.rf 1440.00000000 52413.61925706077281362 1.00000 7 
 fake.rf 1440.00000000 52423.60670110074806161 1.00000 7 
 fake.rf 1440.00000000 52433.54546912509876933 1.00000 7 
 fake.rf 1440.00000000 52443.56229241803752927 1.00000 7 
 fake.rf 1440.00000000 52453.49838252074345846 1.00000 7 
 fake.rf 1440.00000000 52463.51949141788511355 1.00000 7 
 fake.rf 1440.00000000 52473.46109378878551155 1.00000 7 
 fake.rf 1440.00000000 52483.41028941784369977 1.00000 7 
 fake.rf 1440.00000000 52493.38482234798997439 1.00000 7 
 fake.rf 1440.00000000 52503.36054274036088430 1.00000 7 
 fake.rf 1440.00000000 52513.35744877428164656 1.00000 7 
 fake.rf 1440.00000000 52523.34368551369660594 1.00000 7 
 fake.rf 1440.00000000 52533.28100760299802019 1.00000 7 
 fake.rf 1440.00000000 52543.25219890238101783 1.00000 7 
 fake.rf 1440.00000000 52553.21626360723720950 1.00000 7 
 fake.rf 1440.00000000 52563.22248885525344519 1.00000 7 
 fake.rf 1440.00000000 52573.16084589142936423 1.00000 7 
 fake.rf 1440.00000000 52583.17839367908376502 1.00000 7 
 fake.rf 1440.00000000 52593.09119753056620539 1.00000 7 
 fake.rf 1440.00000000 52603.08357303358045698 1.00000 7 
 fake.rf 1440.00000000 52613.05890419891785825 1.00000 7 
 fake.rf 1440.00000000 52623.06458861266196436 1.00000 7 
 fake.rf 1440.00000000 52633.01435302054989762 1.00000 7 
 fake.rf 1440.00000000 52643.02411510197793731 1.00000 7 
 fake.rf 1440.00000000 52652.98240631652515020 1.00000 7 
 fake.rf 1440.00000000 52662.90369478305191464 1.00000 7 
 fake.rf 1440.00000000 52672.89232869155491201 1.00000 7 
 fake.rf 1440.00000000 52682.91438971910014288 1.00000 7 
 fake.rf 1440.00000000 52692.88562414169950898 1.00000 7 
 fake.rf 1440.00000000 52702.83745935112166947 1.00000 7 
 fake.rf 1440.00000000 52712.79223085594658826 1.00000 7 
 fake.rf 1440.00000000 52722.76354979465510553 1.00000 7 
 fake.rf 1440.00000000 52732.73013337431847347 1.00000 7 
 fake.rf 1440.00000000 52742.73431057263850263 1.00000 7 
 fake.rf 1440.00000000 52752.66642379271820928 1.00000 7 
 fake.rf 1440.00000000 52762.67973514813037994 1.00000 7 
 fake.rf 1440.00000000 52772.64899224772742059 1.00000 7 
 fake.rf 1440.00000000 52782.63334551822778806 1.00000 7 
 fake.rf 1440.00000000 52792.53982350382080568 1.00000 7 
 fake.rf 1440.00000000 52802.59425123000467650 1.00000 7 
 fake.rf 1440.00000000 52812.49829580307822496 1.00000 7 
 fake.rf 1440.00000000 52822.51231748506796748 1.00000 7 
 fake.rf 1440.00000000 52832.49695296100066244 1.00000 7 
 fake.rf 1440.00000000 52842.44895731036532638 1.00000 7 
 fake.rf 1440.00000000 52852.37814131025367459 1.00000 7 
 fake.rf 1440.00000000 52862.35414587367945671 1.00000 7 
 fake.rf 1440.00000000 52872.33967978724527370 1.00000 7 
 fake.rf 1440.00000000 52882.31785848768318914 1.00000 7 
 fake.rf 1440.00000000 52892.33871515189547097 1.00000 7 
 fake.rf 1440.00000000 52902.26435727403912423 1.00000 7 
 fake.rf 1440.00000000 52912.26221573734595793 1.00000 7 
 fake.rf 1440.00000000 52922.20237463774627784 1.00000 7 
 fake.rf 1440.00000000 52932.16100547286459488 1.00000 7 
 fake.rf 1440.00000000 52942.13593264520932635 1.00000 7 
 fake.rf 1440.00000000 52952.11315798868686855 1.00000 7 
 fake.rf 1440.00000000 52962.14071771374112885 1.00000 7 
 fake.rf 1440.00000000 52972.06423769330997331 1.00000 7 
 fake.rf 1440.00000000 52982.05740123034628652 1.00000 7 
 fake.rf 1440.00000000 52992.05099305542613308 1.00000 7 
 fake.rf 1440.00000000 53001.97305169498703492 1.00000 7 
 fake.rf 1440.00000000 53011.94535484689944838 1.00000 7 
 fake.rf 1440.00000000 53021.92102248584403057 1.00000 7 
 fake.rf 1440.00000000 53031.92503775330148130 1.00000 7 
 fake.rf 1440.00000000 53041.89122876868262324 1.00000 7 
 fake.rf 1440.00000000 53051.89837799025398013 1.00000 7 
 fake.rf 1440.00000000 53061.86181082946360377 1.00000 7 
 fake.rf 1440.00000000 53071.78528414190237683 1.00000 7 
 fake.rf 1440.00000000 53081.78899486696021981 1.00000 7 
 fake.rf 1440.00000000 53091.76408520435616012 1.00000 7 
 fake.rf 1440.00000000 53101.70467426177451742 1.00000 7 
 fake.rf 1440.00000000 53111.70678365499248486 1.00000 7 
 fake.rf 1440.00000000 53121.69655631649373717 1.00000 7 
 fake.rf 1440.00000000 53131.67847134851774982 1.00000 7 
 fake.rf 1440.00000000 53141.60918720304059804 1.00000 7 
 fake.rf 1440.00000000 53151.57826854641690062 1.00000 7 
 fake.rf 1440.00000000 53161.60000522895793296 1.00000 7 
 fake.rf 1440.00000000 53171.53403000240429677 1.00000 7 
 fake.rf 1440.00000000 53181.51594960556530722 1.00000 7 
 fake.rf 1440.00000000 53191.45983597016412148 1.00000 7 
 fake.rf 1440.00000000 53201.44202177305457724 1.00000 7 
 fake.rf 1440.00000000 53211.46022111949959310 1.00000 7 
 fake.rf 1440.00000000 53221.42927028614715113 1.00000 7 
 fake.rf 1440.00000000 53231.37891929764883869 1.00000 7 
 fake.rf 1440.00000000 53241.38305382689251743 1.00000 7 
 fake.rf 1440.00000000 53251.35433453783457836 1.00000 7 
 fake.rf 1440.00000000 53261.30851316741366475 1.00000 7 
 fake.rf 1440.00000000 53271.28417850260199273 1.00000 7 
 fake.rf 1440.00000000 53281.20628347281677151 1.00000 7 
 fake.rf 1440.00000000 53291.18093005092800141 1.00000 7 
 fake.rf 1440.00000000 53301.17749149158537136 1.00000 7 
 fake.rf 1440.00000000 53311.13229274961852866 1.00000 7 
 fake.rf 1440.00000000 53321.10654680142139838 1.00000 7 
 fake.rf 1440.00000000 53331.10608019368589083 1.00000 7 
 fake.rf 1440.00000000 53341.09220111113987528 1.00000 7 
 fake.rf 1440.00000000 53351.05995052402291634 1.00000 7 
 fake.rf 1440.00000000 53361.01060412716035941 1.00000 7 
 fake.rf 1440.00000000 53370.98746217597901165 1.00000 7 
 fake.rf 1440.00000000 53380.98932257017258962 1.00000 7 
 fake.rf 1440.00000000 53390.97099127238712057 1.00000 7 
 fake.rf 1440.00000000 53400.95024400412002663 1.00000 7 
 fake.rf 1440.00000000 53410.91999769956310828 1.00000 7 
 fake.rf 1440.00000000 53420.84774680396783353 1.00000 7 
 fake.rf 1440.00000000 53430.84407653731438259 1.00000 7 
 fake.rf 1440.00000000 53440.82304962994790287 1.00000 7 
 fake.rf 1440.00000000 53450.79215223600936469 1.00000 7 
 fake.rf 1440.00000000 53460.78486773118106257 1.00000 7 
 fake.rf 1440.00000000 53470.72954847675424972 1.00000 7 
 fake.rf 1440.00000000 53480.65998019447498635 1.00000 7 
 fake.rf 1440.00000000 53490.66191956177405231 1.00000 7 
 fake.rf 1440.00000000 53500.66112430925249299 1.00000 7 
 fake.rf 1440.00000000 53510.60104621418629733 1.00000 7 
 fake.rf 1440.00000000 53520.56515590905699398 1.00000 7 
 fake.rf 1440.00000000 53530.56071418348517810 1.00000 7 
 fake.rf 1440.00000000 53540.56092272976653490 1.00000 7 
 fake.rf 1440.00000000 53550.47313805565480038 1.00000 7 
 fake.rf 1440.00000000 53560.46728129369213534 1.00000 7 
 fake.rf 1440.00000000 53570.44897283879610228 1.00000 7 
 fake.rf 1440.00000000 53580.44749113429175225 1.00000 7 
 fake.rf 1440.00000000 53590.39104369543111162 1.00000 7 
 fake.rf 1440.00000000 53600.37468612136628110 1.00000 7 
 fake.rf 1440.00000000 53610.31373680505810597 1.00000 7 
 fake.rf 1440.00000000 53620.32272836658794546 1.00000 7 
 fake.rf 1440.00000000 53630.30792915280995814 1.00000 7 
 fake.rf 1440.00000000 53640.27381764118416996 1.00000 7 
 fake.rf 1440.00000000 53650.21290105087726019 1.00000 7 
 fake.rf 1440.00000000 53660.19315554479693020 1.00000 7 
