FORMAT 1
 fake.rf 1440.00000000 50000.20760918157468922 1.00000 7 
 fake.rf 1440.00000000 50010.21745524811409922 1.00000 7 
 fake.rf 1440.00000000 50020.15775786542997849 1.00000 7 
 fake.rf 1440.00000000 50030.12917515541122526 1.00000 7 
 fake.rf 1440.00000000 50040.09243687173541915 1.00000 7 
 fake.rf 1440.00000000 50050.12464055878331948 1.00000 7 
 fake.rf 1440.00000000 50060.08586357174829473 1.00000 7 
 fake.rf 1440.00000000 50070.02247533408885971 1.00000 7 
 fake.rf 1440.00000000 50080.03604229162562689 1.00000 7 
 fake.rf 1440.00000000 50089.98572164160735909 1.00000 7 
 fake.rf 1440.00000000 50099.96479838745719348 1.00000 7 
 fake.rf 1440.00000000 50109.92487126294215116 1.00000 7 
 fake.rf 1440.00000000 50119.91957412683887085 1.00000 7 
 fake.rf 1440.00000000 50129.87988507305142605 1.00000 7 
 fake.rf 1440.00000000 50139.81601166660299640 1.00000 7 
 fake.rf 1440.00000000 50149.79171021481330683 1.00000 7 
 fake.rf 1440.00000000 50159.78777949611496823 1.00000 7 
 fake.rf 1440.00000000 50169.75367642213040398 1.00000 7 
 fake.rf 1440.00000000 50179.77434663846709384 1.00000 7 
 fake.rf 1440.00000000 50189.70826174381044282 1.00000 7 
 fake.rf 1440.00000000 50199.73017975599739060 1.00000 7 
 fake.rf 1440.00000000 50209.68399328149846994 1.00000 7 
 fake.rf 1440.00000000 50219.66549352324262401 1.00000 7 
 fake.rf 1440.00000000 50229.58261040821139787 1.00000 7 
 fake.rf 1440.00000000 50239.60926424493603548 1.00000 7 
 fake.rf 1440.00000000 50249.56160447356718279 1.00000 7 
 fake.rf 1440.00000000 50259.55689630404248902 1.00000 7 
 fake.rf 1440.00000000 50269.53134041341808924 1.00000 7 
 fake.rf 1440.00000000 50279.42985978324893637 1.00000 7 
 fake.rf 1440.00000000 50289.46761111256646970 1.00000 7 
 fake.rf 1440.00000000 50299.41575044795902016 1.00000 7 
 fake.rf 1440.00000000 50309.36126445723283140 1.00000 7 
 fake.rf 1440.00000000 50319.35283285478595516 1.00000 7 
 fake.rf 1440.00000000 50329.35191253461928440 1.00000 7 
 fake.rf 1440.00000000 50339.29614811939314478 1.00000 7 
 fake.rf 1440.00000000 50349.27828256210012015 1.00000 7 
 fake.rf 1440.00000000 50359.25353689565511672 1.00000 7 
 fake.rf 1440.00000000 50369.18629993248776699 1.00000 7 
 fake.rf 1440.00000000 50379.21568375197989198 1.00000 7 
 fake.rf 1440.00000000 50389.14847600014869755 1.00000 7 
 fake.rf 1440.00000000 50399.14155610136880981 1.00000 7 
 fake.rf 1440.00000000 50409.09398764991574637 1.00000 7 
 fake.rf 1440.00000000 50419.09749043535028079 1.00000 7 
 fake.rf 1440.00000000 50429.02924436748703130 1.00000 7 
 fake.rf 1440.00000000 50439.05262457768038686 1.00000 7 
 fake.rf 1440.00000000 50449.01955830366877009 1.00000 7 
 fake.rf 1440.00000000 50458.95431509393714009 1.00000 7 
 fake.rf 1440.00000000 50468.91773563916470735 1.00000 7 
 fake.rf 1440.00000000 50478.96120389609946244 1.00000 7 
 fake.rf 1440.00000000 50488.86060191079080184 1.00000 7 
 fake.rf 1440.00000000 50498.86857523513594259 1.00000 7 
 fake.rf 1440.00000000 50508.87793251209228274 1.00000 7 
 fake.rf 1440.00000000 50518.84178169935113445 1.00000 7 
 fake.rf 1440.00000000 50528.77522624779940585 1.00000 7 
 fake.rf 1440.00000000 50538.72900477076134962 1.00000 7 
 fake.rf 1440.00000000 50548.74681208676477340 1.00000 7 
 fake.rf 1440.00000000 50558.74323456105267738 1.00000 7 
 fake.rf 1440.00000000 50568.71960925942423870 1.00000 7 
 fake.rf 1440.00000000 50578.65583168573459361 1.00000 7 
 fake.rf 1440.00000000 50588.66141119786457025 1.00000 7 
 fake.rf 1440.00000000 50598.61950814481410177 1.00000 7 
 fake.rf 1440.00000000 50608.53117433372851508 1.00000 7 
 fake.rf 1440.00000000 50618.50957216401511829 1.00000 7 
 fake.rf 1440.00000000 50628.48654186097392582 1.00000 7 
 fake.rf 1440.00000000 50638.50792536155318402 1.00000 7 
 fake.rf 1440.00000000 50648.45786312651871697 1.00000 7 
 fake.rf 1440.00000000 50658.44427156755282482 1.00000 7 
 fake.rf 1440.00000000 50668.38488046074312265 1.00000 7 
 fake.rf 1440.00000000 50678.37821887135836008 1.00000 7 
 fake.rf 1440.00000000 50688.33798218757614507 1.00000 7 
 fake.rf 1440.00000000 50698.32202093785887342 1.00000 7 
 fake.rf 1440.00000000 50708.33574378876540223 1.00000 7 
 fake.rf 1440.00000000 50718.27524303997948962 1.00000 7 
 fake.rf 1440.00000000 50728.20675558062812271 1.00000 7 
 fake.rf 1440.00000000 50738.17953669931406324 1.00000 7 
 fake.rf 1440.00000000 50748.16972046960132658 1.00000 7 
 fake.rf 1440.00000000 50758.17880436172614722 1.00000 7 
 fake.rf 1440.00000000 50768.11364662411472182 1.00000 7 
 fake.rf 1440.00000000 50778.09455523954952127 1.00000 7 
 fake.rf 1440.00000000 50788.09107841995594868 1.00000 7 
 fake.rf 1440.00000000 50798.03595637240401217 1.00000 7 
 fake.rf 1440.00000000 50808.05214267871444633 1.00000 7 
 fake.rf 1440.00000000 50818.00199414454638713 1.00000 7 
 fake.rf 1440.00000000 50827.93802557995985580 1.00000 7 
 fake.rf 1440.00000000 50837.91496075686836420 1.00000 7 
 fake.rf 1440.00000000 50847.92922839610401908 1.00000 7 
 fake.rf 1440.00000000 50857.91037149052845834 1.00000 7 
 fake.rf 1440.00000000 50867.82770011922319497 1.00000 7 
 fake.rf 1440.00000000 50877.84564682424489845 1.00000 7 
 fake.rf 1440.00000000 50887.79031670157143097 1.00000 7 
 fake.rf 1440.00000000 50897.74052913149204969 1.00000 7 
 fake.rf 1440.00000000 50907.74387717461886282 1.00000 7 
 fake.rf 1440.00000000 50917.71085085408690674 1.00000 7 
 fake.rf 1440.00000000 50927.66676547792689433 1.00000 7 
 fake.rf 1440.00000000 50937.67438751474044878 1.00000 7 
 fake.rf 1440.00000000 50947.60671566040261737 1.00000 7 
 fake.rf 1440.00000000 50957.62320579819505539 1.00000 7 
 fake.rf 1440.00000000 50967.56120726200404647 1.00000 7 
 fake.rf 1440.00000000 50977.54478198061582361 1.00000 7 
 fake.rf 1440.00000000 50987.49858148356995002 1.00000 7 
 fake.rf 1440.00000000 50997.50698395264244311 1.00000 7 
 fake.rf 1440.00000000 51007.50190174802855481 1.00000 7 
 fake.rf 1440.00000000 51017.41339513191193689 1.00000 7 
 fake.rf 1440.00000000 51027.38860114751947350 1.00000 7 
 fake.rf 1440.00000000 51037.42566919448869101 1.00000 7 
 fake.rf 1440.00000000 51047.33724800008148037 1.00000 7 
 fake.rf 1440.00000000 51057.32994209928459028 1.00000 7 
 fake.rf 1440.00000000 51067.32006506650039057 1.00000 7 
 fake.rf 1440.00000000 51077.27712380543223603 1.00000 7 
 fake.rf 1440.00000000 51087.27803089063658604 1.00000 7 
 fake.rf 1440.00000000 51097.20864801023309454 1.00000 7 
 fake.rf 1440.00000000 51107.22122236943833329 1.00000 7 
 fake.rf 1440.00000000 51117.18228671803940699 1.00000 7 
 fake.rf 1440.00000000 51127.17339292697496944 1.00000 7 
 fake.rf 1440.00000000 51137.14930309918832663 1.00000 7 
 fake.rf 1440.00000000 51147.11460694560120999 1.00000 7 
 fake.rf 1440.00000000 51157.06395187315816386 1.00000 7 
 fake.rf 1440.00000000 51167.04830939576352478 1.00000 7 
 fake.rf 1440.00000000 51177.04157960106140379 1.00000 7 
 fake.rf 1440.00000000 51186.95284218325521408 1.00000 7 
 fake.rf 1440.00000000 51196.99250722257570700 1.00000 7 
 fake.rf 1440.00000000 51206.96329424413046993 1.00000 7 
 fake.rf 1440.00000000 51216.90520918040254372 1.00000 7 
 fake.rf 1440.00000000 51226.85581889969343550 1.00000 7 
 fake.rf 1440.00000000 51236.80982484619137907 1.00000 7 
 fake.rf 1440.00000000 51246.78666617753328083 1.00000 7 
 fake.rf 1440.00000000 51256.78024172933884728 1.00000 7 
 fake.rf 1440.00000000 51266.77804213010878343 1.00000 7 
 fake.rf 1440.00000000 51276.72018924703607468 1.00000 7 
 fake.rf 1440.00000000 51286.72464388910719535 1.00000 7 
 fake.rf 1440.00000000 51296.70354813826035567 1.00000 7 
 fake.rf 1440.00000000 51306.68140204101561608 1.00000 7 
 fake.rf 1440.00000000 51316.62474546390082253 1.00000 7 
 fake.rf 1440.00000000 51326.62578076205349831 1.00000 7 
 fake.rf 1440.00000000 51336.60614502542519233 1.00000 7 
 fake.rf 1440.00000000 51346.53052745392461986 1.00000 7 
 fake.rf 1440.00000000 51356.55377928072531901 1.00000 7 
 fake.rf 1440.00000000 51366.47080861454653089 1.00000 7 
 fake.rf 1440.00000000 51376.49595165417398235 1.00000 7 
 fake.rf 1440.00000000 51386.42023320470612902 1.00000 7 
 fake.rf 1440.00000000 51396.44880737749025101 1.00000 7 
 fake.rf 1440.00000000 51406.34853850243224471 1.00000 7 
 fake.rf 1440.00000000 51416.39603205408446840 1.00000 7 
 fake.rf 1440.00000000 51426.32964155499116998 1.00000 7 
 fake.rf 1440.00000000 51436.33111662643257489 1.00000 7 
 fake.rf 1440.00000000 51446.29849131828302333 1.00000 7 
 fake.rf 1440.00000000 51456.22470902993390851 1.00000 7 
 fake.rf 1440.00000000 51466.20283329211374124 1.00000 7 
 fake.rf 1440.00000000 51476.18186989483902138 1.00000 7 
 fake.rf 1440.00000000 51486.12866208384089717 1.00000 7 
 fake.rf 1440.00000000 51496.12868664327848478 1.00000 7 
 fake.rf 1440.00000000 51506.09135928725248732 1.00000 7 
 fake.rf 1440.00000000 51516.11957611665642531 1.00000 7 
 fake.rf 1440.00000000 51526.08881996765962441 1.00000 7 
 fake.rf 1440.00000000 51536.02940666783250023 1.00000 7 
 fake.rf 1440.00000000 51546.03893385425928031 1.00000 7 
 fake.rf 1440.00000000 51556.01232329146832356 1.00000 7 
 fake.rf 1440.00000000 51565.97378989705900665 1.00000 7 
 fake.rf 1440.00000000 51575.92508846446605020 1.00000 7 
 fake.rf 1440.00000000 51585.86792940963300680 1.00000 7 
 fake.rf 1440.00000000 51595.86115494157177253 1.00000 7 
 fake.rf 1440.00000000 51605.81866210561031849 1.00000 7 
 fake.rf 1440.00000000 51615.84999459572982161 1.00000 7 
 fake.rf 1440.00000000 51625.81386790829992606 1.00000 7 
 fake.rf 1440.00000000 51635.71638135759371480 1.00000 7 
 fake.rf 1440.00000000 51645.75538243609205580 1.00000 7 
 fake.rf 1440.00000000 51655.67094251512126490 1.00000 7 
 fake.rf 1440.00000000 51665.70734548386177920 1.00000 7 
 fake.rf 1440.00000000 51675.60734694690829372 1.00000 7 
 fake.rf 1440.00000000 51685.65868772898918238 1.00000 7 
 fake.rf 1440.00000000 51695.56334317608944318 1.00000 7 
 fake.rf 1440.00000000 51705.60255642028541345 1.00000 7 
 fake.rf 1440.00000000 51715.58093271800780499 1.00000 7 
 fake.rf 1440.00000000 51725.47705274342764525 1.00000 7 
 fake.rf 1440.00000000 51735.47717981621349637 1.00000 7 
 fake.rf 1440.00000000 51745.48433546898471747 1.00000 7 
 fake.rf 1440.00000000 51755.45846790517224179 1.00000 7 
 fake.rf 1440.00000000 51765.41211698432294597 1.00000 7 
 fake.rf 1440.00000000 51775.34136793595760295 1.00000 7 
 fake.rf 1440.00000000 51785.32184123541233944 1.00000 7 
 fake.rf 1440.00000000 51795.33292024635262862 1.00000 7 
 fake.rf 1440.00000000 51805.28950009168495328 1.00000 7 
 fake.rf 1440.00000000 51815.25995036566667906 1.00000 7 
 fake.rf 1440.00000000 51825.24321720057775309 1.00000 7 
 fake.rf 1440.00000000 51835.19634520753164608 1.00000 7 
 fake.rf 1440.00000000 51845.21801986011977448 1.00000 7 
 fake.rf 1440.00000000 51855.15478482001190841 1.00000 7 
 fake.rf 1440.00000000 51865.10860666698147270 1.00000 7 
 fake.rf 1440.00000000 51875.11905226223418452 1.00000 7 
 fake.rf 1440.00000000 51885.03442011579716464 1.00000 7 
 fake.rf 1440.00000000 51895.04172059862867172 1.00000 7 
 fake.rf 1440.00000000 51904.98936268964271079 1.00000 7 
 fake.rf 1440.00000000 51914.97287541502357655 1.00000 7 
 fake.rf 1440.00000000 51924.95547933137676111 1.00000 7 
 fake.rf 1440.00000000 51934.97763241489656139 1.00000 7 
 fake.rf 1440.00000000 51944.89096292443012004 1.00000 7 
 fake.rf 1440.00000000 51954.85653898613440305 1.00000 7 
 fake.rf 1440.00000000 51964.82155644342297052 1.00000 7 
 fake.rf 1440.00000000 51974.79859425107797577 1.00000 7 
 fake.rf 1440.00000000 51984.77480939198881771 1.00000 7 
 fake.rf 1440.00000000 51994.73513866649946280 1.00000 7 
 fake.rf 1440.00000000 52004.72746957131507983 1.00000 7 
 fake.rf 1440.00000000 52014.68686897349667220 1.00000 7 
 fake.rf 1440.00000000 52024.65287887403804845 1.00000 7 
 fake.rf 1440.00000000 52034.65196747399004096 1.00000 7 
 fake.rf 1440.00000000 52044.63879830777530344 1.00000 7 
 fake.rf 1440.00000000 52054.63926819011160063 1.00000 7 
 fake.rf 1440.00000000 52064.55646018626000426 1.00000 7 
 fake.rf 1440.00000000 52074.52424444411667181 1.00000 7 
 fake.rf 1440.00000000 52084.56460295985833042 1.00000 7 
 fake.rf 1440.00000000 52094.48957259158070343 1.00000 7 
 fake.rf 1440.00000000 52104.49574017290483141 1.00000 7 
 fake.rf 1440.00000000 52114.43664956104625219 1.00000 7 
 fake.rf 1440.00000000 52124.44270710489897880 1.00000 7 
 fake.rf 1440.00000000 52134.37611252113654459 1.00000 7 
 fake.rf 1440.00000000 52144.38078758837474780 1.00000 7 
 fake.rf 1440.00000000 52154.35249078858479166 1.00000 7 
 fake.rf 1440.00000000 52164.33329883341196975 1.00000 7 
 fake.rf 1440.00000000 52174.31910012204520655 1.00000 7 
 fake.rf 1440.00000000 52184.24521981465114706 1.00000 7 
 fake.rf 1440.00000000 52194.25203347862208503 1.00000 7 
 fake.rf 1440.00000000 52204.18910620000796996 1.00000 7 
 fake.rf 1440.00000000 52214.17350569033954244 1.00000 7 
 fake.rf 1440.00000000 52224.10780304735601121 1.00000 7 
 fake.rf 1440.00000000 52234.13811732267529564 1.00000 7 
 fake.rf 1440.00000000 52244.08864096285332934 1.00000 7 
 fake.rf 1440.00000000 52254.04690649019625326 1.00000 7 
 fake.rf 1440.00000000 52264.07010114633634501 1.00000 7 
 fake.rf 1440.00000000 52274.01294655502316644 1.00000 7 
 fake.rf 1440.00000000 52283.97555421635280481 1.00000 7 
 fake.rf 1440.00000000 52293.91893498413993058 1.00000 7 
 fake.rf 1440.00000000 52303.93274740183055016 1.00000 7 
 fake.rf 1440.00000000 52313.91499023327128270 1.00000 7 
 fake.rf 1440.00000000 52323.84507483827887242 1.00000 7 
 fake.rf 1440.00000000 52333.85220141232424851 1.00000 7 
 fake.rf 1440.00000000 52343.86083724277712648 1.00000 7 
 fake.rf 1440.00000000 52353.80505692644108251 1.00000 7 
 fake.rf 1440.00000000 52363.75662439961262962 1.00000 7 
 fake.rf 1440.00000000 52373.70975656043928836 1.00000 7 
 fake.rf 1440.00000000 52383.73239818857470240 1.00000 7 
 fake.rf 1440.00000000 52393.66829518079594763 1.00000 7 
 fake.rf 1440.00000000 52403.65703468642179175 1.00000 7 
 fake.rf 1440.00000000 52413.62981488649342054 1.00000 7 
 fake.rf 1440.00000000 52423.61725889571737724 1.00000 7 
 fake.rf 1440.00000000 52433.55602691171514707 1.00000 7 
 fake.rf 1440.00000000 52443.57285018981872327 1.00000 7 
 fake.rf 1440.00000000 52453.50894027875083125 1.00000 7 
 fake.rf 1440.00000000 52463.53004915263306174 1.00000 7 
 fake.rf 1440.00000000 52473.47165155800232128 1.00000 7 
 fake.rf 1440.00000000 52483.42084720507520856 1.00000 7 
 fake.rf 1440.00000000 52493.39538013281466533 1.00000 7 
 fake.rf 1440.00000000 52503.37110051357332452 1.00000 7 
 fake.rf 1440.00000000 52513.36800653439562936 1.00000 7 
 fake.rf 1440.00000000 52523.35424331969161571 1.00000 7 
 fake.rf 1440.00000000 52533.29156538807824717 1.00000 7 
 fake.rf 1440.00000000 52543.26275667554693882 1.00000 7 
 fake.rf 1440.00000000 52553.22682139083980601 1.00000 7 
 fake.rf 1440.00000000 52563.23304664133237196 1.00000 7 
 fake.rf 1440.00000000 52573.17140366921087136 1.00000 7 
 fake.rf 1440.00000000 52583.18895146371896132 1.00000 7 
 fake.rf 1440.00000000 52593.10175532025938239 1.00000 7 
 fake.rf 1440.00000000 52603.09413080815326325 1.00000 7 
 fake.rf 1440.00000000 52613.06946201088176807 1.00000 7 
 fake.rf 1440.00000000 52623.07514640577966958 1.00000 7 
 fake.rf 1440.00000000 52633.02491077612519277 1.00000 7 
 fake.rf 1440.00000000 52643.03467289509577753 1.00000 7 
 fake.rf 1440.00000000 52652.99296409339452296 1.00000 7 
 fake.rf 1440.00000000 52662.91425254399934275 1.00000 7 
 fake.rf 1440.00000000 52672.90288641831113381 1.00000 7 
 fake.rf 1440.00000000 52682.92494750442946838 1.00000 7 
 fake.rf 1440.00000000 52692.89618186240845432 1.00000 7 
 fake.rf 1440.00000000 52702.84801710891764159 1.00000 7 
 fake.rf 1440.00000000 52712.80278862022638009 1.00000 7 
 fake.rf 1440.00000000 52722.77410758578220751 1.00000 7 
 fake.rf 1440.00000000 52732.74069115031011279 1.00000 7 
 fake.rf 1440.00000000 52742.74486836665189671 1.00000 7 
 fake.rf 1440.00000000 52752.67698158390027885 1.00000 7 
 fake.rf 1440.00000000 52762.69029288393632982 1.00000 7 
 fake.rf 1440.00000000 52772.65954999691795280 1.00000 7 
 fake.rf 1440.00000000 52782.64390326880173632 1.00000 7 
 fake.rf 1440.00000000 52792.55038126104818375 1.00000 7 
 fake.rf 1440.00000000 52802.60480897967304870 1.00000 7 
 fake.rf 1440.00000000 52812.50885357661803354 1.00000 7 
 fake.rf 1440.00000000 52822.52287527569405867 1.00000 7 
 fake.rf 1440.00000000 52832.50751078423411400 1.00000 7 
 fake.rf 1440.00000000 52842.45951509202087948 1.00000 7 
 fake.rf 1440.00000000 52852.38869912974250553 1.00000 7 
 fake.rf 1440.00000000 52862.36470364894061547 1.00000 7 
 fake.rf 1440.00000000 52872.35023755368942133 1.00000 7 
 fake.rf 1440.00000000 52882.32841626090598197 1.00000 7 
 fake.rf 1440.00000000 52892.34927290974330916 1.00000 7 
 fake.rf 1440.00000000 52902.27491504348256157 1.00000 7 
 fake.rf 1440.00000000 52912.27277354756733274 1.00000 7 
 fake.rf 1440.00000000 52922.21293238959542649 1.00000 7 
 fake.rf 1440.00000000 52932.17156327349087519 1.00000 7 
 fake.rf 1440.00000000 52942.14649042254547950 1.00000 7 
 fake.rf 1440.00000000 52952.12371578754953561 1.00000 7 
 fake.rf 1440.00000000 52962.15127552704755232 1.00000 7 
 fake.rf 1440.00000000 52972.07479543628572216 1.00000 7 
 fake.rf 1440.00000000 52982.06795901577108410 1.00000 7 
 fake.rf 1440.00000000 52992.06155079698243782 1.00000 7 
 fake.rf 1440.00000000 53001.98360951212950454 1.00000 7 
 fake.rf 1440.00000000 53011.95591262355927498 1.00000 7 
 fake.rf 1440.00000000 53021.93158028234321932 1.00000 7 
 fake.rf 1440.00000000 53031.93559552983249006 1.00000 7 
 fake.rf 1440.00000000 53041.90178655228523041 1.00000 7 
 fake.rf 1440.00000000 53051.90893578014807375 1.00000 7 
 fake.rf 1440.00000000 53061.87236857792991529 1.00000 7 
 fake.rf 1440.00000000 53071.79584196977164723 1.00000 7 
 fake.rf 1440.00000000 53081.79955263136447030 1.00000 7 
 fake.rf 1440.00000000 53091.77464299716476859 1.00000 7 
 fake.rf 1440.00000000 53101.71523199602432896 1.00000 7 
 fake.rf 1440.00000000 53111.71734140045554895 1.00000 7 
 fake.rf 1440.00000000 53121.70711408279441912 1.00000 7 
 fake.rf 1440.00000000 53131.68902911106777864 1.00000 7 
 fake.rf 1440.00000000 53141.61974500352171091 1.00000 7 
 fake.rf 1440.00000000 53151.58882635546129691 1.00000 7 
 fake.rf 1440.00000000 53161.61056302786381167 1.00000 7 
 fake.rf 1440.00000000 53171.54458776560165134 1.00000 7 
 fake.rf 1440.00000000 53181.52650735915946001 1.00000 7 
 fake.rf 1440.00000000 53191.47039375230849956 1.00000 7 
 fake.rf 1440.00000000 53201.45257953439262977 1.00000 7 
 fake.rf 1440.00000000 53211.47077890400308675 1.00000 7 
 fake.rf 1440.00000000 53221.43982808311810473 1.00000 7 
 fake.rf 1440.00000000 53231.38947705526010168 1.00000 7 
 fake.rf 1440.00000000 53241.39361161331829564 1.00000 7 
 fake.rf 1440.00000000 53251.36489231479257356 1.00000 7 
 fake.rf 1440.00000000 53261.31907097149968067 1.00000 7 
 fake.rf 1440.00000000 53271.29473629237009646 1.00000 7 
 fake.rf 1440.00000000 53281.21684123602552319 1.00000 7 
 fake.rf 1440.00000000 53291.19148780910267149 1.00000 7 
 fake.rf 1440.00000000 53301.18804926552378021 1.00000 7 
 fake.rf 1440.00000000 53311.14285053473048137 1.00000 7 
 fake.rf 1440.00000000 53321.11710458105834221 1.00000 7 
 fake.rf 1440.00000000 53331.11663799649235074 1.00000 7 
 fake.rf 1440.00000000 53341.10275890146938593 1.00000 7 
 fake.rf 1440.00000000 53351.07050824054677562 1.00000 7 
 fake.rf 1440.00000000 53361.02116194945940819 1.00000 7 
 fake.rf 1440.00000000 53370.99801993245842979 1.00000 7 
 fake.rf 1440.00000000 53380.99988034511475732 1.00000 7 
 fake.rf 1440.00000000 53390.98154902231845398 1.00000 7 
 fake.rf 1440.00000000 53400.96080180494857714 1.00000 7 
 fake.rf 1440.00000000 53410.93055548394963239 1.00000 7 
 fake.rf 1440.00000000 53420.85830460803612851 1.00000 7 
 fake.rf 1440.00000000 53430.85463435022598588 1.00000 7 
 fake.rf 1440.00000000 53440.83360739548226093 1.00000 7 
 fake.rf 1440.00000000 53450.80271005004494356 1.00000 7 
 fake.rf 1440.00000000 53460.79542550423811420 1.00000 7 
 fake.rf 1440.00000000 53470.74010620829935903 1.00000 7 
 fake.rf 1440.00000000 53480.67053797567034579 1.00000 7 
 fake.rf 1440.00000000 53490.67247732209980882 1.00000 7 
 fake.rf 1440.00000000 53500.67168208999828849 1.00000 7 
 fake.rf 1440.00000000 53510.61160400311663210 1.00000 7 
 fake.rf 1440.00000000 53520.57571370207178063 1.00000 7 
 fake.rf 1440.00000000 53530.57127197748069847 1.00000 7 
 fake.rf 1440.00000000 53540.57148052171598351 1.00000 7 
 fake.rf 1440.00000000 53550.48369583574169184 1.00000 7 
 fake.rf 1440.00000000 53560.47783906286485234 1.00000 7 
 fake.rf 1440.00000000 53570.45953063514918213 1.00000 7 
 fake.rf 1440.00000000 53580.45804887945545048 1.00000 7 
 fake.rf 1440.00000000 53590.40160146925441609 1.00000 7 
 fake.rf 1440.00000000 53600.38524392705072330 1.00000 7 
 fake.rf 1440.00000000 53610.32429462479375815 1.00000 7 
 fake.rf 1440.00000000 53620.33328617059857990 1.00000 7 
 fake.rf 1440.00000000 53630.31848694511038644 1.00000 7 
 fake.rf 1440.00000000 53640.28437542009552530 1.00000 7 
 fake.rf 1440.00000000 53650.22345884835926100 1.00000 7 
 fake.rf 1440.00000000 53660.20371335399707391 1.00000 7 
