FORMAT 1
 fake.rf 1440.00000000 50000.21754444881402790 1.00000 7 
 fake.rf 1440.00000000 50010.22739050278778805 1.00000 7 
 fake.rf 1440.00000000 50020.16769314489190990 1.00000 7 
 fake.rf 1440.00000000 50030.13911041954146341 1.00000 7 
 fake.rf 1440.00000000 50040.10237213935913303 1.00000 7 
 fake.rf 1440.00000000 50050.13457581525054962 1.00000 7 
 fake.rf 1440.00000000 50060.09579886330875453 1.00000 7 
 fake.rf 1440.00000000 50070.03241062054932797 1.00000 7 
 fake.rf 1440.00000000 50080.04597752845318226 1.00000 7 
 fake.rf 1440.00000000 50089.99565692948064566 1.00000 7 
 fake.rf 1440.00000000 50099.97473367061932237 1.00000 7 
 fake.rf 1440.00000000 50109.93480650760845663 1.00000 7 
 fake.rf 1440.00000000 50119.92950939045994829 1.00000 7 
 fake.rf 1440.00000000 50129.88982036179092461 1.00000 7 
 fake.rf 1440.00000000 50139.82594695466147883 1.00000 7 
 fake.rf 1440.00000000 50149.80164549553577302 1.00000 7 
 fake.rf 1440.00000000 50159.79771479588486116 1.00000 7 
 fake.rf 1440.00000000 50169.76361168213898623 1.00000 7 
 fake.rf 1440.00000000 50179.78428187952707873 1.00000 7 
 fake.rf 1440.00000000 50189.71819701674865399 1.00000 7 
 fake.rf 1440.00000000 50199.74011504288588625 1.00000 7 
 fake.rf 1440.00000000 50209.69392852845390252 1.00000 7 
 fake.rf 1440.00000000 50219.67542879505177567 1.00000 7 
 fake.rf 1440.00000000 50229.59254569941937163 1.00000 7 
 fake.rf 1440.00000000 50239.61919950682075608 1.00000 7 
 fake.rf 1440.00000000 50249.57153971715838381 1.00000 7 
 fake.rf 1440.00000000 50259.56683157072355428 1.00000 7 
 fake.rf 1440.00000000 50269.54127570319106511 1.00000 7 
 fake.rf 1440.00000000 50279.43979506143825020 1.00000 7 
 fake.rf 1440.00000000 50289.47754634117525896 1.00000 7 
 fake.rf 1440.00000000 50299.42568572670596438 1.00000 7 
 fake.rf 1440.00000000 50309.37119972962233305 1.00000 7 
 fake.rf 1440.00000000 50319.36276810907279256 1.00000 7 
 fake.rf 1440.00000000 50329.36184780436145303 1.00000 7 
 fake.rf 1440.00000000 50339.30608340519615140 1.00000 7 
 fake.rf 1440.00000000 50349.28821783298168668 1.00000 7 
 fake.rf 1440.00000000 50359.26347216792234107 1.00000 7 
 fake.rf 1440.00000000 50369.19623517716302885 1.00000 7 
 fake.rf 1440.00000000 50379.22561902021526592 1.00000 7 
 fake.rf 1440.00000000 50389.15841127928399246 1.00000 7 
 fake.rf 1440.00000000 50399.15149134455109348 1.00000 7 
 fake.rf 1440.00000000 50409.10392293530242469 1.00000 7 
 fake.rf 1440.00000000 50419.10742570223467851 1.00000 7 
 fake.rf 1440.00000000 50429.03917964247643368 1.00000 7 
 fake.rf 1440.00000000 50439.06255987132038499 1.00000 7 
 fake.rf 1440.00000000 50449.02949356126269720 1.00000 7 
 fake.rf 1440.00000000 50458.96425038356844084 1.00000 7 
 fake.rf 1440.00000000 50468.92767090395399521 1.00000 7 
 fake.rf 1440.00000000 50478.97113914629813181 1.00000 7 
 fake.rf 1440.00000000 50488.87053718585414330 1.00000 7 
 fake.rf 1440.00000000 50498.87851048804799703 1.00000 7 
 fake.rf 1440.00000000 50508.88786776946968260 1.00000 7 
 fake.rf 1440.00000000 50518.85171694543387133 1.00000 7 
 fake.rf 1440.00000000 50528.78516151861990835 1.00000 7 
 fake.rf 1440.00000000 50538.73894003520426921 1.00000 7 
 fake.rf 1440.00000000 50548.75674734897320306 1.00000 7 
 fake.rf 1440.00000000 50558.75316982681535194 1.00000 7 
 fake.rf 1440.00000000 50568.72954452381828716 1.00000 7 
 fake.rf 1440.00000000 50578.66576696718305328 1.00000 7 
 fake.rf 1440.00000000 50588.67134643544997630 1.00000 7 
 fake.rf 1440.00000000 50598.62944343547331627 1.00000 7 
 fake.rf 1440.00000000 50608.54110959126270686 1.00000 7 
 fake.rf 1440.00000000 50618.51950742793757243 1.00000 7 
 fake.rf 1440.00000000 50628.49647711266044325 1.00000 7 
 fake.rf 1440.00000000 50638.51786061731494115 1.00000 7 
 fake.rf 1440.00000000 50648.46779839337052209 1.00000 7 
 fake.rf 1440.00000000 50658.45420684417419821 1.00000 7 
 fake.rf 1440.00000000 50668.39481570896036189 1.00000 7 
 fake.rf 1440.00000000 50678.38815414219948607 1.00000 7 
 fake.rf 1440.00000000 50688.34791746497870335 1.00000 7 
 fake.rf 1440.00000000 50698.33195621903144357 1.00000 7 
 fake.rf 1440.00000000 50708.34567908329542263 1.00000 7 
 fake.rf 1440.00000000 50718.28517829519602600 1.00000 7 
 fake.rf 1440.00000000 50728.21669084837987285 1.00000 7 
 fake.rf 1440.00000000 50738.18947195561873187 1.00000 7 
 fake.rf 1440.00000000 50748.17965572791348805 1.00000 7 
 fake.rf 1440.00000000 50758.18873965576312557 1.00000 7 
 fake.rf 1440.00000000 50768.12358190490813215 1.00000 7 
 fake.rf 1440.00000000 50778.10449054028412164 1.00000 7 
 fake.rf 1440.00000000 50788.10101371171224116 1.00000 7 
 fake.rf 1440.00000000 50798.04589165462036604 1.00000 7 
 fake.rf 1440.00000000 50808.06207792200295614 1.00000 7 
 fake.rf 1440.00000000 50818.01192940199307913 1.00000 7 
 fake.rf 1440.00000000 50827.94796084032957495 1.00000 7 
 fake.rf 1440.00000000 50837.92489601347381623 1.00000 7 
 fake.rf 1440.00000000 50847.93916366468752699 1.00000 7 
 fake.rf 1440.00000000 50857.92030675749487045 1.00000 7 
 fake.rf 1440.00000000 50867.83763540834276284 1.00000 7 
 fake.rf 1440.00000000 50877.85558207831484623 1.00000 7 
 fake.rf 1440.00000000 50887.80025193225006674 1.00000 7 
 fake.rf 1440.00000000 50897.75046442008446235 1.00000 7 
 fake.rf 1440.00000000 50907.75381241695239609 1.00000 7 
 fake.rf 1440.00000000 50917.72078608547951717 1.00000 7 
 fake.rf 1440.00000000 50927.67670074369971900 1.00000 7 
 fake.rf 1440.00000000 50937.68432278287546211 1.00000 7 
 fake.rf 1440.00000000 50947.61665095466352682 1.00000 7 
 fake.rf 1440.00000000 50957.63314103597990723 1.00000 7 
 fake.rf 1440.00000000 50967.57114251917750636 1.00000 7 
 fake.rf 1440.00000000 50977.55471723365422321 1.00000 7 
 fake.rf 1440.00000000 50987.50851678078154805 1.00000 7 
 fake.rf 1440.00000000 50997.51691921920417272 1.00000 7 
 fake.rf 1440.00000000 51007.51183701549020810 1.00000 7 
 fake.rf 1440.00000000 51017.42333040722280657 1.00000 7 
 fake.rf 1440.00000000 51027.39853641355785285 1.00000 7 
 fake.rf 1440.00000000 51037.43560444213652261 1.00000 7 
 fake.rf 1440.00000000 51047.34718326605665695 1.00000 7 
 fake.rf 1440.00000000 51057.33987739860254962 1.00000 7 
 fake.rf 1440.00000000 51067.33000031593082468 1.00000 7 
 fake.rf 1440.00000000 51077.28705905603621318 1.00000 7 
 fake.rf 1440.00000000 51087.28796615404165493 1.00000 7 
 fake.rf 1440.00000000 51097.21858325752748797 1.00000 7 
 fake.rf 1440.00000000 51107.23115762171190113 1.00000 7 
 fake.rf 1440.00000000 51117.19222198238347588 1.00000 7 
 fake.rf 1440.00000000 51127.18332822548332217 1.00000 7 
 fake.rf 1440.00000000 51137.15923833356600881 1.00000 7 
 fake.rf 1440.00000000 51147.12454220568379171 1.00000 7 
 fake.rf 1440.00000000 51157.07388711149280880 1.00000 7 
 fake.rf 1440.00000000 51167.05824465963224057 1.00000 7 
 fake.rf 1440.00000000 51177.05151483968094439 1.00000 7 
 fake.rf 1440.00000000 51186.96277745126082692 1.00000 7 
 fake.rf 1440.00000000 51197.00244251665407091 1.00000 7 
 fake.rf 1440.00000000 51206.97322949013849680 1.00000 7 
 fake.rf 1440.00000000 51216.91514442526595019 1.00000 7 
 fake.rf 1440.00000000 51226.86575415645201659 1.00000 7 
 fake.rf 1440.00000000 51236.81976012586520497 1.00000 7 
 fake.rf 1440.00000000 51246.79660142906945097 1.00000 7 
 fake.rf 1440.00000000 51256.79017702400021861 1.00000 7 
 fake.rf 1440.00000000 51266.78797740775625869 1.00000 7 
 fake.rf 1440.00000000 51276.73012453725200288 1.00000 7 
 fake.rf 1440.00000000 51286.73457915308964772 1.00000 7 
 fake.rf 1440.00000000 51296.71348339611461853 1.00000 7 
 fake.rf 1440.00000000 51306.69133731061157988 1.00000 7 
 fake.rf 1440.00000000 51316.63468073455991458 1.00000 7 
 fake.rf 1440.00000000 51326.63571604212261690 1.00000 7 
 fake.rf 1440.00000000 51336.61608030053319141 1.00000 7 
 fake.rf 1440.00000000 51346.54046273430237335 1.00000 7 
 fake.rf 1440.00000000 51356.56371452987779946 1.00000 7 
 fake.rf 1440.00000000 51366.48074390888063334 1.00000 7 
 fake.rf 1440.00000000 51376.50588694506883414 1.00000 7 
 fake.rf 1440.00000000 51386.43016848936117569 1.00000 7 
 fake.rf 1440.00000000 51396.45874263637891488 1.00000 7 
 fake.rf 1440.00000000 51406.35847377730781460 1.00000 7 
 fake.rf 1440.00000000 51416.40596732363280097 1.00000 7 
 fake.rf 1440.00000000 51426.33957683940197825 1.00000 7 
 fake.rf 1440.00000000 51436.34105188060255287 1.00000 7 
 fake.rf 1440.00000000 51446.30842657982535115 1.00000 7 
 fake.rf 1440.00000000 51456.23464426661252702 1.00000 7 
 fake.rf 1440.00000000 51466.21276857988793196 1.00000 7 
 fake.rf 1440.00000000 51476.19180513170706348 1.00000 7 
 fake.rf 1440.00000000 51486.13859733946513231 1.00000 7 
 fake.rf 1440.00000000 51496.13862190234957694 1.00000 7 
 fake.rf 1440.00000000 51506.10129453698504420 1.00000 7 
 fake.rf 1440.00000000 51516.12951140902464076 1.00000 7 
 fake.rf 1440.00000000 51526.09875525396332918 1.00000 7 
 fake.rf 1440.00000000 51536.03934195058556966 1.00000 7 
 fake.rf 1440.00000000 51546.04886908738387774 1.00000 7 
 fake.rf 1440.00000000 51556.02225858323074092 1.00000 7 
 fake.rf 1440.00000000 51565.98372517744094878 1.00000 7 
 fake.rf 1440.00000000 51575.93502372379633059 1.00000 7 
 fake.rf 1440.00000000 51585.87786466816207209 1.00000 7 
 fake.rf 1440.00000000 51595.87109022322679408 1.00000 7 
 fake.rf 1440.00000000 51605.82859736276646601 1.00000 7 
 fake.rf 1440.00000000 51615.85992987579719937 1.00000 7 
 fake.rf 1440.00000000 51625.82380317423782046 1.00000 7 
 fake.rf 1440.00000000 51635.72631663699387161 1.00000 7 
 fake.rf 1440.00000000 51645.76531772905916640 1.00000 7 
 fake.rf 1440.00000000 51655.68087780154898425 1.00000 7 
 fake.rf 1440.00000000 51665.71728072476939175 1.00000 7 
 fake.rf 1440.00000000 51675.61728219120684713 1.00000 7 
 fake.rf 1440.00000000 51685.66862298624400296 1.00000 7 
 fake.rf 1440.00000000 51695.57327845665746224 1.00000 7 
 fake.rf 1440.00000000 51705.61249170603426251 1.00000 7 
 fake.rf 1440.00000000 51715.59086798561695275 1.00000 7 
 fake.rf 1440.00000000 51725.48698801271252634 1.00000 7 
 fake.rf 1440.00000000 51735.48711510381298950 1.00000 7 
 fake.rf 1440.00000000 51745.49427074231973833 1.00000 7 
 fake.rf 1440.00000000 51755.46840315564987023 1.00000 7 
 fake.rf 1440.00000000 51765.42205226518851902 1.00000 7 
 fake.rf 1440.00000000 51775.35130321319276092 1.00000 7 
 fake.rf 1440.00000000 51785.33177652988743134 1.00000 7 
 fake.rf 1440.00000000 51795.34285551076302312 1.00000 7 
 fake.rf 1440.00000000 51805.29943536927090975 1.00000 7 
 fake.rf 1440.00000000 51815.26988560119707117 1.00000 7 
 fake.rf 1440.00000000 51825.25315246497899224 1.00000 7 
 fake.rf 1440.00000000 51835.20628049722794017 1.00000 7 
 fake.rf 1440.00000000 51845.22795511209001162 1.00000 7 
 fake.rf 1440.00000000 51855.16472011757519667 1.00000 7 
 fake.rf 1440.00000000 51865.11854195978869697 1.00000 7 
 fake.rf 1440.00000000 51875.12898751336442160 1.00000 7 
 fake.rf 1440.00000000 51885.04435541178182945 1.00000 7 
 fake.rf 1440.00000000 51895.05165584533625989 1.00000 7 
 fake.rf 1440.00000000 51904.99929795773498142 1.00000 7 
 fake.rf 1440.00000000 51914.98281067421675061 1.00000 7 
 fake.rf 1440.00000000 51924.96541463014678186 1.00000 7 
 fake.rf 1440.00000000 51934.98756769490960750 1.00000 7 
 fake.rf 1440.00000000 51944.90089819841305996 1.00000 7 
 fake.rf 1440.00000000 51954.86647422299366639 1.00000 7 
 fake.rf 1440.00000000 51964.83149173580147107 1.00000 7 
 fake.rf 1440.00000000 51974.80852951496879655 1.00000 7 
 fake.rf 1440.00000000 51984.78474466646521179 1.00000 7 
 fake.rf 1440.00000000 51994.74507394606727928 1.00000 7 
 fake.rf 1440.00000000 52004.73740485274316114 1.00000 7 
 fake.rf 1440.00000000 52014.69680425113651623 1.00000 7 
 fake.rf 1440.00000000 52024.66281412905648907 1.00000 7 
 fake.rf 1440.00000000 52034.66190274902376700 1.00000 7 
 fake.rf 1440.00000000 52044.64873357568496459 1.00000 7 
 fake.rf 1440.00000000 52054.64920343614272014 1.00000 7 
 fake.rf 1440.00000000 52064.56639546486843528 1.00000 7 
 fake.rf 1440.00000000 52074.53417972515430279 1.00000 7 
 fake.rf 1440.00000000 52084.57453822547651612 1.00000 7 
 fake.rf 1440.00000000 52094.49950785396950792 1.00000 7 
 fake.rf 1440.00000000 52104.50567544593248925 1.00000 7 
 fake.rf 1440.00000000 52114.44658481817768347 1.00000 7 
 fake.rf 1440.00000000 52124.45264236047779605 1.00000 7 
 fake.rf 1440.00000000 52134.38604778593309774 1.00000 7 
 fake.rf 1440.00000000 52144.39072284817654790 1.00000 7 
 fake.rf 1440.00000000 52154.36242603870708834 1.00000 7 
 fake.rf 1440.00000000 52164.34323410912665153 1.00000 7 
 fake.rf 1440.00000000 52174.32903535834123687 1.00000 7 
 fake.rf 1440.00000000 52184.25515509485743948 1.00000 7 
 fake.rf 1440.00000000 52194.26196875680248155 1.00000 7 
 fake.rf 1440.00000000 52204.19904145350644598 1.00000 7 
 fake.rf 1440.00000000 52214.18344095897539248 1.00000 7 
 fake.rf 1440.00000000 52224.11773832074151258 1.00000 7 
 fake.rf 1440.00000000 52234.14805262755716697 1.00000 7 
 fake.rf 1440.00000000 52244.09857621714255771 1.00000 7 
 fake.rf 1440.00000000 52254.05684172394993325 1.00000 7 
 fake.rf 1440.00000000 52264.08003640953127800 1.00000 7 
 fake.rf 1440.00000000 52274.02288182149148810 1.00000 7 
 fake.rf 1440.00000000 52283.98548945983164771 1.00000 7 
 fake.rf 1440.00000000 52293.92887026377626114 1.00000 7 
 fake.rf 1440.00000000 52303.94268265926535122 1.00000 7 
 fake.rf 1440.00000000 52313.92492552105882808 1.00000 7 
 fake.rf 1440.00000000 52323.85501007854337985 1.00000 7 
 fake.rf 1440.00000000 52333.86213666956183843 1.00000 7 
 fake.rf 1440.00000000 52343.87077250644536619 1.00000 7 
 fake.rf 1440.00000000 52353.81499219752494767 1.00000 7 
 fake.rf 1440.00000000 52363.76655969091195075 1.00000 7 
 fake.rf 1440.00000000 52373.71969183888242938 1.00000 7 
 fake.rf 1440.00000000 52383.74233347962792706 1.00000 7 
 fake.rf 1440.00000000 52393.67823044232856589 1.00000 7 
 fake.rf 1440.00000000 52403.66696992791662524 1.00000 7 
 fake.rf 1440.00000000 52413.63975013257094915 1.00000 7 
 fake.rf 1440.00000000 52423.62719414752016434 1.00000 7 
 fake.rf 1440.00000000 52433.56596219281782467 1.00000 7 
 fake.rf 1440.00000000 52443.58278546433319534 1.00000 7 
 fake.rf 1440.00000000 52453.51887555358775828 1.00000 7 
 fake.rf 1440.00000000 52463.53998443169961519 1.00000 7 
 fake.rf 1440.00000000 52473.48158682122788221 1.00000 7 
 fake.rf 1440.00000000 52483.43078248148514575 1.00000 7 
 fake.rf 1440.00000000 52493.40531541438629048 1.00000 7 
 fake.rf 1440.00000000 52503.38103577458431559 1.00000 7 
 fake.rf 1440.00000000 52513.37794180816178979 1.00000 7 
 fake.rf 1440.00000000 52523.36417858417126681 1.00000 7 
 fake.rf 1440.00000000 52533.30150064221792050 1.00000 7 
 fake.rf 1440.00000000 52543.27269195425847315 1.00000 7 
 fake.rf 1440.00000000 52553.23675666663213235 1.00000 7 
 fake.rf 1440.00000000 52563.24298192385103334 1.00000 7 
 fake.rf 1440.00000000 52573.18133892767560411 1.00000 7 
 fake.rf 1440.00000000 52583.19888672823492826 1.00000 7 
 fake.rf 1440.00000000 52593.11169060188230162 1.00000 7 
 fake.rf 1440.00000000 52603.10406607301216297 1.00000 7 
 fake.rf 1440.00000000 52613.07939726076336839 1.00000 7 
 fake.rf 1440.00000000 52623.08508167063879313 1.00000 7 
 fake.rf 1440.00000000 52633.03484603021594523 1.00000 7 
 fake.rf 1440.00000000 52643.04460813927021690 1.00000 7 
 fake.rf 1440.00000000 52653.00289937880545565 1.00000 7 
 fake.rf 1440.00000000 52662.92418780705033399 1.00000 7 
 fake.rf 1440.00000000 52672.91282169853427320 1.00000 7 
 fake.rf 1440.00000000 52682.93488277059467606 1.00000 7 
 fake.rf 1440.00000000 52692.90611714940077093 1.00000 7 
 fake.rf 1440.00000000 52702.85795237806445357 1.00000 7 
 fake.rf 1440.00000000 52712.81272390160174268 1.00000 7 
 fake.rf 1440.00000000 52722.78404284703904281 1.00000 7 
 fake.rf 1440.00000000 52732.75062639586784385 1.00000 7 
 fake.rf 1440.00000000 52742.75480363728311417 1.00000 7 
 fake.rf 1440.00000000 52752.68691684132025088 1.00000 7 
 fake.rf 1440.00000000 52762.70022817715281249 1.00000 7 
 fake.rf 1440.00000000 52772.66948528544693886 1.00000 7 
 fake.rf 1440.00000000 52782.65383853116917123 1.00000 7 
 fake.rf 1440.00000000 52792.56031650943821276 1.00000 7 
 fake.rf 1440.00000000 52802.61474424200801892 1.00000 7 
 fake.rf 1440.00000000 52812.51878887308435395 1.00000 7 
 fake.rf 1440.00000000 52822.53281054034758313 1.00000 7 
 fake.rf 1440.00000000 52832.51744602426978403 1.00000 7 
 fake.rf 1440.00000000 52842.46945037916647436 1.00000 7 
 fake.rf 1440.00000000 52852.39863436855797474 1.00000 7 
 fake.rf 1440.00000000 52862.37463893483171518 1.00000 7 
 fake.rf 1440.00000000 52872.36017284645095415 1.00000 7 
 fake.rf 1440.00000000 52882.33835151228160143 1.00000 7 
 fake.rf 1440.00000000 52892.35920820524083652 1.00000 7 
 fake.rf 1440.00000000 52902.28485031885747247 1.00000 7 
 fake.rf 1440.00000000 52912.28270880630047301 1.00000 7 
 fake.rf 1440.00000000 52922.22286766631905408 1.00000 7 
 fake.rf 1440.00000000 52932.18149853008270611 1.00000 7 
 fake.rf 1440.00000000 52942.15642570831872149 1.00000 7 
 fake.rf 1440.00000000 52952.13365103011100743 1.00000 7 
 fake.rf 1440.00000000 52962.16121076386687960 1.00000 7 
 fake.rf 1440.00000000 52972.08473073004585530 1.00000 7 
 fake.rf 1440.00000000 52982.07789427529341353 1.00000 7 
 fake.rf 1440.00000000 52992.07148608633698572 1.00000 7 
 fake.rf 1440.00000000 53001.99354475798327968 1.00000 7 
 fake.rf 1440.00000000 53011.96584787937982952 1.00000 7 
 fake.rf 1440.00000000 53021.94151555175939805 1.00000 7 
 fake.rf 1440.00000000 53031.94553079705876186 1.00000 7 
 fake.rf 1440.00000000 53041.91172181665378815 1.00000 7 
 fake.rf 1440.00000000 53051.91887106431761723 1.00000 7 
 fake.rf 1440.00000000 53061.88230385314363602 1.00000 7 
 fake.rf 1440.00000000 53071.80577721478020337 1.00000 7 
 fake.rf 1440.00000000 53081.80948787808449296 1.00000 7 
 fake.rf 1440.00000000 53091.78457826841812306 1.00000 7 
 fake.rf 1440.00000000 53101.72516729043666572 1.00000 7 
 fake.rf 1440.00000000 53111.72727668923802469 1.00000 7 
 fake.rf 1440.00000000 53121.71704934113941121 1.00000 7 
 fake.rf 1440.00000000 53131.69896435778175459 1.00000 7 
 fake.rf 1440.00000000 53141.62968024950449220 1.00000 7 
 fake.rf 1440.00000000 53151.59876161741920697 1.00000 7 
 fake.rf 1440.00000000 53161.62049828830031473 1.00000 7 
 fake.rf 1440.00000000 53171.55452305886407416 1.00000 7 
 fake.rf 1440.00000000 53181.53644266357202497 1.00000 7 
 fake.rf 1440.00000000 53191.48032900114976229 1.00000 7 
 fake.rf 1440.00000000 53201.46251478411701541 1.00000 7 
 fake.rf 1440.00000000 53211.48071415633173586 1.00000 7 
 fake.rf 1440.00000000 53221.44976333124617440 1.00000 7 
 fake.rf 1440.00000000 53231.39941235193298397 1.00000 7 
 fake.rf 1440.00000000 53241.40354689842789426 1.00000 7 
 fake.rf 1440.00000000 53251.37482758383418258 1.00000 7 
 fake.rf 1440.00000000 53261.32900625145667561 1.00000 7 
 fake.rf 1440.00000000 53271.30467153463327534 1.00000 7 
 fake.rf 1440.00000000 53281.22677651403706278 1.00000 7 
 fake.rf 1440.00000000 53291.20142307617872390 1.00000 7 
 fake.rf 1440.00000000 53301.19798452053223770 1.00000 7 
 fake.rf 1440.00000000 53311.15278582825046172 1.00000 7 
 fake.rf 1440.00000000 53321.12703983309133449 1.00000 7 
 fake.rf 1440.00000000 53331.12657325730300784 1.00000 7 
 fake.rf 1440.00000000 53341.11269415027786067 1.00000 7 
 fake.rf 1440.00000000 53351.08044354649832997 1.00000 7 
 fake.rf 1440.00000000 53361.03109720309567265 1.00000 7 
 fake.rf 1440.00000000 53371.00795521642637453 1.00000 7 
 fake.rf 1440.00000000 53381.00981561273790987 1.00000 7 
 fake.rf 1440.00000000 53390.99148430978523194 1.00000 7 
 fake.rf 1440.00000000 53400.97073705419624190 1.00000 7 
 fake.rf 1440.00000000 53410.94049076091270578 1.00000 7 
 fake.rf 1440.00000000 53420.86823986083238225 1.00000 7 
 fake.rf 1440.00000000 53430.86456960607310052 1.00000 7 
 fake.rf 1440.00000000 53440.84354267859207965 1.00000 7 
 fake.rf 1440.00000000 53450.81264530657723810 1.00000 7 
 fake.rf 1440.00000000 53460.80536074168839278 1.00000 7 
 fake.rf 1440.00000000 53470.75004149950239452 1.00000 7 
 fake.rf 1440.00000000 53480.68047323026154061 1.00000 7 
 fake.rf 1440.00000000 53490.68241261906955231 1.00000 7 
 fake.rf 1440.00000000 53500.68161735853139760 1.00000 7 
 fake.rf 1440.00000000 53510.62153925677221267 1.00000 7 
 fake.rf 1440.00000000 53520.58564898022578049 1.00000 7 
 fake.rf 1440.00000000 53530.58120722793475110 1.00000 7 
 fake.rf 1440.00000000 53540.58141578117931303 1.00000 7 
 fake.rf 1440.00000000 53550.49363108007339918 1.00000 7 
 fake.rf 1440.00000000 53560.48777436054707835 1.00000 7 
 fake.rf 1440.00000000 53570.46946589594723420 1.00000 7 
 fake.rf 1440.00000000 53580.46798416771932239 1.00000 7 
 fake.rf 1440.00000000 53590.41153673616200237 1.00000 7 
 fake.rf 1440.00000000 53600.39517917204090480 1.00000 7 
 fake.rf 1440.00000000 53610.33422988354957894 1.00000 7 
 fake.rf 1440.00000000 53620.34322142859134885 1.00000 7 
 fake.rf 1440.00000000 53630.32842220559498259 1.00000 7 
 fake.rf 1440.00000000 53640.29431067779666265 1.00000 7 
 fake.rf 1440.00000000 53650.23339412794147307 1.00000 7 
 fake.rf 1440.00000000 53660.21364862324966793 1.00000 7 
