FORMAT 1
 fake.rf 1440.00000000 50000.21397580541290040 1.00000 7 
 fake.rf 1440.00000000 50010.22382187980782930 1.00000 7 
 fake.rf 1440.00000000 50020.16412450572195070 1.00000 7 
 fake.rf 1440.00000000 50030.13554176886379565 1.00000 7 
 fake.rf 1440.00000000 50040.09880348898899527 1.00000 7 
 fake.rf 1440.00000000 50050.13100718417035040 1.00000 7 
 fake.rf 1440.00000000 50060.09223019937627797 1.00000 7 
 fake.rf 1440.00000000 50070.02884198987170095 1.00000 7 
 fake.rf 1440.00000000 50080.04240890486647331 1.00000 7 
 fake.rf 1440.00000000 50089.99208826807187478 1.00000 7 
 fake.rf 1440.00000000 50099.97116504786086821 1.00000 7 
 fake.rf 1440.00000000 50109.93123787333101404 1.00000 7 
 fake.rf 1440.00000000 50119.92594075741126147 1.00000 7 
 fake.rf 1440.00000000 50129.88625172289995646 1.00000 7 
 fake.rf 1440.00000000 50139.82237830045758997 1.00000 7 
 fake.rf 1440.00000000 50149.79807684365659881 1.00000 7 
 fake.rf 1440.00000000 50159.79414612956938768 1.00000 7 
 fake.rf 1440.00000000 50169.76004303686177366 1.00000 7 
 fake.rf 1440.00000000 50179.78071323402512149 1.00000 7 
 fake.rf 1440.00000000 50189.71462836799615914 1.00000 7 
 fake.rf 1440.00000000 50199.73654640797104420 1.00000 7 
 fake.rf 1440.00000000 50209.69035987705580837 1.00000 7 
 fake.rf 1440.00000000 50219.67186017069047210 1.00000 7 
 fake.rf 1440.00000000 50229.58897705439296644 1.00000 7 
 fake.rf 1440.00000000 50239.61563085526083583 1.00000 7 
 fake.rf 1440.00000000 50249.56797109280230984 1.00000 7 
 fake.rf 1440.00000000 50259.56326292574724945 1.00000 7 
 fake.rf 1440.00000000 50269.53770703807635201 1.00000 7 
 fake.rf 1440.00000000 50279.43622639350470749 1.00000 7 
 fake.rf 1440.00000000 50289.47397769158607161 1.00000 7 
 fake.rf 1440.00000000 50299.42211710785306877 1.00000 7 
 fake.rf 1440.00000000 50309.36763108348440099 1.00000 7 
 fake.rf 1440.00000000 50319.35919945437217393 1.00000 7 
 fake.rf 1440.00000000 50329.35827914268100614 1.00000 7 
 fake.rf 1440.00000000 50339.30251475803940409 1.00000 7 
 fake.rf 1440.00000000 50349.28464918896402125 1.00000 7 
 fake.rf 1440.00000000 50359.25990354413776728 1.00000 7 
 fake.rf 1440.00000000 50369.19266652911698756 1.00000 7 
 fake.rf 1440.00000000 50379.22205038857934412 1.00000 7 
 fake.rf 1440.00000000 50389.15484265240092299 1.00000 7 
 fake.rf 1440.00000000 50399.14792268147670740 1.00000 7 
 fake.rf 1440.00000000 50409.10035428498532539 1.00000 7 
 fake.rf 1440.00000000 50419.10385708952047068 1.00000 7 
 fake.rf 1440.00000000 50429.03561100282266594 1.00000 7 
 fake.rf 1440.00000000 50439.05899121990736234 1.00000 7 
 fake.rf 1440.00000000 50449.02592491167725441 1.00000 7 
 fake.rf 1440.00000000 50458.96068176749439615 1.00000 7 
 fake.rf 1440.00000000 50468.92410224594531343 1.00000 7 
 fake.rf 1440.00000000 50478.96757050811943657 1.00000 7 
 fake.rf 1440.00000000 50488.86696851364848371 1.00000 7 
 fake.rf 1440.00000000 50498.87494183114122848 1.00000 7 
 fake.rf 1440.00000000 50508.88429912665723620 1.00000 7 
 fake.rf 1440.00000000 50518.84814829573586437 1.00000 7 
 fake.rf 1440.00000000 50528.78159286698723207 1.00000 7 
 fake.rf 1440.00000000 50538.73537142693077939 1.00000 7 
 fake.rf 1440.00000000 50548.75317871382127777 1.00000 7 
 fake.rf 1440.00000000 50558.74960118134450937 1.00000 7 
 fake.rf 1440.00000000 50568.72597587209486747 1.00000 7 
 fake.rf 1440.00000000 50578.66219829258195517 1.00000 7 
 fake.rf 1440.00000000 50588.66777782401518593 1.00000 7 
 fake.rf 1440.00000000 50598.62587481113112631 1.00000 7 
 fake.rf 1440.00000000 50608.53754093770948685 1.00000 7 
 fake.rf 1440.00000000 50618.51593877144670230 1.00000 7 
 fake.rf 1440.00000000 50628.49290849054054320 1.00000 7 
 fake.rf 1440.00000000 50638.51429198646921392 1.00000 7 
 fake.rf 1440.00000000 50648.46422977190051284 1.00000 7 
 fake.rf 1440.00000000 50658.45063821325803133 1.00000 7 
 fake.rf 1440.00000000 50668.39124704628601847 1.00000 7 
 fake.rf 1440.00000000 50678.38458549011752652 1.00000 7 
 fake.rf 1440.00000000 50688.34434880858499994 1.00000 7 
 fake.rf 1440.00000000 50698.32838756496559540 1.00000 7 
 fake.rf 1440.00000000 50708.34211041143809950 1.00000 7 
 fake.rf 1440.00000000 50718.28160967450491015 1.00000 7 
 fake.rf 1440.00000000 50728.21312222379489043 1.00000 7 
 fake.rf 1440.00000000 50738.18590328953519730 1.00000 7 
 fake.rf 1440.00000000 50748.17608711640542651 1.00000 7 
 fake.rf 1440.00000000 50758.18517098640439045 1.00000 7 
 fake.rf 1440.00000000 50768.12001328534885047 1.00000 7 
 fake.rf 1440.00000000 50778.10092188242992606 1.00000 7 
 fake.rf 1440.00000000 50788.09744506141477771 1.00000 7 
 fake.rf 1440.00000000 50798.04232300489934104 1.00000 7 
 fake.rf 1440.00000000 50808.05850926841104709 1.00000 7 
 fake.rf 1440.00000000 50818.00836074592216463 1.00000 7 
 fake.rf 1440.00000000 50827.94439219027714216 1.00000 7 
 fake.rf 1440.00000000 50837.92132735595318493 1.00000 7 
 fake.rf 1440.00000000 50847.93559503859448157 1.00000 7 
 fake.rf 1440.00000000 50857.91673812945609967 1.00000 7 
 fake.rf 1440.00000000 50867.83406674302365502 1.00000 7 
 fake.rf 1440.00000000 50877.85201344113042410 1.00000 7 
 fake.rf 1440.00000000 50887.79668330504559037 1.00000 7 
 fake.rf 1440.00000000 50897.74689577492071635 1.00000 7 
 fake.rf 1440.00000000 50907.75024379070614700 1.00000 7 
 fake.rf 1440.00000000 50917.71721744003425059 1.00000 7 
 fake.rf 1440.00000000 50927.67313208152717507 1.00000 7 
 fake.rf 1440.00000000 50937.68075415349768420 1.00000 7 
 fake.rf 1440.00000000 50947.61308228913272700 1.00000 7 
 fake.rf 1440.00000000 50957.62957238344504063 1.00000 7 
 fake.rf 1440.00000000 50967.56757388983337975 1.00000 7 
 fake.rf 1440.00000000 50977.55114859911231306 1.00000 7 
 fake.rf 1440.00000000 50987.50494813592764132 1.00000 7 
 fake.rf 1440.00000000 50997.51335058633051389 1.00000 7 
 fake.rf 1440.00000000 51007.50826839233705456 1.00000 7 
 fake.rf 1440.00000000 51017.41976178161296573 1.00000 7 
 fake.rf 1440.00000000 51027.39496778783203368 1.00000 7 
 fake.rf 1440.00000000 51037.43203580123471852 1.00000 7 
 fake.rf 1440.00000000 51047.34361463412771087 1.00000 7 
 fake.rf 1440.00000000 51057.33630873611758716 1.00000 7 
 fake.rf 1440.00000000 51067.32643165692025278 1.00000 7 
 fake.rf 1440.00000000 51077.28349043177061617 1.00000 7 
 fake.rf 1440.00000000 51087.28439751328209439 1.00000 7 
 fake.rf 1440.00000000 51097.21501459771076981 1.00000 7 
 fake.rf 1440.00000000 51107.22758897928963862 1.00000 7 
 fake.rf 1440.00000000 51117.18865333794802552 1.00000 7 
 fake.rf 1440.00000000 51127.17975958702379558 1.00000 7 
 fake.rf 1440.00000000 51137.15566971899736259 1.00000 7 
 fake.rf 1440.00000000 51147.12097358729069185 1.00000 7 
 fake.rf 1440.00000000 51157.07031849694487491 1.00000 7 
 fake.rf 1440.00000000 51167.05467599888891428 1.00000 7 
 fake.rf 1440.00000000 51177.04794621280978006 1.00000 7 
 fake.rf 1440.00000000 51186.95920879040101070 1.00000 7 
 fake.rf 1440.00000000 51196.99887384525301215 1.00000 7 
 fake.rf 1440.00000000 51206.96966087224031483 1.00000 7 
 fake.rf 1440.00000000 51216.91157577524508326 1.00000 7 
 fake.rf 1440.00000000 51226.86218550579209108 1.00000 7 
 fake.rf 1440.00000000 51236.81619151394642131 1.00000 7 
 fake.rf 1440.00000000 51246.79303280768413487 1.00000 7 
 fake.rf 1440.00000000 51256.78660836732425565 1.00000 7 
 fake.rf 1440.00000000 51266.78440877012881671 1.00000 7 
 fake.rf 1440.00000000 51276.72655588463985410 1.00000 7 
 fake.rf 1440.00000000 51286.73101048830373472 1.00000 7 
 fake.rf 1440.00000000 51296.70991477006116455 1.00000 7 
 fake.rf 1440.00000000 51306.68776868524036416 1.00000 7 
 fake.rf 1440.00000000 51316.63111207679053649 1.00000 7 
 fake.rf 1440.00000000 51326.63214740174206341 1.00000 7 
 fake.rf 1440.00000000 51336.61251166442925964 1.00000 7 
 fake.rf 1440.00000000 51346.53689409116382336 1.00000 7 
 fake.rf 1440.00000000 51356.56014586892978002 1.00000 7 
 fake.rf 1440.00000000 51366.47717526450954040 1.00000 7 
 fake.rf 1440.00000000 51376.50231828644358600 1.00000 7 
 fake.rf 1440.00000000 51386.42659986511890224 1.00000 7 
 fake.rf 1440.00000000 51396.45517397025707496 1.00000 7 
 fake.rf 1440.00000000 51406.35490513428615955 1.00000 7 
 fake.rf 1440.00000000 51416.40239871167081986 1.00000 7 
 fake.rf 1440.00000000 51426.33600816826324120 1.00000 7 
 fake.rf 1440.00000000 51436.33748326126609740 1.00000 7 
 fake.rf 1440.00000000 51446.30485793006181794 1.00000 7 
 fake.rf 1440.00000000 51456.23107561529771914 1.00000 7 
 fake.rf 1440.00000000 51466.20919991385039438 1.00000 7 
 fake.rf 1440.00000000 51476.18823648140473992 1.00000 7 
 fake.rf 1440.00000000 51486.13502869342891088 1.00000 7 
 fake.rf 1440.00000000 51496.13505326164328579 1.00000 7 
 fake.rf 1440.00000000 51506.09772587347678652 1.00000 7 
 fake.rf 1440.00000000 51516.12594276854903796 1.00000 7 
 fake.rf 1440.00000000 51526.09518660176948046 1.00000 7 
 fake.rf 1440.00000000 51536.03577327232257943 1.00000 7 
 fake.rf 1440.00000000 51546.04530043798315475 1.00000 7 
 fake.rf 1440.00000000 51556.01868991958875199 1.00000 7 
 fake.rf 1440.00000000 51565.98015652298273892 1.00000 7 
 fake.rf 1440.00000000 51575.93145508242776387 1.00000 7 
 fake.rf 1440.00000000 51585.87429600430684928 1.00000 7 
 fake.rf 1440.00000000 51595.86752159956155950 1.00000 7 
 fake.rf 1440.00000000 51605.82502873170599500 1.00000 7 
 fake.rf 1440.00000000 51615.85636121543696575 1.00000 7 
 fake.rf 1440.00000000 51625.82023454337207014 1.00000 7 
 fake.rf 1440.00000000 51635.72274801366777197 1.00000 7 
 fake.rf 1440.00000000 51645.76174906577870161 1.00000 7 
 fake.rf 1440.00000000 51655.67730915415944182 1.00000 7 
 fake.rf 1440.00000000 51665.71371209743226771 1.00000 7 
 fake.rf 1440.00000000 51675.61371355310981812 1.00000 7 
 fake.rf 1440.00000000 51685.66505435616501885 1.00000 7 
 fake.rf 1440.00000000 51695.56970983025021837 1.00000 7 
 fake.rf 1440.00000000 51705.60892308857366828 1.00000 7 
 fake.rf 1440.00000000 51715.58729931200110030 1.00000 7 
 fake.rf 1440.00000000 51725.48341939780262777 1.00000 7 
 fake.rf 1440.00000000 51735.48354646285218195 1.00000 7 
 fake.rf 1440.00000000 51745.49070212388768653 1.00000 7 
 fake.rf 1440.00000000 51755.46483453084490733 1.00000 7 
 fake.rf 1440.00000000 51765.41848361006307044 1.00000 7 
 fake.rf 1440.00000000 51775.34773456799884883 1.00000 7 
 fake.rf 1440.00000000 51785.32820788550333546 1.00000 7 
 fake.rf 1440.00000000 51795.33928686991551160 1.00000 7 
 fake.rf 1440.00000000 51805.29586670122453995 1.00000 7 
 fake.rf 1440.00000000 51815.26631695185075799 1.00000 7 
 fake.rf 1440.00000000 51825.24958379592609603 1.00000 7 
 fake.rf 1440.00000000 51835.20271184536400355 1.00000 7 
 fake.rf 1440.00000000 51845.22438647765443065 1.00000 7 
 fake.rf 1440.00000000 51855.16115145373864337 1.00000 7 
 fake.rf 1440.00000000 51865.11497330314329446 1.00000 7 
 fake.rf 1440.00000000 51875.12541888040467697 1.00000 7 
 fake.rf 1440.00000000 51885.04078676423975125 1.00000 7 
 fake.rf 1440.00000000 51895.04808720255635990 1.00000 7 
 fake.rf 1440.00000000 51904.99572929805591670 1.00000 7 
 fake.rf 1440.00000000 51914.97924204674274407 1.00000 7 
 fake.rf 1440.00000000 51924.96184596931875177 1.00000 7 
 fake.rf 1440.00000000 51934.98399904450219822 1.00000 7 
 fake.rf 1440.00000000 51944.89732956050665891 1.00000 7 
 fake.rf 1440.00000000 51954.86290561576592140 1.00000 7 
 fake.rf 1440.00000000 51964.82792307278493382 1.00000 7 
 fake.rf 1440.00000000 51974.80496085789952332 1.00000 7 
 fake.rf 1440.00000000 51984.78117600225657924 1.00000 7 
 fake.rf 1440.00000000 51994.74150527385465992 1.00000 7 
 fake.rf 1440.00000000 52004.73383621265665155 1.00000 7 
 fake.rf 1440.00000000 52014.69323559152273617 1.00000 7 
 fake.rf 1440.00000000 52024.65924548306014685 1.00000 7 
 fake.rf 1440.00000000 52034.65833411421801102 1.00000 7 
 fake.rf 1440.00000000 52044.64516492062215391 1.00000 7 
 fake.rf 1440.00000000 52054.64563482572132713 1.00000 7 
 fake.rf 1440.00000000 52064.56282683385864729 1.00000 7 
 fake.rf 1440.00000000 52074.53061106035470118 1.00000 7 
 fake.rf 1440.00000000 52084.57096957023174610 1.00000 7 
 fake.rf 1440.00000000 52094.49593921744460800 1.00000 7 
 fake.rf 1440.00000000 52104.50210681580142946 1.00000 7 
 fake.rf 1440.00000000 52114.44301615527118798 1.00000 7 
 fake.rf 1440.00000000 52124.44907371756573511 1.00000 7 
 fake.rf 1440.00000000 52134.38247914467657296 1.00000 7 
 fake.rf 1440.00000000 52144.38715419793071248 1.00000 7 
 fake.rf 1440.00000000 52154.35885739567553188 1.00000 7 
 fake.rf 1440.00000000 52164.33966547009778836 1.00000 7 
 fake.rf 1440.00000000 52174.32546671518867143 1.00000 7 
 fake.rf 1440.00000000 52184.25158647126582423 1.00000 7 
 fake.rf 1440.00000000 52194.25840008861817410 1.00000 7 
 fake.rf 1440.00000000 52204.19547280527526212 1.00000 7 
 fake.rf 1440.00000000 52214.17987233067735175 1.00000 7 
 fake.rf 1440.00000000 52224.11416966341869639 1.00000 7 
 fake.rf 1440.00000000 52234.14448396795472007 1.00000 7 
 fake.rf 1440.00000000 52244.09500758606877824 1.00000 7 
 fake.rf 1440.00000000 52254.05327309251401857 1.00000 7 
 fake.rf 1440.00000000 52264.07646775945416806 1.00000 7 
 fake.rf 1440.00000000 52274.01931318364398038 1.00000 7 
 fake.rf 1440.00000000 52283.98192080220941946 1.00000 7 
 fake.rf 1440.00000000 52293.92530161741935757 1.00000 7 
 fake.rf 1440.00000000 52303.93911399924591166 1.00000 7 
 fake.rf 1440.00000000 52313.92135688135128646 1.00000 7 
 fake.rf 1440.00000000 52323.85144144025235846 1.00000 7 
 fake.rf 1440.00000000 52333.85856803431250839 1.00000 7 
 fake.rf 1440.00000000 52343.86720386448487119 1.00000 7 
 fake.rf 1440.00000000 52353.81142358292254357 1.00000 7 
 fake.rf 1440.00000000 52363.76299102347892855 1.00000 7 
 fake.rf 1440.00000000 52373.71612320986509559 1.00000 7 
 fake.rf 1440.00000000 52383.73876485473738285 1.00000 7 
 fake.rf 1440.00000000 52393.67466182788150064 1.00000 7 
 fake.rf 1440.00000000 52403.66340127999721332 1.00000 7 
 fake.rf 1440.00000000 52413.63618150288570874 1.00000 7 
 fake.rf 1440.00000000 52423.62362551932131893 1.00000 7 
 fake.rf 1440.00000000 52433.56239352331442660 1.00000 7 
 fake.rf 1440.00000000 52443.57921681893252952 1.00000 7 
 fake.rf 1440.00000000 52453.51530689473686309 1.00000 7 
 fake.rf 1440.00000000 52463.53641579718276944 1.00000 7 
 fake.rf 1440.00000000 52473.47801818863702294 1.00000 7 
 fake.rf 1440.00000000 52483.42721381330796859 1.00000 7 
 fake.rf 1440.00000000 52493.40174678828300259 1.00000 7 
 fake.rf 1440.00000000 52503.37746715144418275 1.00000 7 
 fake.rf 1440.00000000 52513.37437313689365226 1.00000 7 
 fake.rf 1440.00000000 52523.36060991665864606 1.00000 7 
 fake.rf 1440.00000000 52533.29793199813741467 1.00000 7 
 fake.rf 1440.00000000 52543.26912330044385158 1.00000 7 
 fake.rf 1440.00000000 52553.23318801271555145 1.00000 7 
 fake.rf 1440.00000000 52563.23941328063079581 1.00000 7 
 fake.rf 1440.00000000 52573.17777029474384420 1.00000 7 
 fake.rf 1440.00000000 52583.19531806671866647 1.00000 7 
 fake.rf 1440.00000000 52593.10812194723351354 1.00000 7 
 fake.rf 1440.00000000 52603.10049745269065369 1.00000 7 
 fake.rf 1440.00000000 52613.07582860227846311 1.00000 7 
 fake.rf 1440.00000000 52623.08151302145383355 1.00000 7 
 fake.rf 1440.00000000 52633.03127738233070332 1.00000 7 
 fake.rf 1440.00000000 52643.04103951306316134 1.00000 7 
 fake.rf 1440.00000000 52652.99933072453553251 1.00000 7 
 fake.rf 1440.00000000 52662.92061916201150495 1.00000 7 
 fake.rf 1440.00000000 52672.90925305829049918 1.00000 7 
 fake.rf 1440.00000000 52682.93131412350095033 1.00000 7 
 fake.rf 1440.00000000 52692.90254851283679827 1.00000 7 
 fake.rf 1440.00000000 52702.85438371973820537 1.00000 7 
 fake.rf 1440.00000000 52712.80915526276567462 1.00000 7 
 fake.rf 1440.00000000 52722.78047421417425156 1.00000 7 
 fake.rf 1440.00000000 52732.74705777441082333 1.00000 7 
 fake.rf 1440.00000000 52742.75123497606285028 1.00000 7 
 fake.rf 1440.00000000 52752.68334818582110657 1.00000 7 
 fake.rf 1440.00000000 52762.69665952848994550 1.00000 7 
 fake.rf 1440.00000000 52772.66591662919568506 1.00000 7 
 fake.rf 1440.00000000 52782.65026990861006340 1.00000 7 
 fake.rf 1440.00000000 52792.55674786753919747 1.00000 7 
 fake.rf 1440.00000000 52802.61117559304566527 1.00000 7 
 fake.rf 1440.00000000 52812.51522020204804875 1.00000 7 
 fake.rf 1440.00000000 52822.52924190946248117 1.00000 7 
 fake.rf 1440.00000000 52832.51387740819328442 1.00000 7 
 fake.rf 1440.00000000 52842.46588172696250041 1.00000 7 
 fake.rf 1440.00000000 52852.39506574114199111 1.00000 7 
 fake.rf 1440.00000000 52862.37107028919872675 1.00000 7 
 fake.rf 1440.00000000 52872.35660419716871772 1.00000 7 
 fake.rf 1440.00000000 52882.33478284942792058 1.00000 7 
 fake.rf 1440.00000000 52892.35563955022700355 1.00000 7 
 fake.rf 1440.00000000 52902.28128166854428827 1.00000 7 
 fake.rf 1440.00000000 52912.27914015987134277 1.00000 7 
 fake.rf 1440.00000000 52922.21929902160090364 1.00000 7 
 fake.rf 1440.00000000 52932.17792986559509671 1.00000 7 
 fake.rf 1440.00000000 52942.15285709208509246 1.00000 7 
 fake.rf 1440.00000000 52952.13008239919804865 1.00000 7 
 fake.rf 1440.00000000 52962.15764211496916758 1.00000 7 
 fake.rf 1440.00000000 52972.08116209584364142 1.00000 7 
 fake.rf 1440.00000000 52982.07432565831301829 1.00000 7 
 fake.rf 1440.00000000 52992.06791743121700833 1.00000 7 
 fake.rf 1440.00000000 53001.98997613220517522 1.00000 7 
 fake.rf 1440.00000000 53011.96227922429430990 1.00000 7 
 fake.rf 1440.00000000 53021.93794689850921742 1.00000 7 
 fake.rf 1440.00000000 53031.94196215022444818 1.00000 7 
 fake.rf 1440.00000000 53041.90815317210540769 1.00000 7 
 fake.rf 1440.00000000 53051.91530241332437612 1.00000 7 
 fake.rf 1440.00000000 53061.87873524023859773 1.00000 7 
 fake.rf 1440.00000000 53071.80220855055935658 1.00000 7 
 fake.rf 1440.00000000 53081.80591925180636537 1.00000 7 
 fake.rf 1440.00000000 53091.78100963295288750 1.00000 7 
 fake.rf 1440.00000000 53101.72159863081846609 1.00000 7 
 fake.rf 1440.00000000 53111.72370805139731331 1.00000 7 
 fake.rf 1440.00000000 53121.71348068997992087 1.00000 7 
 fake.rf 1440.00000000 53131.69539569371616849 1.00000 7 
 fake.rf 1440.00000000 53141.62611159926071025 1.00000 7 
 fake.rf 1440.00000000 53151.59519295260612282 1.00000 7 
 fake.rf 1440.00000000 53161.61692964335455258 1.00000 7 
 fake.rf 1440.00000000 53171.55095440284380359 1.00000 7 
 fake.rf 1440.00000000 53181.53287398699541910 1.00000 7 
 fake.rf 1440.00000000 53191.47676034061901618 1.00000 7 
 fake.rf 1440.00000000 53201.45894615510428594 1.00000 7 
 fake.rf 1440.00000000 53211.47714551584757459 1.00000 7 
 fake.rf 1440.00000000 53221.44619469473315476 1.00000 7 
 fake.rf 1440.00000000 53231.39584367810472543 1.00000 7 
 fake.rf 1440.00000000 53241.39997827143947973 1.00000 7 
 fake.rf 1440.00000000 53251.37125894224077882 1.00000 7 
 fake.rf 1440.00000000 53261.32543758132784362 1.00000 7 
 fake.rf 1440.00000000 53271.30110289493924469 1.00000 7 
 fake.rf 1440.00000000 53281.22320786359744105 1.00000 7 
 fake.rf 1440.00000000 53291.19785445328959028 1.00000 7 
 fake.rf 1440.00000000 53301.19441588534098742 1.00000 7 
 fake.rf 1440.00000000 53311.14921715802373470 1.00000 7 
 fake.rf 1440.00000000 53321.12347119923157379 1.00000 7 
 fake.rf 1440.00000000 53331.12300460703890437 1.00000 7 
 fake.rf 1440.00000000 53341.10912553366505051 1.00000 7 
 fake.rf 1440.00000000 53351.07687487585166153 1.00000 7 
 fake.rf 1440.00000000 53361.02752855809152166 1.00000 7 
 fake.rf 1440.00000000 53371.00438655783684894 1.00000 7 
 fake.rf 1440.00000000 53381.00624699857883115 1.00000 7 
 fake.rf 1440.00000000 53390.98791565739475118 1.00000 7 
 fake.rf 1440.00000000 53400.96716841527876340 1.00000 7 
 fake.rf 1440.00000000 53410.93692210934302977 1.00000 7 
 fake.rf 1440.00000000 53420.86467119288658623 1.00000 7 
 fake.rf 1440.00000000 53430.86100097147048515 1.00000 7 
 fake.rf 1440.00000000 53440.83997402952001110 1.00000 7 
 fake.rf 1440.00000000 53450.80907668308708125 1.00000 7 
 fake.rf 1440.00000000 53460.80179209610563262 1.00000 7 
 fake.rf 1440.00000000 53470.74647285410447850 1.00000 7 
 fake.rf 1440.00000000 53480.67690461869934637 1.00000 7 
 fake.rf 1440.00000000 53490.67884398265890411 1.00000 7 
 fake.rf 1440.00000000 53500.67804870060934519 1.00000 7 
 fake.rf 1440.00000000 53510.61797060755390376 1.00000 7 
 fake.rf 1440.00000000 53520.58208032740284565 1.00000 7 
 fake.rf 1440.00000000 53530.57763859739191048 1.00000 7 
 fake.rf 1440.00000000 53540.57784715824420374 1.00000 7 
 fake.rf 1440.00000000 53550.49006241626594260 1.00000 7 
 fake.rf 1440.00000000 53560.48420570819930830 1.00000 7 
 fake.rf 1440.00000000 53570.46589724029892565 1.00000 7 
 fake.rf 1440.00000000 53580.46441553357525933 1.00000 7 
 fake.rf 1440.00000000 53590.40796811806074373 1.00000 7 
 fake.rf 1440.00000000 53600.39161054718206856 1.00000 7 
 fake.rf 1440.00000000 53610.33066123164257277 1.00000 7 
 fake.rf 1440.00000000 53620.33965277800171734 1.00000 7 
 fake.rf 1440.00000000 53630.32485355741227195 1.00000 7 
 fake.rf 1440.00000000 53640.29074205105762729 1.00000 7 
 fake.rf 1440.00000000 53650.22982546630596090 1.00000 7 
 fake.rf 1440.00000000 53660.21007996845041887 1.00000 7 
