FORMAT 1
 fake.rf 1440.00000000 50000.21335787880640211 1.00000 7 
 fake.rf 1440.00000000 50010.22320394117738118 1.00000 7 
 fake.rf 1440.00000000 50020.16350658087125325 1.00000 7 
 fake.rf 1440.00000000 50030.13492387183837806 1.00000 7 
 fake.rf 1440.00000000 50040.09818557074374112 1.00000 7 
 fake.rf 1440.00000000 50050.13038923807855696 1.00000 7 
 fake.rf 1440.00000000 50060.09161228830335233 1.00000 7 
 fake.rf 1440.00000000 50070.02822405085613866 1.00000 7 
 fake.rf 1440.00000000 50080.04179095040069214 1.00000 7 
 fake.rf 1440.00000000 50089.99147036570584746 1.00000 7 
 fake.rf 1440.00000000 50099.97054712223907913 1.00000 7 
 fake.rf 1440.00000000 50109.93061994008006010 1.00000 7 
 fake.rf 1440.00000000 50119.92532282422935452 1.00000 7 
 fake.rf 1440.00000000 50129.88563380093434318 1.00000 7 
 fake.rf 1440.00000000 50139.82176037139599245 1.00000 7 
 fake.rf 1440.00000000 50149.79745892860412582 1.00000 7 
 fake.rf 1440.00000000 50159.79352821900905468 1.00000 7 
 fake.rf 1440.00000000 50169.75942511476625540 1.00000 7 
 fake.rf 1440.00000000 50179.78009528913773352 1.00000 7 
 fake.rf 1440.00000000 50189.71401047027355702 1.00000 7 
 fake.rf 1440.00000000 50199.73592848663916399 1.00000 7 
 fake.rf 1440.00000000 50209.68974194255140731 1.00000 7 
 fake.rf 1440.00000000 50219.67124220974517712 1.00000 7 
 fake.rf 1440.00000000 50229.58835913530695905 1.00000 7 
 fake.rf 1440.00000000 50239.61501294115206306 1.00000 7 
 fake.rf 1440.00000000 50249.56735315701492084 1.00000 7 
 fake.rf 1440.00000000 50259.56264499321985184 1.00000 7 
 fake.rf 1440.00000000 50269.53708913165154826 1.00000 7 
 fake.rf 1440.00000000 50279.43560849296088122 1.00000 7 
 fake.rf 1440.00000000 50289.47335978771885223 1.00000 7 
 fake.rf 1440.00000000 50299.42149914091588059 1.00000 7 
 fake.rf 1440.00000000 50309.36701316969061892 1.00000 7 
 fake.rf 1440.00000000 50319.35858152178014535 1.00000 7 
 fake.rf 1440.00000000 50329.35766122953342361 1.00000 7 
 fake.rf 1440.00000000 50339.30189685795463461 1.00000 7 
 fake.rf 1440.00000000 50349.28403124005265923 1.00000 7 
 fake.rf 1440.00000000 50359.25928560075044871 1.00000 7 
 fake.rf 1440.00000000 50369.19204860801873025 1.00000 7 
 fake.rf 1440.00000000 50379.22143246277868656 1.00000 7 
 fake.rf 1440.00000000 50389.15422472345123950 1.00000 7 
 fake.rf 1440.00000000 50399.14730479212720127 1.00000 7 
 fake.rf 1440.00000000 50409.09973638355937098 1.00000 7 
 fake.rf 1440.00000000 50419.10323913178947919 1.00000 7 
 fake.rf 1440.00000000 50429.03499308190495398 1.00000 7 
 fake.rf 1440.00000000 50439.05837331667902745 1.00000 7 
 fake.rf 1440.00000000 50449.02530698465847792 1.00000 7 
 fake.rf 1440.00000000 50458.96006380222062759 1.00000 7 
 fake.rf 1440.00000000 50468.92348431135873810 1.00000 7 
 fake.rf 1440.00000000 50478.96695257362540943 1.00000 7 
 fake.rf 1440.00000000 50488.86635060999486768 1.00000 7 
 fake.rf 1440.00000000 50498.87432389666992449 1.00000 7 
 fake.rf 1440.00000000 50508.88368119134415934 1.00000 7 
 fake.rf 1440.00000000 50518.84753036455012776 1.00000 7 
 fake.rf 1440.00000000 50528.78097495436673015 1.00000 7 
 fake.rf 1440.00000000 50538.73475348082127567 1.00000 7 
 fake.rf 1440.00000000 50548.75256078195447884 1.00000 7 
 fake.rf 1440.00000000 50558.74898323598214489 1.00000 7 
 fake.rf 1440.00000000 50568.72535794115740515 1.00000 7 
 fake.rf 1440.00000000 50578.66158036910146478 1.00000 7 
 fake.rf 1440.00000000 50588.66715985713891968 1.00000 7 
 fake.rf 1440.00000000 50598.62525687679827868 1.00000 7 
 fake.rf 1440.00000000 50608.53692300856702957 1.00000 7 
 fake.rf 1440.00000000 50618.51532084188379201 1.00000 7 
 fake.rf 1440.00000000 50628.49229054572537478 1.00000 7 
 fake.rf 1440.00000000 50638.51367407154835831 1.00000 7 
 fake.rf 1440.00000000 50648.46361181306683719 1.00000 7 
 fake.rf 1440.00000000 50658.45002026548291951 1.00000 7 
 fake.rf 1440.00000000 50668.39062912076595069 1.00000 7 
 fake.rf 1440.00000000 50678.38396759753133480 1.00000 7 
 fake.rf 1440.00000000 50688.34373087699632521 1.00000 7 
 fake.rf 1440.00000000 50698.32776966195614676 1.00000 7 
 fake.rf 1440.00000000 50708.34149249091176515 1.00000 7 
 fake.rf 1440.00000000 50718.28099171605302686 1.00000 7 
 fake.rf 1440.00000000 50728.21250427534280902 1.00000 7 
 fake.rf 1440.00000000 50738.18528538305439923 1.00000 7 
 fake.rf 1440.00000000 50748.17546916608961638 1.00000 7 
 fake.rf 1440.00000000 50758.18455306409159178 1.00000 7 
 fake.rf 1440.00000000 50768.11939533787002432 1.00000 7 
 fake.rf 1440.00000000 50778.10030395096717015 1.00000 7 
 fake.rf 1440.00000000 50788.09682715037206435 1.00000 7 
 fake.rf 1440.00000000 50798.04170509981659265 1.00000 7 
 fake.rf 1440.00000000 50808.05789135259306732 1.00000 7 
 fake.rf 1440.00000000 50818.00774283820602051 1.00000 7 
 fake.rf 1440.00000000 50827.94377426885997906 1.00000 7 
 fake.rf 1440.00000000 50837.92070943855119225 1.00000 7 
 fake.rf 1440.00000000 50847.93497711410985218 1.00000 7 
 fake.rf 1440.00000000 50857.91612019394695210 1.00000 7 
 fake.rf 1440.00000000 50867.83344883482322984 1.00000 7 
 fake.rf 1440.00000000 50877.85139549888857147 1.00000 7 
 fake.rf 1440.00000000 50887.79606539253354569 1.00000 7 
 fake.rf 1440.00000000 50897.74627782624464700 1.00000 7 
 fake.rf 1440.00000000 50907.74962585272670523 1.00000 7 
 fake.rf 1440.00000000 50917.71659951686370960 1.00000 7 
 fake.rf 1440.00000000 50927.67251418504406857 1.00000 7 
 fake.rf 1440.00000000 50937.68013622643499261 1.00000 7 
 fake.rf 1440.00000000 50947.61246439221364568 1.00000 7 
 fake.rf 1440.00000000 50957.62895449599996311 1.00000 7 
 fake.rf 1440.00000000 50967.56695595592468351 1.00000 7 
 fake.rf 1440.00000000 50977.55053064047027789 1.00000 7 
 fake.rf 1440.00000000 50987.50433018835406074 1.00000 7 
 fake.rf 1440.00000000 50997.51273264882192038 1.00000 7 
 fake.rf 1440.00000000 51007.50765045680295984 1.00000 7 
 fake.rf 1440.00000000 51017.41914384312750386 1.00000 7 
 fake.rf 1440.00000000 51027.39434986045931808 1.00000 7 
 fake.rf 1440.00000000 51037.43141788394889957 1.00000 7 
 fake.rf 1440.00000000 51047.34299668176515752 1.00000 7 
 fake.rf 1440.00000000 51057.33569081809291390 1.00000 7 
 fake.rf 1440.00000000 51067.32581376813158869 1.00000 7 
 fake.rf 1440.00000000 51077.28287251248677947 1.00000 7 
 fake.rf 1440.00000000 51087.28377959806892150 1.00000 7 
 fake.rf 1440.00000000 51097.21439669852078680 1.00000 7 
 fake.rf 1440.00000000 51107.22697104579025051 1.00000 7 
 fake.rf 1440.00000000 51117.18803538831658528 1.00000 7 
 fake.rf 1440.00000000 51127.17914164865030102 1.00000 7 
 fake.rf 1440.00000000 51137.15505179119675816 1.00000 7 
 fake.rf 1440.00000000 51147.12035563994382770 1.00000 7 
 fake.rf 1440.00000000 51157.06970056995625740 1.00000 7 
 fake.rf 1440.00000000 51167.05405809712697618 1.00000 7 
 fake.rf 1440.00000000 51177.04732826671012091 1.00000 7 
 fake.rf 1440.00000000 51186.95859089043244339 1.00000 7 
 fake.rf 1440.00000000 51196.99825593618549391 1.00000 7 
 fake.rf 1440.00000000 51206.96904293464681146 1.00000 7 
 fake.rf 1440.00000000 51216.91095786062591699 1.00000 7 
 fake.rf 1440.00000000 51226.86156761144945548 1.00000 7 
 fake.rf 1440.00000000 51236.81557356913059209 1.00000 7 
 fake.rf 1440.00000000 51246.79241486177853560 1.00000 7 
 fake.rf 1440.00000000 51256.78599046476964674 1.00000 7 
 fake.rf 1440.00000000 51266.78379084349268879 1.00000 7 
 fake.rf 1440.00000000 51276.72593797789321357 1.00000 7 
 fake.rf 1440.00000000 51286.73039259114355559 1.00000 7 
 fake.rf 1440.00000000 51296.70929685879944770 1.00000 7 
 fake.rf 1440.00000000 51306.68715074422910760 1.00000 7 
 fake.rf 1440.00000000 51316.63049417596818813 1.00000 7 
 fake.rf 1440.00000000 51326.63152948513108242 1.00000 7 
 fake.rf 1440.00000000 51336.61189373447183470 1.00000 7 
 fake.rf 1440.00000000 51346.53627618175159597 1.00000 7 
 fake.rf 1440.00000000 51356.55952796961548756 1.00000 7 
 fake.rf 1440.00000000 51366.47655732512863480 1.00000 7 
 fake.rf 1440.00000000 51376.50170037158718728 1.00000 7 
 fake.rf 1440.00000000 51386.42598191405043551 1.00000 7 
 fake.rf 1440.00000000 51396.45455606439214336 1.00000 7 
 fake.rf 1440.00000000 51406.35428720296122762 1.00000 7 
 fake.rf 1440.00000000 51416.40178078566886555 1.00000 7 
 fake.rf 1440.00000000 51426.33539026180358178 1.00000 7 
 fake.rf 1440.00000000 51436.33686530236181511 1.00000 7 
 fake.rf 1440.00000000 51446.30423999891267783 1.00000 7 
 fake.rf 1440.00000000 51456.23045772221490068 1.00000 7 
 fake.rf 1440.00000000 51466.20858199174869796 1.00000 7 
 fake.rf 1440.00000000 51476.18761857468848575 1.00000 7 
 fake.rf 1440.00000000 51486.13441078490918912 1.00000 7 
 fake.rf 1440.00000000 51496.13443535266740980 1.00000 7 
 fake.rf 1440.00000000 51506.09710795453134935 1.00000 7 
 fake.rf 1440.00000000 51516.12532484420736978 1.00000 7 
 fake.rf 1440.00000000 51526.09456867542811054 1.00000 7 
 fake.rf 1440.00000000 51536.03515536977950262 1.00000 7 
 fake.rf 1440.00000000 51546.04468253273202549 1.00000 7 
 fake.rf 1440.00000000 51556.01807200083707627 1.00000 7 
 fake.rf 1440.00000000 51565.97953859435682133 1.00000 7 
 fake.rf 1440.00000000 51575.93083717703324709 1.00000 7 
 fake.rf 1440.00000000 51585.87367811363722936 1.00000 7 
 fake.rf 1440.00000000 51595.86690365726203922 1.00000 7 
 fake.rf 1440.00000000 51605.82441080919649679 1.00000 7 
 fake.rf 1440.00000000 51615.85574331078447941 1.00000 7 
 fake.rf 1440.00000000 51625.81961659723926417 1.00000 7 
 fake.rf 1440.00000000 51635.72213006494571275 1.00000 7 
 fake.rf 1440.00000000 51645.76113116342720488 1.00000 7 
 fake.rf 1440.00000000 51655.67669123628576244 1.00000 7 
 fake.rf 1440.00000000 51665.71309417217663196 1.00000 7 
 fake.rf 1440.00000000 51675.61309561636286958 1.00000 7 
 fake.rf 1440.00000000 51685.66443641824756838 1.00000 7 
 fake.rf 1440.00000000 51695.56909190092801509 1.00000 7 
 fake.rf 1440.00000000 51705.60830515828241616 1.00000 7 
 fake.rf 1440.00000000 51715.58668139696426280 1.00000 7 
 fake.rf 1440.00000000 51725.48280142692702910 1.00000 7 
 fake.rf 1440.00000000 51735.48292853448397821 1.00000 7 
 fake.rf 1440.00000000 51745.49008418563166245 1.00000 7 
 fake.rf 1440.00000000 51755.46421659769537271 1.00000 7 
 fake.rf 1440.00000000 51765.41786567135834218 1.00000 7 
 fake.rf 1440.00000000 51775.34711663336485898 1.00000 7 
 fake.rf 1440.00000000 51785.32758995048548556 1.00000 7 
 fake.rf 1440.00000000 51795.33866891677373090 1.00000 7 
 fake.rf 1440.00000000 51805.29524878472092198 1.00000 7 
 fake.rf 1440.00000000 51815.26569903881578583 1.00000 7 
 fake.rf 1440.00000000 51825.24896587563994999 1.00000 7 
 fake.rf 1440.00000000 51835.20209390927741211 1.00000 7 
 fake.rf 1440.00000000 51845.22376852076544651 1.00000 7 
 fake.rf 1440.00000000 51855.16053355010228287 1.00000 7 
 fake.rf 1440.00000000 51865.11435538224498742 1.00000 7 
 fake.rf 1440.00000000 51875.12480094824056565 1.00000 7 
 fake.rf 1440.00000000 51885.04016885510860391 1.00000 7 
 fake.rf 1440.00000000 51895.04746929519950172 1.00000 7 
 fake.rf 1440.00000000 51904.99511139820171479 1.00000 7 
 fake.rf 1440.00000000 51914.97862410707300285 1.00000 7 
 fake.rf 1440.00000000 51924.96122804900425862 1.00000 7 
 fake.rf 1440.00000000 51934.98338114582738356 1.00000 7 
 fake.rf 1440.00000000 51944.89671162467140775 1.00000 7 
 fake.rf 1440.00000000 51954.86228764501620603 1.00000 7 
 fake.rf 1440.00000000 51964.82730518029895705 1.00000 7 
 fake.rf 1440.00000000 51974.80434294615551138 1.00000 7 
 fake.rf 1440.00000000 51984.78055807993667159 1.00000 7 
 fake.rf 1440.00000000 51994.74088737883747058 1.00000 7 
 fake.rf 1440.00000000 52004.73321826576897209 1.00000 7 
 fake.rf 1440.00000000 52014.69261767594921153 1.00000 7 
 fake.rf 1440.00000000 52024.65862755643719950 1.00000 7 
 fake.rf 1440.00000000 52034.65771619905962808 1.00000 7 
 fake.rf 1440.00000000 52044.64454700292300871 1.00000 7 
 fake.rf 1440.00000000 52054.64501685967409728 1.00000 7 
 fake.rf 1440.00000000 52064.56220888795775892 1.00000 7 
 fake.rf 1440.00000000 52074.52999315668457569 1.00000 7 
 fake.rf 1440.00000000 52084.57035163571648440 1.00000 7 
 fake.rf 1440.00000000 52094.49532130077154690 1.00000 7 
 fake.rf 1440.00000000 52104.50148887322125546 1.00000 7 
 fake.rf 1440.00000000 52114.44239823864276318 1.00000 7 
 fake.rf 1440.00000000 52124.44845580440152588 1.00000 7 
 fake.rf 1440.00000000 52134.38186119492025838 1.00000 7 
 fake.rf 1440.00000000 52144.38653628183925548 1.00000 7 
 fake.rf 1440.00000000 52154.35823944189219148 1.00000 7 
 fake.rf 1440.00000000 52164.33904754336127141 1.00000 7 
 fake.rf 1440.00000000 52174.32484880827032470 1.00000 7 
 fake.rf 1440.00000000 52184.25096852209449239 1.00000 7 
 fake.rf 1440.00000000 52194.25778217850115226 1.00000 7 
 fake.rf 1440.00000000 52204.19485487749036778 1.00000 7 
 fake.rf 1440.00000000 52214.17925437957913104 1.00000 7 
 fake.rf 1440.00000000 52224.11355172316828899 1.00000 7 
 fake.rf 1440.00000000 52234.14386606009468039 1.00000 7 
 fake.rf 1440.00000000 52244.09438964862275512 1.00000 7 
 fake.rf 1440.00000000 52254.05265514656521120 1.00000 7 
 fake.rf 1440.00000000 52264.07584982839246379 1.00000 7 
 fake.rf 1440.00000000 52274.01869528328083803 1.00000 7 
 fake.rf 1440.00000000 52283.98130289368178580 1.00000 7 
 fake.rf 1440.00000000 52293.92468369292089037 1.00000 7 
 fake.rf 1440.00000000 52303.93849609648529508 1.00000 7 
 fake.rf 1440.00000000 52313.92073894603423057 1.00000 7 
 fake.rf 1440.00000000 52323.85082352831885188 1.00000 7 
 fake.rf 1440.00000000 52333.85795011325660298 1.00000 7 
 fake.rf 1440.00000000 52343.86658591340800584 1.00000 7 
 fake.rf 1440.00000000 52353.81080565635418012 1.00000 7 
 fake.rf 1440.00000000 52363.76237310492164667 1.00000 7 
 fake.rf 1440.00000000 52373.71550525594803815 1.00000 7 
 fake.rf 1440.00000000 52383.73814691665211640 1.00000 7 
 fake.rf 1440.00000000 52393.67404389636205764 1.00000 7 
 fake.rf 1440.00000000 52403.66278337801202269 1.00000 7 
 fake.rf 1440.00000000 52413.63556355496680794 1.00000 7 
 fake.rf 1440.00000000 52423.62300758440521520 1.00000 7 
 fake.rf 1440.00000000 52433.56177560433779661 1.00000 7 
 fake.rf 1440.00000000 52443.57859890452374430 1.00000 7 
 fake.rf 1440.00000000 52453.51468899341483620 1.00000 7 
 fake.rf 1440.00000000 52463.53579786929197581 1.00000 7 
 fake.rf 1440.00000000 52473.47740025987043211 1.00000 7 
 fake.rf 1440.00000000 52483.42659588676620075 1.00000 7 
 fake.rf 1440.00000000 52493.40112886251235125 1.00000 7 
 fake.rf 1440.00000000 52503.37684918576442428 1.00000 7 
 fake.rf 1440.00000000 52513.37375524352029998 1.00000 7 
 fake.rf 1440.00000000 52523.35999200274035559 1.00000 7 
 fake.rf 1440.00000000 52533.29731407559997081 1.00000 7 
 fake.rf 1440.00000000 52543.26850539642245153 1.00000 7 
 fake.rf 1440.00000000 52553.23257008716579719 1.00000 7 
 fake.rf 1440.00000000 52563.23879536863359618 1.00000 7 
 fake.rf 1440.00000000 52573.17715235778999272 1.00000 7 
 fake.rf 1440.00000000 52583.19470017140260154 1.00000 7 
 fake.rf 1440.00000000 52593.10750402677483351 1.00000 7 
 fake.rf 1440.00000000 52603.09987952106379083 1.00000 7 
 fake.rf 1440.00000000 52613.07521067175276386 1.00000 7 
 fake.rf 1440.00000000 52623.08089507815395436 1.00000 7 
 fake.rf 1440.00000000 52633.03065945390941849 1.00000 7 
 fake.rf 1440.00000000 52643.04042159349887342 1.00000 7 
 fake.rf 1440.00000000 52652.99871278785740358 1.00000 7 
 fake.rf 1440.00000000 52662.92000121706221094 1.00000 7 
 fake.rf 1440.00000000 52672.90863514474371243 1.00000 7 
 fake.rf 1440.00000000 52682.93069619360629474 1.00000 7 
 fake.rf 1440.00000000 52692.90193059182885449 1.00000 7 
 fake.rf 1440.00000000 52702.85376581213080982 1.00000 7 
 fake.rf 1440.00000000 52712.80853735117158365 1.00000 7 
 fake.rf 1440.00000000 52722.77985628123728290 1.00000 7 
 fake.rf 1440.00000000 52732.74643983810315007 1.00000 7 
 fake.rf 1440.00000000 52742.75061709154079281 1.00000 7 
 fake.rf 1440.00000000 52752.68273028369823052 1.00000 7 
 fake.rf 1440.00000000 52762.69604162214275078 1.00000 7 
 fake.rf 1440.00000000 52772.66529871244118510 1.00000 7 
 fake.rf 1440.00000000 52782.64965195591640068 1.00000 7 
 fake.rf 1440.00000000 52792.55612994729055742 1.00000 7 
 fake.rf 1440.00000000 52802.61055768089000040 1.00000 7 
 fake.rf 1440.00000000 52812.51460227706031603 1.00000 7 
 fake.rf 1440.00000000 52822.52862395460203615 1.00000 7 
 fake.rf 1440.00000000 52832.51325944821210712 1.00000 7 
 fake.rf 1440.00000000 52842.46526381541795203 1.00000 7 
 fake.rf 1440.00000000 52852.39444780453084860 1.00000 7 
 fake.rf 1440.00000000 52862.37045233743276640 1.00000 7 
 fake.rf 1440.00000000 52872.35598628812678612 1.00000 7 
 fake.rf 1440.00000000 52882.33416495039045557 1.00000 7 
 fake.rf 1440.00000000 52892.35502164551115456 1.00000 7 
 fake.rf 1440.00000000 52902.28066373891706320 1.00000 7 
 fake.rf 1440.00000000 52912.27852223929329867 1.00000 7 
 fake.rf 1440.00000000 52922.21868111034710580 1.00000 7 
 fake.rf 1440.00000000 52932.17731193338400786 1.00000 7 
 fake.rf 1440.00000000 52942.15223913820064539 1.00000 7 
 fake.rf 1440.00000000 52952.12946445415823504 1.00000 7 
 fake.rf 1440.00000000 52962.15702418875942570 1.00000 7 
 fake.rf 1440.00000000 52972.08054414839432056 1.00000 7 
 fake.rf 1440.00000000 52982.07370773806210096 1.00000 7 
 fake.rf 1440.00000000 52992.06729952182222476 1.00000 7 
 fake.rf 1440.00000000 53001.98935818368751782 1.00000 7 
 fake.rf 1440.00000000 53011.96166131916834274 1.00000 7 
 fake.rf 1440.00000000 53021.93732897146768224 1.00000 7 
 fake.rf 1440.00000000 53031.94134424843061737 1.00000 7 
 fake.rf 1440.00000000 53041.90753526584242650 1.00000 7 
 fake.rf 1440.00000000 53051.91468450140380853 1.00000 7 
 fake.rf 1440.00000000 53061.87811727285716046 1.00000 7 
 fake.rf 1440.00000000 53071.80159066144839741 1.00000 7 
 fake.rf 1440.00000000 53081.80530131217401646 1.00000 7 
 fake.rf 1440.00000000 53091.78039168966648376 1.00000 7 
 fake.rf 1440.00000000 53101.72098070099632849 1.00000 7 
 fake.rf 1440.00000000 53111.72309011271603651 1.00000 7 
 fake.rf 1440.00000000 53121.71286278764162958 1.00000 7 
 fake.rf 1440.00000000 53131.69477780037259862 1.00000 7 
 fake.rf 1440.00000000 53141.62549369754712458 1.00000 7 
 fake.rf 1440.00000000 53151.59457504083930601 1.00000 7 
 fake.rf 1440.00000000 53161.61631171349829827 1.00000 7 
 fake.rf 1440.00000000 53171.55033646947068249 1.00000 7 
 fake.rf 1440.00000000 53181.53225609619115133 1.00000 7 
 fake.rf 1440.00000000 53191.47614244309356124 1.00000 7 
 fake.rf 1440.00000000 53201.45832820534683094 1.00000 7 
 fake.rf 1440.00000000 53211.47652759278561163 1.00000 7 
 fake.rf 1440.00000000 53221.44557675066787894 1.00000 7 
 fake.rf 1440.00000000 53231.39522578539347464 1.00000 7 
 fake.rf 1440.00000000 53241.39936032168088786 1.00000 7 
 fake.rf 1440.00000000 53251.37064100976490266 1.00000 7 
 fake.rf 1440.00000000 53261.32481967031092296 1.00000 7 
 fake.rf 1440.00000000 53271.30048495569482014 1.00000 7 
 fake.rf 1440.00000000 53281.22258994670759336 1.00000 7 
 fake.rf 1440.00000000 53291.19723650453793695 1.00000 7 
 fake.rf 1440.00000000 53301.19379795992127313 1.00000 7 
 fake.rf 1440.00000000 53311.14859926060121964 1.00000 7 
 fake.rf 1440.00000000 53321.12285324971082190 1.00000 7 
 fake.rf 1440.00000000 53331.12238668251784546 1.00000 7 
 fake.rf 1440.00000000 53341.10850759102076424 1.00000 7 
 fake.rf 1440.00000000 53351.07625695898087770 1.00000 7 
 fake.rf 1440.00000000 53361.02691060863823225 1.00000 7 
 fake.rf 1440.00000000 53371.00376866514111640 1.00000 7 
 fake.rf 1440.00000000 53381.00562903888531707 1.00000 7 
 fake.rf 1440.00000000 53390.98729772854952103 1.00000 7 
 fake.rf 1440.00000000 53400.96655048300248225 1.00000 7 
 fake.rf 1440.00000000 53410.93630418981856778 1.00000 7 
 fake.rf 1440.00000000 53420.86405328060866893 1.00000 7 
 fake.rf 1440.00000000 53430.86038304626099915 1.00000 7 
 fake.rf 1440.00000000 53440.83935609405778422 1.00000 7 
 fake.rf 1440.00000000 53450.80845874867907597 1.00000 7 
 fake.rf 1440.00000000 53460.80117417192703400 1.00000 7 
 fake.rf 1440.00000000 53470.74585489660030646 1.00000 7 
 fake.rf 1440.00000000 53480.67628665337344884 1.00000 7 
 fake.rf 1440.00000000 53490.67822603846942897 1.00000 7 
 fake.rf 1440.00000000 53500.67743080094112784 1.00000 7 
 fake.rf 1440.00000000 53510.61735267123037829 1.00000 7 
 fake.rf 1440.00000000 53520.58146239623035001 1.00000 7 
 fake.rf 1440.00000000 53530.57702067547374369 1.00000 7 
 fake.rf 1440.00000000 53540.57722920275762490 1.00000 7 
 fake.rf 1440.00000000 53550.48944452877305622 1.00000 7 
 fake.rf 1440.00000000 53560.48358778892989207 1.00000 7 
 fake.rf 1440.00000000 53570.46527932505496494 1.00000 7 
 fake.rf 1440.00000000 53580.46379759126417142 1.00000 7 
 fake.rf 1440.00000000 53590.40735015749983461 1.00000 7 
 fake.rf 1440.00000000 53600.39099263578380317 1.00000 7 
 fake.rf 1440.00000000 53610.33004329029895629 1.00000 7 
 fake.rf 1440.00000000 53620.33903488422768646 1.00000 7 
 fake.rf 1440.00000000 53630.32423566848727248 1.00000 7 
 fake.rf 1440.00000000 53640.29012408888478447 1.00000 7 
 fake.rf 1440.00000000 53650.22920756146410071 1.00000 7 
 fake.rf 1440.00000000 53660.20946205009784435 1.00000 7 
