FORMAT 1
 fake.rf 1440.00000000 50000.22245770204065707 1.00000 7 
 fake.rf 1440.00000000 50010.23230377683844239 1.00000 7 
 fake.rf 1440.00000000 50020.17260642335566345 1.00000 7 
 fake.rf 1440.00000000 50030.14402368898186069 1.00000 7 
 fake.rf 1440.00000000 50040.10728540060723546 1.00000 7 
 fake.rf 1440.00000000 50050.13948907675361255 1.00000 7 
 fake.rf 1440.00000000 50060.10071211954215187 1.00000 7 
 fake.rf 1440.00000000 50070.03732389232607147 1.00000 7 
 fake.rf 1440.00000000 50080.05089078454927787 1.00000 7 
 fake.rf 1440.00000000 50090.00057018522974062 1.00000 7 
 fake.rf 1440.00000000 50099.97964693847988116 1.00000 7 
 fake.rf 1440.00000000 50109.93971977677978558 1.00000 7 
 fake.rf 1440.00000000 50119.93442263617432531 1.00000 7 
 fake.rf 1440.00000000 50129.89473359372511396 1.00000 7 
 fake.rf 1440.00000000 50139.83086019364668218 1.00000 7 
 fake.rf 1440.00000000 50149.80655875583082803 1.00000 7 
 fake.rf 1440.00000000 50159.80262804847970415 1.00000 7 
 fake.rf 1440.00000000 50169.76852494781124037 1.00000 7 
 fake.rf 1440.00000000 50179.78919514394270607 1.00000 7 
 fake.rf 1440.00000000 50189.72311028764082508 1.00000 7 
 fake.rf 1440.00000000 50199.74502829898020551 1.00000 7 
 fake.rf 1440.00000000 50209.69884178500872807 1.00000 7 
 fake.rf 1440.00000000 50219.68034205243308321 1.00000 7 
 fake.rf 1440.00000000 50229.59745894825587698 1.00000 7 
 fake.rf 1440.00000000 50239.62411276638292534 1.00000 7 
 fake.rf 1440.00000000 50249.57645299504305569 1.00000 7 
 fake.rf 1440.00000000 50259.57174480851796972 1.00000 7 
 fake.rf 1440.00000000 50269.54618896021798591 1.00000 7 
 fake.rf 1440.00000000 50279.44470830999457434 1.00000 7 
 fake.rf 1440.00000000 50289.48245961039408058 1.00000 7 
 fake.rf 1440.00000000 50299.43059899300005355 1.00000 7 
 fake.rf 1440.00000000 50309.37611298623499678 1.00000 7 
 fake.rf 1440.00000000 50319.36768136716786870 1.00000 7 
 fake.rf 1440.00000000 50329.36676104822685218 1.00000 7 
 fake.rf 1440.00000000 50339.31099664973993413 1.00000 7 
 fake.rf 1440.00000000 50349.29313107717682030 1.00000 7 
 fake.rf 1440.00000000 50359.26838543232831569 1.00000 7 
 fake.rf 1440.00000000 50369.20114843735568400 1.00000 7 
 fake.rf 1440.00000000 50379.23053228365664680 1.00000 7 
 fake.rf 1440.00000000 50389.16332454712804889 1.00000 7 
 fake.rf 1440.00000000 50399.15640460722168470 1.00000 7 
 fake.rf 1440.00000000 50409.10883620166125496 1.00000 7 
 fake.rf 1440.00000000 50419.11233896835760504 1.00000 7 
 fake.rf 1440.00000000 50429.04409290219773254 1.00000 7 
 fake.rf 1440.00000000 50439.06747310743201140 1.00000 7 
 fake.rf 1440.00000000 50449.03440681692440606 1.00000 7 
 fake.rf 1440.00000000 50458.96916365029769480 1.00000 7 
 fake.rf 1440.00000000 50468.93258415192400079 1.00000 7 
 fake.rf 1440.00000000 50478.97605240762128176 1.00000 7 
 fake.rf 1440.00000000 50488.87545043213409102 1.00000 7 
 fake.rf 1440.00000000 50498.88342373640437089 1.00000 7 
 fake.rf 1440.00000000 50508.89278102163111939 1.00000 7 
 fake.rf 1440.00000000 50518.85663020990079985 1.00000 7 
 fake.rf 1440.00000000 50528.79007476375853614 1.00000 7 
 fake.rf 1440.00000000 50538.74385331206746486 1.00000 7 
 fake.rf 1440.00000000 50548.76166061193173107 1.00000 7 
 fake.rf 1440.00000000 50558.75808307851023926 1.00000 7 
 fake.rf 1440.00000000 50568.73445775752396258 1.00000 7 
 fake.rf 1440.00000000 50578.67068020676293116 1.00000 7 
 fake.rf 1440.00000000 50588.67625969619552251 1.00000 7 
 fake.rf 1440.00000000 50598.63435669601316746 1.00000 7 
 fake.rf 1440.00000000 50608.54602284098187681 1.00000 7 
 fake.rf 1440.00000000 50618.52442069007020109 1.00000 7 
 fake.rf 1440.00000000 50628.50139038291526106 1.00000 7 
 fake.rf 1440.00000000 50638.52277387400041420 1.00000 7 
 fake.rf 1440.00000000 50648.47271165355845923 1.00000 7 
 fake.rf 1440.00000000 50658.45912011058115354 1.00000 7 
 fake.rf 1440.00000000 50668.39972895049071511 1.00000 7 
 fake.rf 1440.00000000 50678.39306740722699018 1.00000 7 
 fake.rf 1440.00000000 50688.35283071252178289 1.00000 7 
 fake.rf 1440.00000000 50698.33686947459866090 1.00000 7 
 fake.rf 1440.00000000 50708.35059231561301019 1.00000 7 
 fake.rf 1440.00000000 50718.29009155912550355 1.00000 7 
 fake.rf 1440.00000000 50728.22160410863545721 1.00000 7 
 fake.rf 1440.00000000 50738.19438519736678117 1.00000 7 
 fake.rf 1440.00000000 50748.18456899761003598 1.00000 7 
 fake.rf 1440.00000000 50758.19365289692795074 1.00000 7 
 fake.rf 1440.00000000 50768.12849517082803885 1.00000 7 
 fake.rf 1440.00000000 50778.10940379796961608 1.00000 7 
 fake.rf 1440.00000000 50788.10592697306366361 1.00000 7 
 fake.rf 1440.00000000 50798.05080490942853544 1.00000 7 
 fake.rf 1440.00000000 50808.06699118016935657 1.00000 7 
 fake.rf 1440.00000000 50818.01684263099297212 1.00000 7 
 fake.rf 1440.00000000 50827.95287408809535634 1.00000 7 
 fake.rf 1440.00000000 50837.92980927374592781 1.00000 7 
 fake.rf 1440.00000000 50847.94407693357704403 1.00000 7 
 fake.rf 1440.00000000 50857.92522000846752661 1.00000 7 
 fake.rf 1440.00000000 50867.84254865953967339 1.00000 7 
 fake.rf 1440.00000000 50877.86049534176253317 1.00000 7 
 fake.rf 1440.00000000 50887.80516518989571750 1.00000 7 
 fake.rf 1440.00000000 50897.75537767675642442 1.00000 7 
 fake.rf 1440.00000000 50907.75872566415216269 1.00000 7 
 fake.rf 1440.00000000 50917.72569936128867951 1.00000 7 
 fake.rf 1440.00000000 50927.68161400275533168 1.00000 7 
 fake.rf 1440.00000000 50937.68923603893738417 1.00000 7 
 fake.rf 1440.00000000 50947.62156422008968093 1.00000 7 
 fake.rf 1440.00000000 50957.63805429681010750 1.00000 7 
 fake.rf 1440.00000000 50967.57605576724973417 1.00000 7 
 fake.rf 1440.00000000 50977.55963047128366128 1.00000 7 
 fake.rf 1440.00000000 50987.51343001893821594 1.00000 7 
 fake.rf 1440.00000000 50997.52183246516289117 1.00000 7 
 fake.rf 1440.00000000 51007.51675028258722477 1.00000 7 
 fake.rf 1440.00000000 51017.42824364675564297 1.00000 7 
 fake.rf 1440.00000000 51027.40344966651872838 1.00000 7 
 fake.rf 1440.00000000 51037.44051769920775996 1.00000 7 
 fake.rf 1440.00000000 51047.35209652123687718 1.00000 7 
 fake.rf 1440.00000000 51057.34479064027337003 1.00000 7 
 fake.rf 1440.00000000 51067.33491358067482224 1.00000 7 
 fake.rf 1440.00000000 51077.29197231314369887 1.00000 7 
 fake.rf 1440.00000000 51087.29287941930606465 1.00000 7 
 fake.rf 1440.00000000 51097.22349651411875016 1.00000 7 
 fake.rf 1440.00000000 51107.23607086953627743 1.00000 7 
 fake.rf 1440.00000000 51117.19713522418222595 1.00000 7 
 fake.rf 1440.00000000 51127.18824147297681648 1.00000 7 
 fake.rf 1440.00000000 51137.16415160543083829 1.00000 7 
 fake.rf 1440.00000000 51147.12945546459198098 1.00000 7 
 fake.rf 1440.00000000 51157.07880039257968363 1.00000 7 
 fake.rf 1440.00000000 51167.06315792493836270 1.00000 7 
 fake.rf 1440.00000000 51177.05642810582506286 1.00000 7 
 fake.rf 1440.00000000 51186.96769070098164889 1.00000 7 
 fake.rf 1440.00000000 51197.00735575530874755 1.00000 7 
 fake.rf 1440.00000000 51206.97814275024830621 1.00000 7 
 fake.rf 1440.00000000 51216.92005767364535629 1.00000 7 
 fake.rf 1440.00000000 51226.87066743382160183 1.00000 7 
 fake.rf 1440.00000000 51236.82467339477001644 1.00000 7 
 fake.rf 1440.00000000 51246.80151469385934959 1.00000 7 
 fake.rf 1440.00000000 51256.79509026523523474 1.00000 7 
 fake.rf 1440.00000000 51266.79289067534114466 1.00000 7 
 fake.rf 1440.00000000 51276.73503777956181793 1.00000 7 
 fake.rf 1440.00000000 51286.73949240914929248 1.00000 7 
 fake.rf 1440.00000000 51296.71839667203595425 1.00000 7 
 fake.rf 1440.00000000 51306.69625055604096531 1.00000 7 
 fake.rf 1440.00000000 51316.63959398752236751 1.00000 7 
 fake.rf 1440.00000000 51326.64062929385653433 1.00000 7 
 fake.rf 1440.00000000 51336.62099355765445807 1.00000 7 
 fake.rf 1440.00000000 51346.54537598230307438 1.00000 7 
 fake.rf 1440.00000000 51356.56862777124000274 1.00000 7 
 fake.rf 1440.00000000 51366.48565717331521085 1.00000 7 
 fake.rf 1440.00000000 51376.51080018619097345 1.00000 7 
 fake.rf 1440.00000000 51386.43508173108770976 1.00000 7 
 fake.rf 1440.00000000 51396.46365587099023742 1.00000 7 
 fake.rf 1440.00000000 51406.36338701992362132 1.00000 7 
 fake.rf 1440.00000000 51416.41088060177192887 1.00000 7 
 fake.rf 1440.00000000 51426.34449007756981231 1.00000 7 
 fake.rf 1440.00000000 51436.34596512571863869 1.00000 7 
 fake.rf 1440.00000000 51446.31333983786533892 1.00000 7 
 fake.rf 1440.00000000 51456.23955752742507386 1.00000 7 
 fake.rf 1440.00000000 51466.21768183060578039 1.00000 7 
 fake.rf 1440.00000000 51476.19671839719160999 1.00000 7 
 fake.rf 1440.00000000 51486.14351059608216943 1.00000 7 
 fake.rf 1440.00000000 51496.14353515371209724 1.00000 7 
 fake.rf 1440.00000000 51506.10620779749290676 1.00000 7 
 fake.rf 1440.00000000 51516.13442466223519745 1.00000 7 
 fake.rf 1440.00000000 51526.10366850644104275 1.00000 7 
 fake.rf 1440.00000000 51536.04425518398071304 1.00000 7 
 fake.rf 1440.00000000 51546.05378235599810566 1.00000 7 
 fake.rf 1440.00000000 51556.02717181956917614 1.00000 7 
 fake.rf 1440.00000000 51565.98863843005656804 1.00000 7 
 fake.rf 1440.00000000 51575.93993697594630987 1.00000 7 
 fake.rf 1440.00000000 51585.88277793399709381 1.00000 7 
 fake.rf 1440.00000000 51595.87600348276789930 1.00000 7 
 fake.rf 1440.00000000 51605.83351061270981219 1.00000 7 
 fake.rf 1440.00000000 51615.86484311778200151 1.00000 7 
 fake.rf 1440.00000000 51625.82871642975081983 1.00000 7 
 fake.rf 1440.00000000 51635.73122988654218446 1.00000 7 
 fake.rf 1440.00000000 51645.77023096698775007 1.00000 7 
 fake.rf 1440.00000000 51655.68579105332391777 1.00000 7 
 fake.rf 1440.00000000 51665.72219397759478809 1.00000 7 
 fake.rf 1440.00000000 51675.62219544224250711 1.00000 7 
 fake.rf 1440.00000000 51685.67353623273704244 1.00000 7 
 fake.rf 1440.00000000 51695.57819170550271437 1.00000 7 
 fake.rf 1440.00000000 51705.61740495675688223 1.00000 7 
 fake.rf 1440.00000000 51715.59578122406202283 1.00000 7 
 fake.rf 1440.00000000 51725.49190125932772233 1.00000 7 
 fake.rf 1440.00000000 51735.49202834449123500 1.00000 7 
 fake.rf 1440.00000000 51745.49918400648827443 1.00000 7 
 fake.rf 1440.00000000 51755.47331639727552499 1.00000 7 
 fake.rf 1440.00000000 51765.42696550698625657 1.00000 7 
 fake.rf 1440.00000000 51775.35621646324382894 1.00000 7 
 fake.rf 1440.00000000 51785.33668977007690160 1.00000 7 
 fake.rf 1440.00000000 51795.34776875504643456 1.00000 7 
 fake.rf 1440.00000000 51805.30434859944273995 1.00000 7 
 fake.rf 1440.00000000 51815.27479885690846473 1.00000 7 
 fake.rf 1440.00000000 51825.25806572605305789 1.00000 7 
 fake.rf 1440.00000000 51835.21119374549748926 1.00000 7 
 fake.rf 1440.00000000 51845.23286835250920035 1.00000 7 
 fake.rf 1440.00000000 51855.16963335995131956 1.00000 7 
 fake.rf 1440.00000000 51865.12345521689541528 1.00000 7 
 fake.rf 1440.00000000 51875.13390076535059237 1.00000 7 
 fake.rf 1440.00000000 51885.04926867245086441 1.00000 7 
 fake.rf 1440.00000000 51895.05656911283314159 1.00000 7 
 fake.rf 1440.00000000 51905.00421122904830540 1.00000 7 
 fake.rf 1440.00000000 51914.98772391770013712 1.00000 7 
 fake.rf 1440.00000000 51924.97032787484361194 1.00000 7 
 fake.rf 1440.00000000 51934.99248096802570274 1.00000 7 
 fake.rf 1440.00000000 51944.90581145488920356 1.00000 7 
 fake.rf 1440.00000000 51954.87138748266665544 1.00000 7 
 fake.rf 1440.00000000 51964.83640498103263283 1.00000 7 
 fake.rf 1440.00000000 51974.81344276578088781 1.00000 7 
 fake.rf 1440.00000000 51984.78965790466281405 1.00000 7 
 fake.rf 1440.00000000 51994.74998719629774868 1.00000 7 
 fake.rf 1440.00000000 52004.74231811315905105 1.00000 7 
 fake.rf 1440.00000000 52014.70171750745758388 1.00000 7 
 fake.rf 1440.00000000 52024.66772738755606653 1.00000 7 
 fake.rf 1440.00000000 52034.66681599572841321 1.00000 7 
 fake.rf 1440.00000000 52044.65364682943046759 1.00000 7 
 fake.rf 1440.00000000 52054.65411671367434820 1.00000 7 
 fake.rf 1440.00000000 52064.57130872664640009 1.00000 7 
 fake.rf 1440.00000000 52074.53909297993328664 1.00000 7 
 fake.rf 1440.00000000 52084.57945147299614774 1.00000 7 
 fake.rf 1440.00000000 52094.50442112555277774 1.00000 7 
 fake.rf 1440.00000000 52104.51058868602090257 1.00000 7 
 fake.rf 1440.00000000 52114.45149805303495683 1.00000 7 
 fake.rf 1440.00000000 52124.45755563001887012 1.00000 7 
 fake.rf 1440.00000000 52134.39096103978838315 1.00000 7 
 fake.rf 1440.00000000 52144.39563609889857432 1.00000 7 
 fake.rf 1440.00000000 52154.36733929083138861 1.00000 7 
 fake.rf 1440.00000000 52164.34814736695230053 1.00000 7 
 fake.rf 1440.00000000 52174.33394861225643524 1.00000 7 
 fake.rf 1440.00000000 52184.26006834895954967 1.00000 7 
 fake.rf 1440.00000000 52194.26688200771694071 1.00000 7 
 fake.rf 1440.00000000 52204.20395468235693315 1.00000 7 
 fake.rf 1440.00000000 52214.18835421679024833 1.00000 7 
 fake.rf 1440.00000000 52224.12265154876680029 1.00000 7 
 fake.rf 1440.00000000 52234.15296585899343285 1.00000 7 
 fake.rf 1440.00000000 52244.10348946141520443 1.00000 7 
 fake.rf 1440.00000000 52254.06175498039972283 1.00000 7 
 fake.rf 1440.00000000 52264.08494964787003667 1.00000 7 
 fake.rf 1440.00000000 52274.02779507691514382 1.00000 7 
 fake.rf 1440.00000000 52283.99040270252936580 1.00000 7 
 fake.rf 1440.00000000 52293.93378354144787323 1.00000 7 
 fake.rf 1440.00000000 52303.94759590121675430 1.00000 7 
 fake.rf 1440.00000000 52313.92983877567702322 1.00000 7 
 fake.rf 1440.00000000 52323.85992334575906781 1.00000 7 
 fake.rf 1440.00000000 52333.86704991742218951 1.00000 7 
 fake.rf 1440.00000000 52343.87568574913717256 1.00000 7 
 fake.rf 1440.00000000 52353.81990545862078079 1.00000 7 
 fake.rf 1440.00000000 52363.77147291849666644 1.00000 7 
 fake.rf 1440.00000000 52373.72460509886385793 1.00000 7 
 fake.rf 1440.00000000 52383.74724672244407131 1.00000 7 
 fake.rf 1440.00000000 52393.68314371452128597 1.00000 7 
 fake.rf 1440.00000000 52403.67188318102445166 1.00000 7 
 fake.rf 1440.00000000 52413.64466339649010962 1.00000 7 
 fake.rf 1440.00000000 52423.63210738556213641 1.00000 7 
 fake.rf 1440.00000000 52433.57087542775710531 1.00000 7 
 fake.rf 1440.00000000 52443.58769871627578496 1.00000 7 
 fake.rf 1440.00000000 52453.52378879419433844 1.00000 7 
 fake.rf 1440.00000000 52463.54489769357133255 1.00000 7 
 fake.rf 1440.00000000 52473.48650006892420095 1.00000 7 
 fake.rf 1440.00000000 52483.43569573552521845 1.00000 7 
 fake.rf 1440.00000000 52493.41022867903436477 1.00000 7 
 fake.rf 1440.00000000 52503.38594902089175065 1.00000 7 
 fake.rf 1440.00000000 52513.38285504539735271 1.00000 7 
 fake.rf 1440.00000000 52523.36909184665402250 1.00000 7 
 fake.rf 1440.00000000 52533.30641388440155026 1.00000 7 
 fake.rf 1440.00000000 52543.27760522971799162 1.00000 7 
 fake.rf 1440.00000000 52553.24166994072359671 1.00000 7 
 fake.rf 1440.00000000 52563.24789516407942713 1.00000 7 
 fake.rf 1440.00000000 52573.18625218377480834 1.00000 7 
 fake.rf 1440.00000000 52583.20379998017325818 1.00000 7 
 fake.rf 1440.00000000 52593.11660384009379143 1.00000 7 
 fake.rf 1440.00000000 52603.10897932086243856 1.00000 7 
 fake.rf 1440.00000000 52613.08431052761431701 1.00000 7 
 fake.rf 1440.00000000 52623.08999491304855667 1.00000 7 
 fake.rf 1440.00000000 52633.03975928046043009 1.00000 7 
 fake.rf 1440.00000000 52643.04952140395198512 1.00000 7 
 fake.rf 1440.00000000 52653.00781261883436102 1.00000 7 
 fake.rf 1440.00000000 52662.92910103716275572 1.00000 7 
 fake.rf 1440.00000000 52672.91773497217926803 1.00000 7 
 fake.rf 1440.00000000 52682.93979603604369188 1.00000 7 
 fake.rf 1440.00000000 52692.91103042044400340 1.00000 7 
 fake.rf 1440.00000000 52702.86286564515378927 1.00000 7 
 fake.rf 1440.00000000 52712.81763715518567537 1.00000 7 
 fake.rf 1440.00000000 52722.78895608912153392 1.00000 7 
 fake.rf 1440.00000000 52732.75553966565098563 1.00000 7 
 fake.rf 1440.00000000 52742.75971688661115166 1.00000 7 
 fake.rf 1440.00000000 52752.69183011427901420 1.00000 7 
 fake.rf 1440.00000000 52762.70514142437840022 1.00000 7 
 fake.rf 1440.00000000 52772.67439852998881022 1.00000 7 
 fake.rf 1440.00000000 52782.65875178760555286 1.00000 7 
 fake.rf 1440.00000000 52792.56522978725855921 1.00000 7 
 fake.rf 1440.00000000 52802.61965750528999664 1.00000 7 
 fake.rf 1440.00000000 52812.52370212077768130 1.00000 7 
 fake.rf 1440.00000000 52822.53772378905181029 1.00000 7 
 fake.rf 1440.00000000 52832.52235928436953216 1.00000 7 
 fake.rf 1440.00000000 52842.47436361695445584 1.00000 7 
 fake.rf 1440.00000000 52852.40354762849942460 1.00000 7 
 fake.rf 1440.00000000 52862.37955218493958753 1.00000 7 
 fake.rf 1440.00000000 52872.36508608159650890 1.00000 7 
 fake.rf 1440.00000000 52882.34326475637986675 1.00000 7 
 fake.rf 1440.00000000 52892.36412144149966608 1.00000 7 
 fake.rf 1440.00000000 52902.28976356106424817 1.00000 7 
 fake.rf 1440.00000000 52912.28762203592040336 1.00000 7 
 fake.rf 1440.00000000 52922.22778092668637484 1.00000 7 
 fake.rf 1440.00000000 52932.18641177956655852 1.00000 7 
 fake.rf 1440.00000000 52942.16133898029278626 1.00000 7 
 fake.rf 1440.00000000 52952.13856428822640154 1.00000 7 
 fake.rf 1440.00000000 52962.16612404048439799 1.00000 7 
 fake.rf 1440.00000000 52972.08964396423143839 1.00000 7 
 fake.rf 1440.00000000 52982.08280754906179766 1.00000 7 
 fake.rf 1440.00000000 52992.07639934918137925 1.00000 7 
 fake.rf 1440.00000000 53001.99845800832584075 1.00000 7 
 fake.rf 1440.00000000 53011.97076112029249373 1.00000 7 
 fake.rf 1440.00000000 53021.94642878997062141 1.00000 7 
 fake.rf 1440.00000000 53031.95044405395010756 1.00000 7 
 fake.rf 1440.00000000 53041.91663509764346784 1.00000 7 
 fake.rf 1440.00000000 53051.92378430954989810 1.00000 7 
 fake.rf 1440.00000000 53061.88721711167842443 1.00000 7 
 fake.rf 1440.00000000 53071.81069046698274505 1.00000 7 
 fake.rf 1440.00000000 53081.81440114017092213 1.00000 7 
 fake.rf 1440.00000000 53091.78949154349620443 1.00000 7 
 fake.rf 1440.00000000 53101.73008053679816953 1.00000 7 
 fake.rf 1440.00000000 53111.73218994378032320 1.00000 7 
 fake.rf 1440.00000000 53121.72196260953946378 1.00000 7 
 fake.rf 1440.00000000 53131.70387761143989280 1.00000 7 
 fake.rf 1440.00000000 53141.63459349795941122 1.00000 7 
 fake.rf 1440.00000000 53151.60367484467336041 1.00000 7 
 fake.rf 1440.00000000 53161.62541153476326983 1.00000 7 
 fake.rf 1440.00000000 53171.55943629910349202 1.00000 7 
 fake.rf 1440.00000000 53181.54135590572829173 1.00000 7 
 fake.rf 1440.00000000 53191.48524225242511676 1.00000 7 
 fake.rf 1440.00000000 53201.46742805542428201 1.00000 7 
 fake.rf 1440.00000000 53211.48562741164604262 1.00000 7 
 fake.rf 1440.00000000 53221.45467659732391752 1.00000 7 
 fake.rf 1440.00000000 53231.40432560240524040 1.00000 7 
 fake.rf 1440.00000000 53241.40846014211494364 1.00000 7 
 fake.rf 1440.00000000 53251.37974084413732001 1.00000 7 
 fake.rf 1440.00000000 53261.33391951213513238 1.00000 7 
 fake.rf 1440.00000000 53271.30958478545366575 1.00000 7 
 fake.rf 1440.00000000 53281.23168978264318341 1.00000 7 
 fake.rf 1440.00000000 53291.20633632058146389 1.00000 7 
 fake.rf 1440.00000000 53301.20289775227729479 1.00000 7 
 fake.rf 1440.00000000 53311.15769907079951295 1.00000 7 
 fake.rf 1440.00000000 53321.13195309186788862 1.00000 7 
 fake.rf 1440.00000000 53331.13148652232560210 1.00000 7 
 fake.rf 1440.00000000 53341.11760741869195357 1.00000 7 
 fake.rf 1440.00000000 53351.08535678900800292 1.00000 7 
 fake.rf 1440.00000000 53361.03601045910377820 1.00000 7 
 fake.rf 1440.00000000 53371.01286847741051389 1.00000 7 
 fake.rf 1440.00000000 53381.01472888017870133 1.00000 7 
 fake.rf 1440.00000000 53390.99639755835982768 1.00000 7 
 fake.rf 1440.00000000 53400.97565029551384086 1.00000 7 
 fake.rf 1440.00000000 53410.94540402356390274 1.00000 7 
 fake.rf 1440.00000000 53420.87315309606547231 1.00000 7 
 fake.rf 1440.00000000 53430.86948285266137049 1.00000 7 
 fake.rf 1440.00000000 53440.84845592893848831 1.00000 7 
 fake.rf 1440.00000000 53450.81755856959204110 1.00000 7 
 fake.rf 1440.00000000 53460.81027399945720546 1.00000 7 
 fake.rf 1440.00000000 53470.75495473918684652 1.00000 7 
 fake.rf 1440.00000000 53480.68538648317434081 1.00000 7 
 fake.rf 1440.00000000 53490.68732587010764945 1.00000 7 
 fake.rf 1440.00000000 53500.68653061580883801 1.00000 7 
 fake.rf 1440.00000000 53510.62645248738052928 1.00000 7 
 fake.rf 1440.00000000 53520.59056223823848697 1.00000 7 
 fake.rf 1440.00000000 53530.58612048886897838 1.00000 7 
 fake.rf 1440.00000000 53540.58632904295712152 1.00000 7 
 fake.rf 1440.00000000 53550.49854432448041308 1.00000 7 
 fake.rf 1440.00000000 53560.49268759663853245 1.00000 7 
 fake.rf 1440.00000000 53570.47437916948683423 1.00000 7 
 fake.rf 1440.00000000 53580.47289742826058401 1.00000 7 
 fake.rf 1440.00000000 53590.41645000548579603 1.00000 7 
 fake.rf 1440.00000000 53600.40009244300443214 1.00000 7 
 fake.rf 1440.00000000 53610.33914313176791211 1.00000 7 
 fake.rf 1440.00000000 53620.34813470153897796 1.00000 7 
 fake.rf 1440.00000000 53630.33333546389902580 1.00000 7 
 fake.rf 1440.00000000 53640.29922392257580555 1.00000 7 
 fake.rf 1440.00000000 53650.23830737122140278 1.00000 7 
 fake.rf 1440.00000000 53660.21856188543868171 1.00000 7 
