FORMAT 1
 fake.rf 1440.00000000 50000.23178903873447965 1.00000 7 
 fake.rf 1440.00000000 50010.24163512878735460 1.00000 7 
 fake.rf 1440.00000000 50020.18193775626717112 1.00000 7 
 fake.rf 1440.00000000 50030.15335501497776605 1.00000 7 
 fake.rf 1440.00000000 50040.11661675214609701 1.00000 7 
 fake.rf 1440.00000000 50050.14882043323450844 1.00000 7 
 fake.rf 1440.00000000 50060.11004347057813746 1.00000 7 
 fake.rf 1440.00000000 50070.04665522804312161 1.00000 7 
 fake.rf 1440.00000000 50080.06022214899171630 1.00000 7 
 fake.rf 1440.00000000 50090.00990153425072648 1.00000 7 
 fake.rf 1440.00000000 50099.98897824132512824 1.00000 7 
 fake.rf 1440.00000000 50109.94905107890238227 1.00000 7 
 fake.rf 1440.00000000 50119.94375395601609924 1.00000 7 
 fake.rf 1440.00000000 50129.90406496270595582 1.00000 7 
 fake.rf 1440.00000000 50139.84019152073491199 1.00000 7 
 fake.rf 1440.00000000 50149.81589009130598455 1.00000 7 
 fake.rf 1440.00000000 50159.81195938289309666 1.00000 7 
 fake.rf 1440.00000000 50169.77785630277561069 1.00000 7 
 fake.rf 1440.00000000 50179.79852649189181335 1.00000 7 
 fake.rf 1440.00000000 50189.73244159225475514 1.00000 7 
 fake.rf 1440.00000000 50199.75435966203901472 1.00000 7 
 fake.rf 1440.00000000 50209.70817312711038838 1.00000 7 
 fake.rf 1440.00000000 50219.68967339394268734 1.00000 7 
 fake.rf 1440.00000000 50229.60679028624105413 1.00000 7 
 fake.rf 1440.00000000 50239.63344412067543487 1.00000 7 
 fake.rf 1440.00000000 50249.58578430205472642 1.00000 7 
 fake.rf 1440.00000000 50259.58107613275087999 1.00000 7 
 fake.rf 1440.00000000 50269.55552030302533950 1.00000 7 
 fake.rf 1440.00000000 50279.45403961901417489 1.00000 7 
 fake.rf 1440.00000000 50289.49179097188171284 1.00000 7 
 fake.rf 1440.00000000 50299.43993032881556360 1.00000 7 
 fake.rf 1440.00000000 50309.38544430046804834 1.00000 7 
 fake.rf 1440.00000000 50319.37701273154380388 1.00000 7 
 fake.rf 1440.00000000 50329.37609238031756576 1.00000 7 
 fake.rf 1440.00000000 50339.32032799305561355 1.00000 7 
 fake.rf 1440.00000000 50349.30246238901307265 1.00000 7 
 fake.rf 1440.00000000 50359.27771676244358190 1.00000 7 
 fake.rf 1440.00000000 50369.21047979213714996 1.00000 7 
 fake.rf 1440.00000000 50379.23986359386079670 1.00000 7 
 fake.rf 1440.00000000 50389.17265586995372928 1.00000 7 
 fake.rf 1440.00000000 50399.16573590478249756 1.00000 7 
 fake.rf 1440.00000000 50409.11816755384750266 1.00000 7 
 fake.rf 1440.00000000 50419.12167031639768666 1.00000 7 
 fake.rf 1440.00000000 50429.05342422108769540 1.00000 7 
 fake.rf 1440.00000000 50439.07680444739228065 1.00000 7 
 fake.rf 1440.00000000 50449.04373819105276056 1.00000 7 
 fake.rf 1440.00000000 50458.97849499573714738 1.00000 7 
 fake.rf 1440.00000000 50468.94191548468097608 1.00000 7 
 fake.rf 1440.00000000 50478.98538371506612421 1.00000 7 
 fake.rf 1440.00000000 50488.88478174736026816 1.00000 7 
 fake.rf 1440.00000000 50498.89275506249632031 1.00000 7 
 fake.rf 1440.00000000 50508.90211238737071398 1.00000 7 
 fake.rf 1440.00000000 50518.86596155863307445 1.00000 7 
 fake.rf 1440.00000000 50528.79940612775521913 1.00000 7 
 fake.rf 1440.00000000 50538.75318462605147829 1.00000 7 
 fake.rf 1440.00000000 50548.77099195299916090 1.00000 7 
 fake.rf 1440.00000000 50558.76741441881610228 1.00000 7 
 fake.rf 1440.00000000 50568.74378906824005853 1.00000 7 
 fake.rf 1440.00000000 50578.68001154514599804 1.00000 7 
 fake.rf 1440.00000000 50588.68559102421075835 1.00000 7 
 fake.rf 1440.00000000 50598.64368805123409700 1.00000 7 
 fake.rf 1440.00000000 50608.55535419768555627 1.00000 7 
 fake.rf 1440.00000000 50618.53375199099812320 1.00000 7 
 fake.rf 1440.00000000 50628.51072168134754392 1.00000 7 
 fake.rf 1440.00000000 50638.53210524091647571 1.00000 7 
 fake.rf 1440.00000000 50648.48204298868120787 1.00000 7 
 fake.rf 1440.00000000 50658.46845145363325003 1.00000 7 
 fake.rf 1440.00000000 50668.40906032392459224 1.00000 7 
 fake.rf 1440.00000000 50678.40239875134782821 1.00000 7 
 fake.rf 1440.00000000 50688.36216203594530327 1.00000 7 
 fake.rf 1440.00000000 50698.34620084307362831 1.00000 7 
 fake.rf 1440.00000000 50708.35992364789671427 1.00000 7 
 fake.rf 1440.00000000 50718.29942291745342331 1.00000 7 
 fake.rf 1440.00000000 50728.23093541633500081 1.00000 7 
 fake.rf 1440.00000000 50738.20371654933451921 1.00000 7 
 fake.rf 1440.00000000 50748.19390035342281919 1.00000 7 
 fake.rf 1440.00000000 50758.20298422471945088 1.00000 7 
 fake.rf 1440.00000000 50768.13782646832559209 1.00000 7 
 fake.rf 1440.00000000 50778.11873515558202996 1.00000 7 
 fake.rf 1440.00000000 50788.11525827204122052 1.00000 7 
 fake.rf 1440.00000000 50798.06013622815522268 1.00000 7 
 fake.rf 1440.00000000 50808.07632248126369845 1.00000 7 
 fake.rf 1440.00000000 50818.02617395809697598 1.00000 7 
 fake.rf 1440.00000000 50827.96220543921801749 1.00000 7 
 fake.rf 1440.00000000 50837.93914062476673976 1.00000 7 
 fake.rf 1440.00000000 50847.95340825110806904 1.00000 7 
 fake.rf 1440.00000000 50857.93455135851262128 1.00000 7 
 fake.rf 1440.00000000 50867.85188000981072065 1.00000 7 
 fake.rf 1440.00000000 50877.86982668621216419 1.00000 7 
 fake.rf 1440.00000000 50887.81449651216643559 1.00000 7 
 fake.rf 1440.00000000 50897.76470902556264875 1.00000 7 
 fake.rf 1440.00000000 50907.76805699986853782 1.00000 7 
 fake.rf 1440.00000000 50917.73503069571306412 1.00000 7 
 fake.rf 1440.00000000 50927.69094533995964369 1.00000 7 
 fake.rf 1440.00000000 50937.69856733606875920 1.00000 7 
 fake.rf 1440.00000000 50947.63089557328999746 1.00000 7 
 fake.rf 1440.00000000 50957.64738562682378742 1.00000 7 
 fake.rf 1440.00000000 50967.58538711415442535 1.00000 7 
 fake.rf 1440.00000000 50977.56896182177306187 1.00000 7 
 fake.rf 1440.00000000 50987.52276135995417405 1.00000 7 
 fake.rf 1440.00000000 50997.53116379403104474 1.00000 7 
 fake.rf 1440.00000000 51007.52608160831030659 1.00000 7 
 fake.rf 1440.00000000 51017.43757499351759677 1.00000 7 
 fake.rf 1440.00000000 51027.41278101238772535 1.00000 7 
 fake.rf 1440.00000000 51037.44984904929511771 1.00000 7 
 fake.rf 1440.00000000 51047.36142781767556187 1.00000 7 
 fake.rf 1440.00000000 51057.35412201058374038 1.00000 7 
 fake.rf 1440.00000000 51067.34424487747369525 1.00000 7 
 fake.rf 1440.00000000 51077.30130365268455961 1.00000 7 
 fake.rf 1440.00000000 51087.30221075454228341 1.00000 7 
 fake.rf 1440.00000000 51097.23282786977410197 1.00000 7 
 fake.rf 1440.00000000 51107.24540220765390686 1.00000 7 
 fake.rf 1440.00000000 51117.20646655802035951 1.00000 7 
 fake.rf 1440.00000000 51127.19757279361632740 1.00000 7 
 fake.rf 1440.00000000 51137.17348293112167212 1.00000 7 
 fake.rf 1440.00000000 51147.13878682245841034 1.00000 7 
 fake.rf 1440.00000000 51157.08813173694910148 1.00000 7 
 fake.rf 1440.00000000 51167.07248922373705469 1.00000 7 
 fake.rf 1440.00000000 51177.06575940926670398 1.00000 7 
 fake.rf 1440.00000000 51186.97702201957722323 1.00000 7 
 fake.rf 1440.00000000 51197.01668710309245114 1.00000 7 
 fake.rf 1440.00000000 51206.98747409578666634 1.00000 7 
 fake.rf 1440.00000000 51216.92938899669968222 1.00000 7 
 fake.rf 1440.00000000 51226.87999874643082876 1.00000 7 
 fake.rf 1440.00000000 51236.83400474477428688 1.00000 7 
 fake.rf 1440.00000000 51246.81084601442308113 1.00000 7 
 fake.rf 1440.00000000 51256.80442162379591764 1.00000 7 
 fake.rf 1440.00000000 51266.80222203043922136 1.00000 7 
 fake.rf 1440.00000000 51276.74436909808353136 1.00000 7 
 fake.rf 1440.00000000 51286.74882373688302550 1.00000 7 
 fake.rf 1440.00000000 51296.72772797112946108 1.00000 7 
 fake.rf 1440.00000000 51306.70558192065849568 1.00000 7 
 fake.rf 1440.00000000 51316.64892530023069028 1.00000 7 
 fake.rf 1440.00000000 51326.64996066557687726 1.00000 7 
 fake.rf 1440.00000000 51336.63032484745427197 1.00000 7 
 fake.rf 1440.00000000 51346.55470732742690743 1.00000 7 
 fake.rf 1440.00000000 51356.57795913728338988 1.00000 7 
 fake.rf 1440.00000000 51366.49498851097830254 1.00000 7 
 fake.rf 1440.00000000 51376.52013156572253649 1.00000 7 
 fake.rf 1440.00000000 51386.44441310948880997 1.00000 7 
 fake.rf 1440.00000000 51396.47298724586996244 1.00000 7 
 fake.rf 1440.00000000 51406.37271838603600571 1.00000 7 
 fake.rf 1440.00000000 51416.42021191955700488 1.00000 7 
 fake.rf 1440.00000000 51426.35382143765802354 1.00000 7 
 fake.rf 1440.00000000 51436.35529644665902538 1.00000 7 
 fake.rf 1440.00000000 51446.32267119040074022 1.00000 7 
 fake.rf 1440.00000000 51456.24888883098513759 1.00000 7 
 fake.rf 1440.00000000 51466.22701316353727208 1.00000 7 
 fake.rf 1440.00000000 51476.20604971621692059 1.00000 7 
 fake.rf 1440.00000000 51486.15284194186914846 1.00000 7 
 fake.rf 1440.00000000 51496.15286652581843185 1.00000 7 
 fake.rf 1440.00000000 51506.11553915718556951 1.00000 7 
 fake.rf 1440.00000000 51516.14375599328410260 1.00000 7 
 fake.rf 1440.00000000 51526.11299986418567798 1.00000 7 
 fake.rf 1440.00000000 51536.05358649731864773 1.00000 7 
 fake.rf 1440.00000000 51546.06311367709873394 1.00000 7 
 fake.rf 1440.00000000 51556.03650314529544474 1.00000 7 
 fake.rf 1440.00000000 51565.99796976619994382 1.00000 7 
 fake.rf 1440.00000000 51575.94926834284224171 1.00000 7 
 fake.rf 1440.00000000 51585.89210927725172340 1.00000 7 
 fake.rf 1440.00000000 51595.88533479423570327 1.00000 7 
 fake.rf 1440.00000000 51605.84284196999100658 1.00000 7 
 fake.rf 1440.00000000 51615.87417449211180553 1.00000 7 
 fake.rf 1440.00000000 51625.83804775418221311 1.00000 7 
 fake.rf 1440.00000000 51635.74056122632849508 1.00000 7 
 fake.rf 1440.00000000 51645.77956233244712081 1.00000 7 
 fake.rf 1440.00000000 51655.69512237049302783 1.00000 7 
 fake.rf 1440.00000000 51665.73152533304144640 1.00000 7 
 fake.rf 1440.00000000 51675.63152677652752587 1.00000 7 
 fake.rf 1440.00000000 51685.68286760170214222 1.00000 7 
 fake.rf 1440.00000000 51695.58752304849512171 1.00000 7 
 fake.rf 1440.00000000 51705.62673629538096165 1.00000 7 
 fake.rf 1440.00000000 51715.60511253682574662 1.00000 7 
 fake.rf 1440.00000000 51725.50123257772684227 1.00000 7 
 fake.rf 1440.00000000 51735.50135968845178525 1.00000 7 
 fake.rf 1440.00000000 51745.50851537021422999 1.00000 7 
 fake.rf 1440.00000000 51755.48264772108024445 1.00000 7 
 fake.rf 1440.00000000 51765.43629682664891689 1.00000 7 
 fake.rf 1440.00000000 51775.36554782061259772 1.00000 7 
 fake.rf 1440.00000000 51785.34602109498574052 1.00000 7 
 fake.rf 1440.00000000 51795.35710010353277610 1.00000 7 
 fake.rf 1440.00000000 51805.31367997757537225 1.00000 7 
 fake.rf 1440.00000000 51815.28413018979336613 1.00000 7 
 fake.rf 1440.00000000 51825.26739703948500093 1.00000 7 
 fake.rf 1440.00000000 51835.22052506381104919 1.00000 7 
 fake.rf 1440.00000000 51845.24219969617967863 1.00000 7 
 fake.rf 1440.00000000 51855.17896472583493050 1.00000 7 
 fake.rf 1440.00000000 51865.13278651763948801 1.00000 7 
 fake.rf 1440.00000000 51875.14323207843280628 1.00000 7 
 fake.rf 1440.00000000 51885.05859997646664183 1.00000 7 
 fake.rf 1440.00000000 51895.06590046233034030 1.00000 7 
 fake.rf 1440.00000000 51905.01354257040754092 1.00000 7 
 fake.rf 1440.00000000 51914.99705526602610206 1.00000 7 
 fake.rf 1440.00000000 51924.97965921278401424 1.00000 7 
 fake.rf 1440.00000000 51935.00181228836276404 1.00000 7 
 fake.rf 1440.00000000 51944.91514280432734196 1.00000 7 
 fake.rf 1440.00000000 51954.88071879191043223 1.00000 7 
 fake.rf 1440.00000000 51964.84573635346416509 1.00000 7 
 fake.rf 1440.00000000 51974.82277408200668845 1.00000 7 
 fake.rf 1440.00000000 51984.79898923756544704 1.00000 7 
 fake.rf 1440.00000000 51994.75931851529790961 1.00000 7 
 fake.rf 1440.00000000 52004.75164940767596278 1.00000 7 
 fake.rf 1440.00000000 52014.71104882019353610 1.00000 7 
 fake.rf 1440.00000000 52024.67705874473456618 1.00000 7 
 fake.rf 1440.00000000 52034.67614734761987094 1.00000 7 
 fake.rf 1440.00000000 52044.66297816326067149 1.00000 7 
 fake.rf 1440.00000000 52054.66344806229548681 1.00000 7 
 fake.rf 1440.00000000 52064.58064004065921537 1.00000 7 
 fake.rf 1440.00000000 52074.54842430600096037 1.00000 7 
 fake.rf 1440.00000000 52084.58878278280597840 1.00000 7 
 fake.rf 1440.00000000 52094.51375245804010206 1.00000 7 
 fake.rf 1440.00000000 52104.51992004288646854 1.00000 7 
 fake.rf 1440.00000000 52114.46082938329120893 1.00000 7 
 fake.rf 1440.00000000 52124.46688694387469454 1.00000 7 
 fake.rf 1440.00000000 52134.40029238445708160 1.00000 7 
 fake.rf 1440.00000000 52144.40496742155852417 1.00000 7 
 fake.rf 1440.00000000 52154.37667062991237898 1.00000 7 
 fake.rf 1440.00000000 52164.35747867671903677 1.00000 7 
 fake.rf 1440.00000000 52174.34327994678693230 1.00000 7 
 fake.rf 1440.00000000 52184.26939971213869640 1.00000 7 
 fake.rf 1440.00000000 52194.27621336503299432 1.00000 7 
 fake.rf 1440.00000000 52204.21328605942016310 1.00000 7 
 fake.rf 1440.00000000 52214.19768553750003903 1.00000 7 
 fake.rf 1440.00000000 52224.13198289559739251 1.00000 7 
 fake.rf 1440.00000000 52234.16229720134874981 1.00000 7 
 fake.rf 1440.00000000 52244.11282081602890415 1.00000 7 
 fake.rf 1440.00000000 52254.07108634614110443 1.00000 7 
 fake.rf 1440.00000000 52264.09428097856468654 1.00000 7 
 fake.rf 1440.00000000 52274.03712645346625365 1.00000 7 
 fake.rf 1440.00000000 52283.99973406412866694 1.00000 7 
 fake.rf 1440.00000000 52293.94311487549959949 1.00000 7 
 fake.rf 1440.00000000 52303.95692722995838508 1.00000 7 
 fake.rf 1440.00000000 52313.93917010080804531 1.00000 7 
 fake.rf 1440.00000000 52323.86925469134485667 1.00000 7 
 fake.rf 1440.00000000 52333.87638127342204797 1.00000 7 
 fake.rf 1440.00000000 52343.88501706650941969 1.00000 7 
 fake.rf 1440.00000000 52353.82923676206018015 1.00000 7 
 fake.rf 1440.00000000 52363.78080423705045732 1.00000 7 
 fake.rf 1440.00000000 52373.73393642932934711 1.00000 7 
 fake.rf 1440.00000000 52383.75657808431239815 1.00000 7 
 fake.rf 1440.00000000 52393.69247506939457537 1.00000 7 
 fake.rf 1440.00000000 52403.68121454323109987 1.00000 7 
 fake.rf 1440.00000000 52413.65399473458942481 1.00000 7 
 fake.rf 1440.00000000 52423.64143872610881658 1.00000 7 
 fake.rf 1440.00000000 52433.58020673792161048 1.00000 7 
 fake.rf 1440.00000000 52443.59703003816796141 1.00000 7 
 fake.rf 1440.00000000 52453.53312010798905973 1.00000 7 
 fake.rf 1440.00000000 52463.55422904339566159 1.00000 7 
 fake.rf 1440.00000000 52473.49583142848399575 1.00000 7 
 fake.rf 1440.00000000 52483.44502707965101607 1.00000 7 
 fake.rf 1440.00000000 52493.41955997350656560 1.00000 7 
 fake.rf 1440.00000000 52503.39528033188967271 1.00000 7 
 fake.rf 1440.00000000 52513.39218641515790154 1.00000 7 
 fake.rf 1440.00000000 52523.37842319252598600 1.00000 7 
 fake.rf 1440.00000000 52533.31574523967672263 1.00000 7 
 fake.rf 1440.00000000 52543.28693652866196828 1.00000 7 
 fake.rf 1440.00000000 52553.25100124055256501 1.00000 7 
 fake.rf 1440.00000000 52563.25722647784607489 1.00000 7 
 fake.rf 1440.00000000 52573.19558353445666299 1.00000 7 
 fake.rf 1440.00000000 52583.21313132495809484 1.00000 7 
 fake.rf 1440.00000000 52593.12593518658868774 1.00000 7 
 fake.rf 1440.00000000 52603.11831067358932756 1.00000 7 
 fake.rf 1440.00000000 52613.09364187710644245 1.00000 7 
 fake.rf 1440.00000000 52623.09932623724522571 1.00000 7 
 fake.rf 1440.00000000 52633.04909062135160269 1.00000 7 
 fake.rf 1440.00000000 52643.05885275543139201 1.00000 7 
 fake.rf 1440.00000000 52653.01714397893897157 1.00000 7 
 fake.rf 1440.00000000 52662.93843236113719186 1.00000 7 
 fake.rf 1440.00000000 52672.92706629357465786 1.00000 7 
 fake.rf 1440.00000000 52682.94912736736304737 1.00000 7 
 fake.rf 1440.00000000 52692.92036173469340099 1.00000 7 
 fake.rf 1440.00000000 52702.87219700204521544 1.00000 7 
 fake.rf 1440.00000000 52712.82696853074852328 1.00000 7 
 fake.rf 1440.00000000 52722.79828739343093957 1.00000 7 
 fake.rf 1440.00000000 52732.76487100188573365 1.00000 7 
 fake.rf 1440.00000000 52742.76904824416844164 1.00000 7 
 fake.rf 1440.00000000 52752.70116147234453408 1.00000 7 
 fake.rf 1440.00000000 52762.71447279289755272 1.00000 7 
 fake.rf 1440.00000000 52772.68372985506482920 1.00000 7 
 fake.rf 1440.00000000 52782.66808312832831263 1.00000 7 
 fake.rf 1440.00000000 52792.57456114245739442 1.00000 7 
 fake.rf 1440.00000000 52802.62898885216694111 1.00000 7 
 fake.rf 1440.00000000 52812.53303347539187129 1.00000 7 
 fake.rf 1440.00000000 52822.54705514226711927 1.00000 7 
 fake.rf 1440.00000000 52832.53169064644574604 1.00000 7 
 fake.rf 1440.00000000 52842.48369498096392505 1.00000 7 
 fake.rf 1440.00000000 52852.41287895381866946 1.00000 7 
 fake.rf 1440.00000000 52862.38888351103957675 1.00000 7 
 fake.rf 1440.00000000 52872.37441743828244967 1.00000 7 
 fake.rf 1440.00000000 52882.35259608960542366 1.00000 7 
 fake.rf 1440.00000000 52892.37345277341767158 1.00000 7 
 fake.rf 1440.00000000 52902.29909492602947552 1.00000 7 
 fake.rf 1440.00000000 52912.29695337560341173 1.00000 7 
 fake.rf 1440.00000000 52922.23711223323979880 1.00000 7 
 fake.rf 1440.00000000 52932.19574308424411058 1.00000 7 
 fake.rf 1440.00000000 52942.17067033393259479 1.00000 7 
 fake.rf 1440.00000000 52952.14789563900695413 1.00000 7 
 fake.rf 1440.00000000 52962.17545537128590993 1.00000 7 
 fake.rf 1440.00000000 52972.09897530536911603 1.00000 7 
 fake.rf 1440.00000000 52982.09213886680307937 1.00000 7 
 fake.rf 1440.00000000 52992.08573066375127070 1.00000 7 
 fake.rf 1440.00000000 53002.00778931292912333 1.00000 7 
 fake.rf 1440.00000000 53011.98009249898985829 1.00000 7 
 fake.rf 1440.00000000 53021.95576016564032429 1.00000 7 
 fake.rf 1440.00000000 53031.95977537288943182 1.00000 7 
 fake.rf 1440.00000000 53041.92596644757991342 1.00000 7 
 fake.rf 1440.00000000 53051.93311567669859485 1.00000 7 
 fake.rf 1440.00000000 53061.89654847793334014 1.00000 7 
 fake.rf 1440.00000000 53071.82002178718063945 1.00000 7 
 fake.rf 1440.00000000 53081.82373246070347150 1.00000 7 
 fake.rf 1440.00000000 53091.79882284143706173 1.00000 7 
 fake.rf 1440.00000000 53101.73941190125081135 1.00000 7 
 fake.rf 1440.00000000 53111.74152123407737136 1.00000 7 
 fake.rf 1440.00000000 53121.73129394413932403 1.00000 7 
 fake.rf 1440.00000000 53131.71320895279157881 1.00000 7 
 fake.rf 1440.00000000 53141.64392487361992679 1.00000 7 
 fake.rf 1440.00000000 53151.61300616555791620 1.00000 7 
 fake.rf 1440.00000000 53161.63474286777317701 1.00000 7 
 fake.rf 1440.00000000 53171.56876765795786710 1.00000 7 
 fake.rf 1440.00000000 53181.55068726680575253 1.00000 7 
 fake.rf 1440.00000000 53191.49457360477093459 1.00000 7 
 fake.rf 1440.00000000 53201.47675941733600169 1.00000 7 
 fake.rf 1440.00000000 53211.49495875575442838 1.00000 7 
 fake.rf 1440.00000000 53221.46400791738633274 1.00000 7 
 fake.rf 1440.00000000 53231.41365694480744253 1.00000 7 
 fake.rf 1440.00000000 53241.41779151606921516 1.00000 7 
 fake.rf 1440.00000000 53251.38907216287595858 1.00000 7 
 fake.rf 1440.00000000 53261.34325086091605783 1.00000 7 
 fake.rf 1440.00000000 53271.31891612552322712 1.00000 7 
 fake.rf 1440.00000000 53281.24102110404661303 1.00000 7 
 fake.rf 1440.00000000 53291.21566768317033080 1.00000 7 
 fake.rf 1440.00000000 53301.21222910975345854 1.00000 7 
 fake.rf 1440.00000000 53311.16703042132902368 1.00000 7 
 fake.rf 1440.00000000 53321.14128442617728609 1.00000 7 
 fake.rf 1440.00000000 53331.14081785984568640 1.00000 7 
 fake.rf 1440.00000000 53341.12693873452118964 1.00000 7 
 fake.rf 1440.00000000 53351.09468811254946985 1.00000 7 
 fake.rf 1440.00000000 53361.04534181452801889 1.00000 7 
 fake.rf 1440.00000000 53371.02219983615263033 1.00000 7 
 fake.rf 1440.00000000 53381.02406018278688649 1.00000 7 
 fake.rf 1440.00000000 53391.00572888967116469 1.00000 7 
 fake.rf 1440.00000000 53400.98498160312333027 1.00000 7 
 fake.rf 1440.00000000 53410.95473539588060063 1.00000 7 
 fake.rf 1440.00000000 53420.88248443393652565 1.00000 7 
 fake.rf 1440.00000000 53430.87881421433556284 1.00000 7 
 fake.rf 1440.00000000 53440.85778723296459347 1.00000 7 
 fake.rf 1440.00000000 53450.82688987458548269 1.00000 7 
 fake.rf 1440.00000000 53460.81960534436854360 1.00000 7 
 fake.rf 1440.00000000 53470.76428609047084350 1.00000 7 
 fake.rf 1440.00000000 53480.69471781394621956 1.00000 7 
 fake.rf 1440.00000000 53490.69665721228689748 1.00000 7 
 fake.rf 1440.00000000 53500.69586192297717631 1.00000 7 
 fake.rf 1440.00000000 53510.63578385102783486 1.00000 7 
 fake.rf 1440.00000000 53520.59989360261657509 1.00000 7 
 fake.rf 1440.00000000 53530.59545179453838415 1.00000 7 
 fake.rf 1440.00000000 53540.59566038606443072 1.00000 7 
 fake.rf 1440.00000000 53550.50787565979915783 1.00000 7 
 fake.rf 1440.00000000 53560.50201892291330807 1.00000 7 
 fake.rf 1440.00000000 53570.48371047627733432 1.00000 7 
 fake.rf 1440.00000000 53580.48222875893511130 1.00000 7 
 fake.rf 1440.00000000 53590.42578134968726289 1.00000 7 
 fake.rf 1440.00000000 53600.40942376891313259 1.00000 7 
 fake.rf 1440.00000000 53610.34847447744429871 1.00000 7 
 fake.rf 1440.00000000 53620.35746604108814850 1.00000 7 
 fake.rf 1440.00000000 53630.34266682000312443 1.00000 7 
 fake.rf 1440.00000000 53640.30855527370322378 1.00000 7 
 fake.rf 1440.00000000 53650.24763869168464225 1.00000 7 
 fake.rf 1440.00000000 53660.22789319502525984 1.00000 7 
