FORMAT 1
 fake.rf 1440.00000000 50000.22311328267553066 1.00000 7 
 fake.rf 1440.00000000 50010.23295932936505892 1.00000 7 
 fake.rf 1440.00000000 50020.17326197173010982 1.00000 7 
 fake.rf 1440.00000000 50030.14467923233662106 1.00000 7 
 fake.rf 1440.00000000 50040.10794098985250145 1.00000 7 
 fake.rf 1440.00000000 50050.14014465447073121 1.00000 7 
 fake.rf 1440.00000000 50060.10136768778276561 1.00000 7 
 fake.rf 1440.00000000 50070.03797944619861582 1.00000 7 
 fake.rf 1440.00000000 50080.05154635116027251 1.00000 7 
 fake.rf 1440.00000000 50090.00122577855413653 1.00000 7 
 fake.rf 1440.00000000 50099.98030252229921899 1.00000 7 
 fake.rf 1440.00000000 50109.94037536339560290 1.00000 7 
 fake.rf 1440.00000000 50119.93507819685137150 1.00000 7 
 fake.rf 1440.00000000 50129.89538917920221550 1.00000 7 
 fake.rf 1440.00000000 50139.83151578883584421 1.00000 7 
 fake.rf 1440.00000000 50149.80721435831879873 1.00000 7 
 fake.rf 1440.00000000 50159.80328360429968271 1.00000 7 
 fake.rf 1440.00000000 50169.76918052701047657 1.00000 7 
 fake.rf 1440.00000000 50179.78985069600991764 1.00000 7 
 fake.rf 1440.00000000 50189.72376586543930799 1.00000 7 
 fake.rf 1440.00000000 50199.74568387658239743 1.00000 7 
 fake.rf 1440.00000000 50209.69949734500810479 1.00000 7 
 fake.rf 1440.00000000 50219.68099761940333181 1.00000 7 
 fake.rf 1440.00000000 50229.59811455403851355 1.00000 7 
 fake.rf 1440.00000000 50239.62476831721119197 1.00000 7 
 fake.rf 1440.00000000 50249.57710853605363610 1.00000 7 
 fake.rf 1440.00000000 50259.57240040941285031 1.00000 7 
 fake.rf 1440.00000000 50269.54684452315804322 1.00000 7 
 fake.rf 1440.00000000 50279.44536387369952379 1.00000 7 
 fake.rf 1440.00000000 50289.48311519645273293 1.00000 7 
 fake.rf 1440.00000000 50299.43125454992022583 1.00000 7 
 fake.rf 1440.00000000 50309.37676859993338851 1.00000 7 
 fake.rf 1440.00000000 50319.36833695801053068 1.00000 7 
 fake.rf 1440.00000000 50329.36741664026502718 1.00000 7 
 fake.rf 1440.00000000 50339.31165225894948634 1.00000 7 
 fake.rf 1440.00000000 50349.29378667098616162 1.00000 7 
 fake.rf 1440.00000000 50359.26904101544015901 1.00000 7 
 fake.rf 1440.00000000 50369.20180402650746032 1.00000 7 
 fake.rf 1440.00000000 50379.23118788763087394 1.00000 7 
 fake.rf 1440.00000000 50389.16398011441311411 1.00000 7 
 fake.rf 1440.00000000 50399.15706019779711511 1.00000 7 
 fake.rf 1440.00000000 50409.10949177849629876 1.00000 7 
 fake.rf 1440.00000000 50419.11299455542156522 1.00000 7 
 fake.rf 1440.00000000 50429.04474849723529672 1.00000 7 
 fake.rf 1440.00000000 50439.06812871642835105 1.00000 7 
 fake.rf 1440.00000000 50449.03506242627404177 1.00000 7 
 fake.rf 1440.00000000 50458.96981919563063457 1.00000 7 
 fake.rf 1440.00000000 50468.93323970834019221 1.00000 7 
 fake.rf 1440.00000000 50478.97670797076933624 1.00000 7 
 fake.rf 1440.00000000 50488.87610599145824608 1.00000 7 
 fake.rf 1440.00000000 50498.88407933176879538 1.00000 7 
 fake.rf 1440.00000000 50508.89343662672608914 1.00000 7 
 fake.rf 1440.00000000 50518.85728576223224096 1.00000 7 
 fake.rf 1440.00000000 50528.79073034361726258 1.00000 7 
 fake.rf 1440.00000000 50538.74450890466175323 1.00000 7 
 fake.rf 1440.00000000 50548.76231616673786817 1.00000 7 
 fake.rf 1440.00000000 50558.75873863425790233 1.00000 7 
 fake.rf 1440.00000000 50568.73511334237861448 1.00000 7 
 fake.rf 1440.00000000 50578.67133579309284386 1.00000 7 
 fake.rf 1440.00000000 50588.67691529684371332 1.00000 7 
 fake.rf 1440.00000000 50598.63501228813038324 1.00000 7 
 fake.rf 1440.00000000 50608.54667842332820271 1.00000 7 
 fake.rf 1440.00000000 50618.52507623765223599 1.00000 7 
 fake.rf 1440.00000000 50628.50204594993928708 1.00000 7 
 fake.rf 1440.00000000 50638.52342944996285468 1.00000 7 
 fake.rf 1440.00000000 50648.47336725972625615 1.00000 7 
 fake.rf 1440.00000000 50658.45977568192448715 1.00000 7 
 fake.rf 1440.00000000 50668.40038451251601970 1.00000 7 
 fake.rf 1440.00000000 50678.39372298772027747 1.00000 7 
 fake.rf 1440.00000000 50688.35348626546105066 1.00000 7 
 fake.rf 1440.00000000 50698.33752503815574997 1.00000 7 
 fake.rf 1440.00000000 50708.35124788650670524 1.00000 7 
 fake.rf 1440.00000000 50718.29074713501312743 1.00000 7 
 fake.rf 1440.00000000 50728.22225967085623211 1.00000 7 
 fake.rf 1440.00000000 50738.19504079045613310 1.00000 7 
 fake.rf 1440.00000000 50748.18522456617225203 1.00000 7 
 fake.rf 1440.00000000 50758.19430846686906023 1.00000 7 
 fake.rf 1440.00000000 50768.12915073990659209 1.00000 7 
 fake.rf 1440.00000000 50778.11005938650495395 1.00000 7 
 fake.rf 1440.00000000 50788.10658257000201132 1.00000 7 
 fake.rf 1440.00000000 50798.05146050255439505 1.00000 7 
 fake.rf 1440.00000000 50808.06764675156860633 1.00000 7 
 fake.rf 1440.00000000 50818.01749824866321248 1.00000 7 
 fake.rf 1440.00000000 50827.95352966031919095 1.00000 7 
 fake.rf 1440.00000000 50837.93046483479506392 1.00000 7 
 fake.rf 1440.00000000 50847.94473250603363468 1.00000 7 
 fake.rf 1440.00000000 50857.92587561213125724 1.00000 7 
 fake.rf 1440.00000000 50867.84320421904721599 1.00000 7 
 fake.rf 1440.00000000 50877.86115092615971633 1.00000 7 
 fake.rf 1440.00000000 50887.80582075774989903 1.00000 7 
 fake.rf 1440.00000000 50897.75603324398375449 1.00000 7 
 fake.rf 1440.00000000 50907.75938128147256734 1.00000 7 
 fake.rf 1440.00000000 50917.72635494132261513 1.00000 7 
 fake.rf 1440.00000000 50927.68226958549326966 1.00000 7 
 fake.rf 1440.00000000 50937.68989162081422251 1.00000 7 
 fake.rf 1440.00000000 50947.62221979961837093 1.00000 7 
 fake.rf 1440.00000000 50957.63870988099246517 1.00000 7 
 fake.rf 1440.00000000 50967.57671136799186229 1.00000 7 
 fake.rf 1440.00000000 50977.56028605857268587 1.00000 7 
 fake.rf 1440.00000000 50987.51408559371540008 1.00000 7 
 fake.rf 1440.00000000 50997.52248804804829874 1.00000 7 
 fake.rf 1440.00000000 51007.51740586118206977 1.00000 7 
 fake.rf 1440.00000000 51017.42889925526002415 1.00000 7 
 fake.rf 1440.00000000 51027.40410523333594028 1.00000 7 
 fake.rf 1440.00000000 51037.44117326614687258 1.00000 7 
 fake.rf 1440.00000000 51047.35275211559514474 1.00000 7 
 fake.rf 1440.00000000 51057.34544621498334038 1.00000 7 
 fake.rf 1440.00000000 51067.33556917826010135 1.00000 7 
 fake.rf 1440.00000000 51077.29262787145649227 1.00000 7 
 fake.rf 1440.00000000 51087.29353496827339498 1.00000 7 
 fake.rf 1440.00000000 51097.22415212014226427 1.00000 7 
 fake.rf 1440.00000000 51107.23672642461546900 1.00000 7 
 fake.rf 1440.00000000 51117.19779083067785308 1.00000 7 
 fake.rf 1440.00000000 51127.18889706037510123 1.00000 7 
 fake.rf 1440.00000000 51137.16480720568274521 1.00000 7 
 fake.rf 1440.00000000 51147.13011103695411919 1.00000 7 
 fake.rf 1440.00000000 51157.07945593933832384 1.00000 7 
 fake.rf 1440.00000000 51167.06381349725249308 1.00000 7 
 fake.rf 1440.00000000 51177.05708366354726380 1.00000 7 
 fake.rf 1440.00000000 51186.96834625353785242 1.00000 7 
 fake.rf 1440.00000000 51197.00801135169879075 1.00000 7 
 fake.rf 1440.00000000 51206.97879835130175508 1.00000 7 
 fake.rf 1440.00000000 51216.92071325800160508 1.00000 7 
 fake.rf 1440.00000000 51226.87132302769089165 1.00000 7 
 fake.rf 1440.00000000 51236.82532898395206544 1.00000 7 
 fake.rf 1440.00000000 51246.80217029536783713 1.00000 7 
 fake.rf 1440.00000000 51256.79574583243937980 1.00000 7 
 fake.rf 1440.00000000 51266.79354623575381922 1.00000 7 
 fake.rf 1440.00000000 51276.73569337595848339 1.00000 7 
 fake.rf 1440.00000000 51286.74014800334820308 1.00000 7 
 fake.rf 1440.00000000 51296.71905226993612459 1.00000 7 
 fake.rf 1440.00000000 51306.69690617110640574 1.00000 7 
 fake.rf 1440.00000000 51316.64024956959126911 1.00000 7 
 fake.rf 1440.00000000 51326.64128485953733261 1.00000 7 
 fake.rf 1440.00000000 51336.62164912051242993 1.00000 7 
 fake.rf 1440.00000000 51346.54603157972729477 1.00000 7 
 fake.rf 1440.00000000 51356.56928335410190556 1.00000 7 
 fake.rf 1440.00000000 51366.48631273484872040 1.00000 7 
 fake.rf 1440.00000000 51376.51145578236323175 1.00000 7 
 fake.rf 1440.00000000 51386.43573731667620308 1.00000 7 
 fake.rf 1440.00000000 51396.46431146928940237 1.00000 7 
 fake.rf 1440.00000000 51406.36404262263726039 1.00000 7 
 fake.rf 1440.00000000 51416.41153616892139411 1.00000 7 
 fake.rf 1440.00000000 51426.34514566439307259 1.00000 7 
 fake.rf 1440.00000000 51436.34662070775356923 1.00000 7 
 fake.rf 1440.00000000 51446.31399541868023562 1.00000 7 
 fake.rf 1440.00000000 51456.24021308319130341 1.00000 7 
 fake.rf 1440.00000000 51466.21833740927759493 1.00000 7 
 fake.rf 1440.00000000 51476.19737398756253555 1.00000 7 
 fake.rf 1440.00000000 51486.14416619377755069 1.00000 7 
 fake.rf 1440.00000000 51496.14419076801144115 1.00000 7 
 fake.rf 1440.00000000 51506.10686335762053645 1.00000 7 
 fake.rf 1440.00000000 51516.13508022662542984 1.00000 7 
 fake.rf 1440.00000000 51526.10432407810754540 1.00000 7 
 fake.rf 1440.00000000 51536.04491079363303285 1.00000 7 
 fake.rf 1440.00000000 51546.05443791613106441 1.00000 7 
 fake.rf 1440.00000000 51556.02782742532165017 1.00000 7 
 fake.rf 1440.00000000 51565.98929401615614054 1.00000 7 
 fake.rf 1440.00000000 51575.94059257819678876 1.00000 7 
 fake.rf 1440.00000000 51585.88343350003532706 1.00000 7 
 fake.rf 1440.00000000 51595.87665905165410862 1.00000 7 
 fake.rf 1440.00000000 51605.83416618138331700 1.00000 7 
 fake.rf 1440.00000000 51615.86549870841499654 1.00000 7 
 fake.rf 1440.00000000 51625.82937201849312103 1.00000 7 
 fake.rf 1440.00000000 51635.73188550198636193 1.00000 7 
 fake.rf 1440.00000000 51645.77088653969344278 1.00000 7 
 fake.rf 1440.00000000 51655.68644661957383590 1.00000 7 
 fake.rf 1440.00000000 51665.72284955567407394 1.00000 7 
 fake.rf 1440.00000000 51675.62285105093368998 1.00000 7 
 fake.rf 1440.00000000 51685.67419180302793080 1.00000 7 
 fake.rf 1440.00000000 51695.57884730936967799 1.00000 7 
 fake.rf 1440.00000000 51705.61806053370925085 1.00000 7 
 fake.rf 1440.00000000 51715.59643681900989520 1.00000 7 
 fake.rf 1440.00000000 51725.49255682781413768 1.00000 7 
 fake.rf 1440.00000000 51735.49268395075982951 1.00000 7 
 fake.rf 1440.00000000 51745.49983957880760599 1.00000 7 
 fake.rf 1440.00000000 51755.47397196893615146 1.00000 7 
 fake.rf 1440.00000000 51765.42762111606071684 1.00000 7 
 fake.rf 1440.00000000 51775.35687202995963574 1.00000 7 
 fake.rf 1440.00000000 51785.33734534946392003 1.00000 7 
 fake.rf 1440.00000000 51795.34842432649558575 1.00000 7 
 fake.rf 1440.00000000 51805.30500420120281291 1.00000 7 
 fake.rf 1440.00000000 51815.27545443479563758 1.00000 7 
 fake.rf 1440.00000000 51825.25872129708275438 1.00000 7 
 fake.rf 1440.00000000 51835.21184934865346960 1.00000 7 
 fake.rf 1440.00000000 51845.23352395573205342 1.00000 7 
 fake.rf 1440.00000000 51855.17028894276668893 1.00000 7 
 fake.rf 1440.00000000 51865.12411081573796068 1.00000 7 
 fake.rf 1440.00000000 51875.13455636164862028 1.00000 7 
 fake.rf 1440.00000000 51885.04992426118529636 1.00000 7 
 fake.rf 1440.00000000 51895.05722467429638201 1.00000 7 
 fake.rf 1440.00000000 51905.00486680851362209 1.00000 7 
 fake.rf 1440.00000000 51914.98837950631129345 1.00000 7 
 fake.rf 1440.00000000 51924.97098346504438737 1.00000 7 
 fake.rf 1440.00000000 51934.99313656003200990 1.00000 7 
 fake.rf 1440.00000000 51944.90646702304709237 1.00000 7 
 fake.rf 1440.00000000 51954.87204305520540260 1.00000 7 
 fake.rf 1440.00000000 51964.83706057396058497 1.00000 7 
 fake.rf 1440.00000000 51974.81409835019306698 1.00000 7 
 fake.rf 1440.00000000 51984.79031347210367642 1.00000 7 
 fake.rf 1440.00000000 51994.75064276217836579 1.00000 7 
 fake.rf 1440.00000000 52004.74297367525009506 1.00000 7 
 fake.rf 1440.00000000 52014.70237308230645468 1.00000 7 
 fake.rf 1440.00000000 52024.66838296849217826 1.00000 7 
 fake.rf 1440.00000000 52034.66747158508907489 1.00000 7 
 fake.rf 1440.00000000 52044.65430242697410890 1.00000 7 
 fake.rf 1440.00000000 52054.65477227280802808 1.00000 7 
 fake.rf 1440.00000000 52064.57196429108465452 1.00000 7 
 fake.rf 1440.00000000 52074.53974853106714704 1.00000 7 
 fake.rf 1440.00000000 52084.58010705318722344 1.00000 7 
 fake.rf 1440.00000000 52094.50507668449495569 1.00000 7 
 fake.rf 1440.00000000 52104.51124428500797947 1.00000 7 
 fake.rf 1440.00000000 52114.45215363790784480 1.00000 7 
 fake.rf 1440.00000000 52124.45821120060215037 1.00000 7 
 fake.rf 1440.00000000 52134.39161660351001615 1.00000 7 
 fake.rf 1440.00000000 52144.39629170482599818 1.00000 7 
 fake.rf 1440.00000000 52154.36799487827139643 1.00000 7 
 fake.rf 1440.00000000 52164.34880293831480458 1.00000 7 
 fake.rf 1440.00000000 52174.33460422640226994 1.00000 7 
 fake.rf 1440.00000000 52184.26072395837414319 1.00000 7 
 fake.rf 1440.00000000 52194.26753759231882768 1.00000 7 
 fake.rf 1440.00000000 52204.20461030024420523 1.00000 7 
 fake.rf 1440.00000000 52214.18900979955219555 1.00000 7 
 fake.rf 1440.00000000 52224.12330714995946934 1.00000 7 
 fake.rf 1440.00000000 52234.15362143409627294 1.00000 7 
 fake.rf 1440.00000000 52244.10414503220546578 1.00000 7 
 fake.rf 1440.00000000 52254.06241058183178083 1.00000 7 
 fake.rf 1440.00000000 52264.08560522000899695 1.00000 7 
 fake.rf 1440.00000000 52274.02845065484489595 1.00000 7 
 fake.rf 1440.00000000 52283.99105828695136111 1.00000 7 
 fake.rf 1440.00000000 52293.93443911552506265 1.00000 7 
 fake.rf 1440.00000000 52303.94825147562402279 1.00000 7 
 fake.rf 1440.00000000 52313.93049433928234748 1.00000 7 
 fake.rf 1440.00000000 52323.86057894123646861 1.00000 7 
 fake.rf 1440.00000000 52333.86770550460648721 1.00000 7 
 fake.rf 1440.00000000 52343.87634134646596351 1.00000 7 
 fake.rf 1440.00000000 52353.82056102900530803 1.00000 7 
 fake.rf 1440.00000000 52363.77212853209969978 1.00000 7 
 fake.rf 1440.00000000 52373.72526069953751815 1.00000 7 
 fake.rf 1440.00000000 52383.74790229873396541 1.00000 7 
 fake.rf 1440.00000000 52393.68379927127782736 1.00000 7 
 fake.rf 1440.00000000 52403.67253877336579038 1.00000 7 
 fake.rf 1440.00000000 52413.64531898757041617 1.00000 7 
 fake.rf 1440.00000000 52423.63276297627002620 1.00000 7 
 fake.rf 1440.00000000 52433.57153099532670026 1.00000 7 
 fake.rf 1440.00000000 52443.58835427809882290 1.00000 7 
 fake.rf 1440.00000000 52453.52444439010229615 1.00000 7 
 fake.rf 1440.00000000 52463.54555323609982409 1.00000 7 
 fake.rf 1440.00000000 52473.48715566572668578 1.00000 7 
 fake.rf 1440.00000000 52483.43635127966961562 1.00000 7 
 fake.rf 1440.00000000 52493.41088424590622807 1.00000 7 
 fake.rf 1440.00000000 52503.38660461995141659 1.00000 7 
 fake.rf 1440.00000000 52513.38351064403727264 1.00000 7 
 fake.rf 1440.00000000 52523.36974740785923998 1.00000 7 
 fake.rf 1440.00000000 52533.30706944880666853 1.00000 7 
 fake.rf 1440.00000000 52543.27826082233097438 1.00000 7 
 fake.rf 1440.00000000 52553.24232548973545676 1.00000 7 
 fake.rf 1440.00000000 52563.24855073338947875 1.00000 7 
 fake.rf 1440.00000000 52573.18690776444142543 1.00000 7 
 fake.rf 1440.00000000 52583.20445553523935445 1.00000 7 
 fake.rf 1440.00000000 52593.11725941680090912 1.00000 7 
 fake.rf 1440.00000000 52603.10963492354229132 1.00000 7 
 fake.rf 1440.00000000 52613.08496610792613879 1.00000 7 
 fake.rf 1440.00000000 52623.09065049520454238 1.00000 7 
 fake.rf 1440.00000000 52633.04041486826443830 1.00000 7 
 fake.rf 1440.00000000 52643.05017697807472032 1.00000 7 
 fake.rf 1440.00000000 52653.00846820725258368 1.00000 7 
 fake.rf 1440.00000000 52662.92975661809391497 1.00000 7 
 fake.rf 1440.00000000 52672.91839056816857223 1.00000 7 
 fake.rf 1440.00000000 52682.94045159453865068 1.00000 7 
 fake.rf 1440.00000000 52692.91168597665124906 1.00000 7 
 fake.rf 1440.00000000 52702.86352123984856988 1.00000 7 
 fake.rf 1440.00000000 52712.81829272977659073 1.00000 7 
 fake.rf 1440.00000000 52722.78961165348127693 1.00000 7 
 fake.rf 1440.00000000 52732.75619525777199570 1.00000 7 
 fake.rf 1440.00000000 52742.76037247125450236 1.00000 7 
 fake.rf 1440.00000000 52752.69248566487798513 1.00000 7 
 fake.rf 1440.00000000 52762.70579699906663862 1.00000 7 
 fake.rf 1440.00000000 52772.67505409328208188 1.00000 7 
 fake.rf 1440.00000000 52782.65940738958315137 1.00000 7 
 fake.rf 1440.00000000 52792.56588533755125070 1.00000 7 
 fake.rf 1440.00000000 52802.62031306746199277 1.00000 7 
 fake.rf 1440.00000000 52812.52435771541062692 1.00000 7 
 fake.rf 1440.00000000 52822.53837938191893642 1.00000 7 
 fake.rf 1440.00000000 52832.52301488189339551 1.00000 7 
 fake.rf 1440.00000000 52842.47501920085392513 1.00000 7 
 fake.rf 1440.00000000 52852.40420323563186500 1.00000 7 
 fake.rf 1440.00000000 52862.38020773920751338 1.00000 7 
 fake.rf 1440.00000000 52872.36574165713436102 1.00000 7 
 fake.rf 1440.00000000 52882.34392033022869839 1.00000 7 
 fake.rf 1440.00000000 52892.36477704088661511 1.00000 7 
 fake.rf 1440.00000000 52902.29041912745883991 1.00000 7 
 fake.rf 1440.00000000 52912.28827762752912278 1.00000 7 
 fake.rf 1440.00000000 52922.22843651038594359 1.00000 7 
 fake.rf 1440.00000000 52932.18706736859781259 1.00000 7 
 fake.rf 1440.00000000 52942.16199456444366334 1.00000 7 
 fake.rf 1440.00000000 52952.13921988935853236 1.00000 7 
 fake.rf 1440.00000000 52962.16677960802068270 1.00000 7 
 fake.rf 1440.00000000 52972.09029957314765014 1.00000 7 
 fake.rf 1440.00000000 52982.08346311822489838 1.00000 7 
 fake.rf 1440.00000000 52992.07705494249653455 1.00000 7 
 fake.rf 1440.00000000 53001.99911356390475348 1.00000 7 
 fake.rf 1440.00000000 53011.97141672835494219 1.00000 7 
 fake.rf 1440.00000000 53021.94708439612946904 1.00000 7 
 fake.rf 1440.00000000 53031.95109965183342382 1.00000 7 
 fake.rf 1440.00000000 53041.91729066853216423 1.00000 7 
 fake.rf 1440.00000000 53051.92443991228323341 1.00000 7 
 fake.rf 1440.00000000 53061.88787268782909479 1.00000 7 
 fake.rf 1440.00000000 53071.81134603497081770 1.00000 7 
 fake.rf 1440.00000000 53081.81505671155705528 1.00000 7 
 fake.rf 1440.00000000 53091.79014712628420014 1.00000 7 
 fake.rf 1440.00000000 53101.73073611494455548 1.00000 7 
 fake.rf 1440.00000000 53111.73284553201883540 1.00000 7 
 fake.rf 1440.00000000 53121.72261818190155935 1.00000 7 
 fake.rf 1440.00000000 53131.70453321712401618 1.00000 7 
 fake.rf 1440.00000000 53141.63524907589367885 1.00000 7 
 fake.rf 1440.00000000 53151.60433044299713501 1.00000 7 
 fake.rf 1440.00000000 53161.62606709276100148 1.00000 7 
 fake.rf 1440.00000000 53171.56009187248597669 1.00000 7 
 fake.rf 1440.00000000 53181.54201145962061403 1.00000 7 
 fake.rf 1440.00000000 53191.48589781701434731 1.00000 7 
 fake.rf 1440.00000000 53201.46808364110279044 1.00000 7 
 fake.rf 1440.00000000 53211.48628299928318697 1.00000 7 
 fake.rf 1440.00000000 53221.45533218246176688 1.00000 7 
 fake.rf 1440.00000000 53231.40498115527934786 1.00000 7 
 fake.rf 1440.00000000 53241.40911573371959875 1.00000 7 
 fake.rf 1440.00000000 53251.38039644808418771 1.00000 7 
 fake.rf 1440.00000000 53261.33457506848519003 1.00000 7 
 fake.rf 1440.00000000 53271.31024037336104016 1.00000 7 
 fake.rf 1440.00000000 53281.23234533558953530 1.00000 7 
 fake.rf 1440.00000000 53291.20699188888033859 1.00000 7 
 fake.rf 1440.00000000 53301.20355335594472734 1.00000 7 
 fake.rf 1440.00000000 53311.15835462538721856 1.00000 7 
 fake.rf 1440.00000000 53321.13260865890320872 1.00000 7 
 fake.rf 1440.00000000 53331.13214208863459831 1.00000 7 
 fake.rf 1440.00000000 53341.11826301482388146 1.00000 7 
 fake.rf 1440.00000000 53351.08601238251563004 1.00000 7 
 fake.rf 1440.00000000 53361.03666604108373051 1.00000 7 
 fake.rf 1440.00000000 53371.01352408363367275 1.00000 7 
 fake.rf 1440.00000000 53381.01538446468222432 1.00000 7 
 fake.rf 1440.00000000 53390.99705311255407381 1.00000 7 
 fake.rf 1440.00000000 53400.97630586809519571 1.00000 7 
 fake.rf 1440.00000000 53410.94605961560902685 1.00000 7 
 fake.rf 1440.00000000 53420.87380866211485397 1.00000 7 
 fake.rf 1440.00000000 53430.87013841719011964 1.00000 7 
 fake.rf 1440.00000000 53440.84911151428019593 1.00000 7 
 fake.rf 1440.00000000 53450.81821417028762866 1.00000 7 
 fake.rf 1440.00000000 53460.81092955873239347 1.00000 7 
 fake.rf 1440.00000000 53470.75561031937460044 1.00000 7 
 fake.rf 1440.00000000 53480.68604209095593660 1.00000 7 
 fake.rf 1440.00000000 53490.68798142608002877 1.00000 7 
 fake.rf 1440.00000000 53500.68718620998703628 1.00000 7 
 fake.rf 1440.00000000 53510.62710806093924631 1.00000 7 
 fake.rf 1440.00000000 53520.59121778877040398 1.00000 7 
 fake.rf 1440.00000000 53530.58677607095113160 1.00000 7 
 fake.rf 1440.00000000 53540.58698463752417851 1.00000 7 
 fake.rf 1440.00000000 53550.49919989906486251 1.00000 7 
 fake.rf 1440.00000000 53560.49334316305866821 1.00000 7 
 fake.rf 1440.00000000 53570.47503475167051334 1.00000 7 
 fake.rf 1440.00000000 53580.47355298854487415 1.00000 7 
 fake.rf 1440.00000000 53590.41710556112354880 1.00000 7 
 fake.rf 1440.00000000 53600.40074801141862437 1.00000 7 
 fake.rf 1440.00000000 53610.33979870607947404 1.00000 7 
 fake.rf 1440.00000000 53620.34879027678140773 1.00000 7 
 fake.rf 1440.00000000 53630.33399105247601568 1.00000 7 
 fake.rf 1440.00000000 53640.29987949964928973 1.00000 7 
 fake.rf 1440.00000000 53650.23896296653293092 1.00000 7 
 fake.rf 1440.00000000 53660.21921743563054008 1.00000 7 
