FORMAT 1
 fake.rf 1440.00000000 50000.23312496409883465 1.00000 7 
 fake.rf 1440.00000000 50010.24297103644371632 1.00000 7 
 fake.rf 1440.00000000 50020.18327366404836098 1.00000 7 
 fake.rf 1440.00000000 50030.15469093118421640 1.00000 7 
 fake.rf 1440.00000000 50040.11795265209368822 1.00000 7 
 fake.rf 1440.00000000 50050.15015632801471668 1.00000 7 
 fake.rf 1440.00000000 50060.11137938270549341 1.00000 7 
 fake.rf 1440.00000000 50070.04799114020300621 1.00000 7 
 fake.rf 1440.00000000 50080.06155803247917291 1.00000 7 
 fake.rf 1440.00000000 50090.01123745538400200 1.00000 7 
 fake.rf 1440.00000000 50099.99031419515589647 1.00000 7 
 fake.rf 1440.00000000 50109.95038704568709420 1.00000 7 
 fake.rf 1440.00000000 50119.94508988663922722 1.00000 7 
 fake.rf 1440.00000000 50129.90540087668284741 1.00000 7 
 fake.rf 1440.00000000 50139.84152747298573161 1.00000 7 
 fake.rf 1440.00000000 50149.81722601657876126 1.00000 7 
 fake.rf 1440.00000000 50159.81329529222129793 1.00000 7 
 fake.rf 1440.00000000 50169.77919221169114650 1.00000 7 
 fake.rf 1440.00000000 50179.79986237921566783 1.00000 7 
 fake.rf 1440.00000000 50189.73377753333337026 1.00000 7 
 fake.rf 1440.00000000 50199.75569554594211041 1.00000 7 
 fake.rf 1440.00000000 50209.70950904984902863 1.00000 7 
 fake.rf 1440.00000000 50219.69100933077367088 1.00000 7 
 fake.rf 1440.00000000 50229.60812619615278152 1.00000 7 
 fake.rf 1440.00000000 50239.63478002742340323 1.00000 7 
 fake.rf 1440.00000000 50249.58712024404281138 1.00000 7 
 fake.rf 1440.00000000 50259.58241206053977379 1.00000 7 
 fake.rf 1440.00000000 50269.55685620750963238 1.00000 7 
 fake.rf 1440.00000000 50279.45537555730767210 1.00000 7 
 fake.rf 1440.00000000 50289.49312687613607409 1.00000 7 
 fake.rf 1440.00000000 50299.44126622826576778 1.00000 7 
 fake.rf 1440.00000000 50309.38678023844424203 1.00000 7 
 fake.rf 1440.00000000 50319.37834863242592576 1.00000 7 
 fake.rf 1440.00000000 50329.37742830300770436 1.00000 7 
 fake.rf 1440.00000000 50339.32166392617855522 1.00000 7 
 fake.rf 1440.00000000 50349.30379834938366557 1.00000 7 
 fake.rf 1440.00000000 50359.27905269211342087 1.00000 7 
 fake.rf 1440.00000000 50369.21181570990367504 1.00000 7 
 fake.rf 1440.00000000 50379.24119954114799924 1.00000 7 
 fake.rf 1440.00000000 50389.17399181961144095 1.00000 7 
 fake.rf 1440.00000000 50399.16707186828742238 1.00000 7 
 fake.rf 1440.00000000 50409.11950345058061274 1.00000 7 
 fake.rf 1440.00000000 50419.12300621685976409 1.00000 7 
 fake.rf 1440.00000000 50429.05476016223487434 1.00000 7 
 fake.rf 1440.00000000 50439.07814037018789222 1.00000 7 
 fake.rf 1440.00000000 50449.04507408341789798 1.00000 7 
 fake.rf 1440.00000000 50458.97983091256139687 1.00000 7 
 fake.rf 1440.00000000 50468.94325139636745092 1.00000 7 
 fake.rf 1440.00000000 50478.98671968618592132 1.00000 7 
 fake.rf 1440.00000000 50488.88611767730163038 1.00000 7 
 fake.rf 1440.00000000 50498.89409098695293565 1.00000 7 
 fake.rf 1440.00000000 50508.90344830762461825 1.00000 7 
 fake.rf 1440.00000000 50518.86729745190083207 1.00000 7 
 fake.rf 1440.00000000 50528.80074202267792671 1.00000 7 
 fake.rf 1440.00000000 50538.75452055929837414 1.00000 7 
 fake.rf 1440.00000000 50548.77232786789713259 1.00000 7 
 fake.rf 1440.00000000 50558.76875034799955344 1.00000 7 
 fake.rf 1440.00000000 50568.74512503029695054 1.00000 7 
 fake.rf 1440.00000000 50578.68134747445169097 1.00000 7 
 fake.rf 1440.00000000 50588.68692698013320452 1.00000 7 
 fake.rf 1440.00000000 50598.64502395857650541 1.00000 7 
 fake.rf 1440.00000000 50608.55669009879922626 1.00000 7 
 fake.rf 1440.00000000 50618.53508794839941132 1.00000 7 
 fake.rf 1440.00000000 50628.51205763609059218 1.00000 7 
 fake.rf 1440.00000000 50638.53344114936280107 1.00000 7 
 fake.rf 1440.00000000 50648.48337891387566145 1.00000 7 
 fake.rf 1440.00000000 50658.46978734682823742 1.00000 7 
 fake.rf 1440.00000000 50668.41039620360108486 1.00000 7 
 fake.rf 1440.00000000 50678.40373466676270908 1.00000 7 
 fake.rf 1440.00000000 50688.36349796420823921 1.00000 7 
 fake.rf 1440.00000000 50698.34753674714026772 1.00000 7 
 fake.rf 1440.00000000 50708.36125958521600054 1.00000 7 
 fake.rf 1440.00000000 50718.30075879780972770 1.00000 7 
 fake.rf 1440.00000000 50728.23227137411625520 1.00000 7 
 fake.rf 1440.00000000 50738.20505246067032346 1.00000 7 
 fake.rf 1440.00000000 50748.19523624934577910 1.00000 7 
 fake.rf 1440.00000000 50758.20432017969432792 1.00000 7 
 fake.rf 1440.00000000 50768.13916242923577826 1.00000 7 
 fake.rf 1440.00000000 50778.12007102914039081 1.00000 7 
 fake.rf 1440.00000000 50788.11659423302829452 1.00000 7 
 fake.rf 1440.00000000 50798.06147215004907736 1.00000 7 
 fake.rf 1440.00000000 50808.07765843962406294 1.00000 7 
 fake.rf 1440.00000000 50818.02750991309525475 1.00000 7 
 fake.rf 1440.00000000 50827.96354132699461914 1.00000 7 
 fake.rf 1440.00000000 50837.94047652277382099 1.00000 7 
 fake.rf 1440.00000000 50847.95474419034093927 1.00000 7 
 fake.rf 1440.00000000 50857.93588725216655533 1.00000 7 
 fake.rf 1440.00000000 50867.85321590760810295 1.00000 7 
 fake.rf 1440.00000000 50877.87116261800151307 1.00000 7 
 fake.rf 1440.00000000 50887.81583244453949177 1.00000 7 
 fake.rf 1440.00000000 50897.76604493463786838 1.00000 7 
 fake.rf 1440.00000000 50907.76939295335640523 1.00000 7 
 fake.rf 1440.00000000 50917.73636660115544927 1.00000 7 
 fake.rf 1440.00000000 50927.69228123741929792 1.00000 7 
 fake.rf 1440.00000000 50937.69990330921070765 1.00000 7 
 fake.rf 1440.00000000 50947.63223146102790651 1.00000 7 
 fake.rf 1440.00000000 50957.64872154553002304 1.00000 7 
 fake.rf 1440.00000000 50967.58672303003176651 1.00000 7 
 fake.rf 1440.00000000 50977.57029772557538649 1.00000 7 
 fake.rf 1440.00000000 50987.52409727399598083 1.00000 7 
 fake.rf 1440.00000000 50997.53249971620276781 1.00000 7 
 fake.rf 1440.00000000 51007.52741752391761665 1.00000 7 
 fake.rf 1440.00000000 51017.43891093652799640 1.00000 7 
 fake.rf 1440.00000000 51027.41411693183911069 1.00000 7 
 fake.rf 1440.00000000 51037.45118494035471102 1.00000 7 
 fake.rf 1440.00000000 51047.36276378471655590 1.00000 7 
 fake.rf 1440.00000000 51057.35545788589170257 1.00000 7 
 fake.rf 1440.00000000 51067.34558081479904601 1.00000 7 
 fake.rf 1440.00000000 51077.30263957461598423 1.00000 7 
 fake.rf 1440.00000000 51087.30354665641328182 1.00000 7 
 fake.rf 1440.00000000 51097.23416376820939888 1.00000 7 
 fake.rf 1440.00000000 51107.24673814833458607 1.00000 7 
 fake.rf 1440.00000000 51117.20780249802788120 1.00000 7 
 fake.rf 1440.00000000 51127.19890872795835080 1.00000 7 
 fake.rf 1440.00000000 51137.17481886422075021 1.00000 7 
 fake.rf 1440.00000000 51147.14012274182089968 1.00000 7 
 fake.rf 1440.00000000 51157.08946763378431299 1.00000 7 
 fake.rf 1440.00000000 51167.07382518224735080 1.00000 7 
 fake.rf 1440.00000000 51177.06709537085819761 1.00000 7 
 fake.rf 1440.00000000 51186.97835795690793148 1.00000 7 
 fake.rf 1440.00000000 51197.01802301271916207 1.00000 7 
 fake.rf 1440.00000000 51206.98881002195573231 1.00000 7 
 fake.rf 1440.00000000 51216.93072493353562180 1.00000 7 
 fake.rf 1440.00000000 51226.88133469602038161 1.00000 7 
 fake.rf 1440.00000000 51236.83534065712598959 1.00000 7 
 fake.rf 1440.00000000 51246.81218194829091672 1.00000 7 
 fake.rf 1440.00000000 51256.80575751956586572 1.00000 7 
 fake.rf 1440.00000000 51266.80355791453372305 1.00000 7 
 fake.rf 1440.00000000 51276.74570504717024377 1.00000 7 
 fake.rf 1440.00000000 51286.75015965437848209 1.00000 7 
 fake.rf 1440.00000000 51296.72906393958151128 1.00000 7 
 fake.rf 1440.00000000 51306.70691781274617682 1.00000 7 
 fake.rf 1440.00000000 51316.65026125722665640 1.00000 7 
 fake.rf 1440.00000000 51326.65129655606619252 1.00000 7 
 fake.rf 1440.00000000 51336.63166080627544474 1.00000 7 
 fake.rf 1440.00000000 51346.55604326004525362 1.00000 7 
 fake.rf 1440.00000000 51356.57929505388047886 1.00000 7 
 fake.rf 1440.00000000 51366.49632442534380061 1.00000 7 
 fake.rf 1440.00000000 51376.52146747591729081 1.00000 7 
 fake.rf 1440.00000000 51386.44574898714918731 1.00000 7 
 fake.rf 1440.00000000 51396.47432312400246346 1.00000 7 
 fake.rf 1440.00000000 51406.37405427704141658 1.00000 7 
 fake.rf 1440.00000000 51416.42154786817157230 1.00000 7 
 fake.rf 1440.00000000 51426.35515732477468731 1.00000 7 
 fake.rf 1440.00000000 51436.35663238911811490 1.00000 7 
 fake.rf 1440.00000000 51446.32400707510578997 1.00000 7 
 fake.rf 1440.00000000 51456.25022476763698620 1.00000 7 
 fake.rf 1440.00000000 51466.22834910223560811 1.00000 7 
 fake.rf 1440.00000000 51476.20738565494361083 1.00000 7 
 fake.rf 1440.00000000 51486.15417786769678088 1.00000 7 
 fake.rf 1440.00000000 51496.15420242406096207 1.00000 7 
 fake.rf 1440.00000000 51506.11687503499356566 1.00000 7 
 fake.rf 1440.00000000 51516.14509190226248947 1.00000 7 
 fake.rf 1440.00000000 51526.11433575192764067 1.00000 7 
 fake.rf 1440.00000000 51536.05492246401517065 1.00000 7 
 fake.rf 1440.00000000 51546.06444961530003823 1.00000 7 
 fake.rf 1440.00000000 51556.03783909733118307 1.00000 7 
 fake.rf 1440.00000000 51565.99930569277997705 1.00000 7 
 fake.rf 1440.00000000 51575.95060424442699087 1.00000 7 
 fake.rf 1440.00000000 51585.89344516770642102 1.00000 7 
 fake.rf 1440.00000000 51595.88667074455520734 1.00000 7 
 fake.rf 1440.00000000 51605.84417787068378658 1.00000 7 
 fake.rf 1440.00000000 51615.87551039539306785 1.00000 7 
 fake.rf 1440.00000000 51625.83938368236435323 1.00000 7 
 fake.rf 1440.00000000 51635.74189715507354492 1.00000 7 
 fake.rf 1440.00000000 51645.78089824164399602 1.00000 7 
 fake.rf 1440.00000000 51655.69645830525893260 1.00000 7 
 fake.rf 1440.00000000 51665.73286123959279337 1.00000 7 
 fake.rf 1440.00000000 51675.63286271009243578 1.00000 7 
 fake.rf 1440.00000000 51685.68420348951331533 1.00000 7 
 fake.rf 1440.00000000 51695.58885898080778176 1.00000 7 
 fake.rf 1440.00000000 51705.62807222119850792 1.00000 7 
 fake.rf 1440.00000000 51715.60644847288075354 1.00000 7 
 fake.rf 1440.00000000 51725.50256853666531143 1.00000 7 
 fake.rf 1440.00000000 51735.50269562946836643 1.00000 7 
 fake.rf 1440.00000000 51745.50985126407841364 1.00000 7 
 fake.rf 1440.00000000 51755.48398366898432954 1.00000 7 
 fake.rf 1440.00000000 51765.43763276485287150 1.00000 7 
 fake.rf 1440.00000000 51775.36688372459695273 1.00000 7 
 fake.rf 1440.00000000 51785.34735701518513196 1.00000 7 
 fake.rf 1440.00000000 51795.35843602742006198 1.00000 7 
 fake.rf 1440.00000000 51805.31501585579541924 1.00000 7 
 fake.rf 1440.00000000 51815.28546612935710769 1.00000 7 
 fake.rf 1440.00000000 51825.26873298945042734 1.00000 7 
 fake.rf 1440.00000000 51835.22186100381385998 1.00000 7 
 fake.rf 1440.00000000 51845.24353563866046102 1.00000 7 
 fake.rf 1440.00000000 51855.18030061039137379 1.00000 7 
 fake.rf 1440.00000000 51865.13412248486392642 1.00000 7 
 fake.rf 1440.00000000 51875.14456802395620372 1.00000 7 
 fake.rf 1440.00000000 51885.05993592457209118 1.00000 7 
 fake.rf 1440.00000000 51895.06723637335600330 1.00000 7 
 fake.rf 1440.00000000 51905.01487848431592198 1.00000 7 
 fake.rf 1440.00000000 51914.99839119429923429 1.00000 7 
 fake.rf 1440.00000000 51924.98099514408778887 1.00000 7 
 fake.rf 1440.00000000 51935.00314820907680868 1.00000 7 
 fake.rf 1440.00000000 51944.91647872693888743 1.00000 7 
 fake.rf 1440.00000000 51954.88205476924635562 1.00000 7 
 fake.rf 1440.00000000 51964.84707225741152214 1.00000 7 
 fake.rf 1440.00000000 51974.82411002997411131 1.00000 7 
 fake.rf 1440.00000000 51984.80032516450627966 1.00000 7 
 fake.rf 1440.00000000 51994.76065447100699757 1.00000 7 
 fake.rf 1440.00000000 52004.75298535317603665 1.00000 7 
 fake.rf 1440.00000000 52014.71238475692527459 1.00000 7 
 fake.rf 1440.00000000 52024.67839463432351721 1.00000 7 
 fake.rf 1440.00000000 52034.67748325968062062 1.00000 7 
 fake.rf 1440.00000000 52044.66431410540582547 1.00000 7 
 fake.rf 1440.00000000 52054.66478395005243840 1.00000 7 
 fake.rf 1440.00000000 52064.58197596789752382 1.00000 7 
 fake.rf 1440.00000000 52074.54976024082081310 1.00000 7 
 fake.rf 1440.00000000 52084.59011872660308740 1.00000 7 
 fake.rf 1440.00000000 52094.51508837192472967 1.00000 7 
 fake.rf 1440.00000000 52104.52125596708048860 1.00000 7 
 fake.rf 1440.00000000 52114.46216533447097063 1.00000 7 
 fake.rf 1440.00000000 52124.46822288443796012 1.00000 7 
 fake.rf 1440.00000000 52134.40162828924097127 1.00000 7 
 fake.rf 1440.00000000 52144.40630337979816744 1.00000 7 
 fake.rf 1440.00000000 52154.37800653992026056 1.00000 7 
 fake.rf 1440.00000000 52164.35881465491530662 1.00000 7 
 fake.rf 1440.00000000 52174.34461586696585655 1.00000 7 
 fake.rf 1440.00000000 52184.27073563230814202 1.00000 7 
 fake.rf 1440.00000000 52194.27754924849543983 1.00000 7 
 fake.rf 1440.00000000 52204.21462197786570769 1.00000 7 
 fake.rf 1440.00000000 52214.19902145058507870 1.00000 7 
 fake.rf 1440.00000000 52224.13331881414324798 1.00000 7 
 fake.rf 1440.00000000 52234.16363315001439815 1.00000 7 
 fake.rf 1440.00000000 52244.11415673869704790 1.00000 7 
 fake.rf 1440.00000000 52254.07242225383478740 1.00000 7 
 fake.rf 1440.00000000 52264.09561692416185963 1.00000 7 
 fake.rf 1440.00000000 52274.03846234323372855 1.00000 7 
 fake.rf 1440.00000000 52284.00106995905087004 1.00000 7 
 fake.rf 1440.00000000 52293.94445079146852251 1.00000 7 
 fake.rf 1440.00000000 52303.95826315933820183 1.00000 7 
 fake.rf 1440.00000000 52313.94050603565942126 1.00000 7 
 fake.rf 1440.00000000 52323.87059061271288840 1.00000 7 
 fake.rf 1440.00000000 52333.87771720264407449 1.00000 7 
 fake.rf 1440.00000000 52343.88635301860748683 1.00000 7 
 fake.rf 1440.00000000 52353.83057270240431436 1.00000 7 
 fake.rf 1440.00000000 52363.78214019534054557 1.00000 7 
 fake.rf 1440.00000000 52373.73527236135338470 1.00000 7 
 fake.rf 1440.00000000 52383.75791401019852600 1.00000 7 
 fake.rf 1440.00000000 52393.69381095514534152 1.00000 7 
 fake.rf 1440.00000000 52403.68255043159343742 1.00000 7 
 fake.rf 1440.00000000 52413.65533066039013832 1.00000 7 
 fake.rf 1440.00000000 52423.64277465473989182 1.00000 7 
 fake.rf 1440.00000000 52433.58154269571954487 1.00000 7 
 fake.rf 1440.00000000 52443.59836597911337464 1.00000 7 
 fake.rf 1440.00000000 52453.53445607759849878 1.00000 7 
 fake.rf 1440.00000000 52463.55556492782546840 1.00000 7 
 fake.rf 1440.00000000 52473.49716731021070970 1.00000 7 
 fake.rf 1440.00000000 52483.44636297637012134 1.00000 7 
 fake.rf 1440.00000000 52493.42089591049386144 1.00000 7 
 fake.rf 1440.00000000 52503.39661630649419877 1.00000 7 
 fake.rf 1440.00000000 52513.39352232726197300 1.00000 7 
 fake.rf 1440.00000000 52523.37975909435004596 1.00000 7 
 fake.rf 1440.00000000 52533.31708113900825197 1.00000 7 
 fake.rf 1440.00000000 52543.28827249415650158 1.00000 7 
 fake.rf 1440.00000000 52553.25233719431945545 1.00000 7 
 fake.rf 1440.00000000 52563.25856243086905195 1.00000 7 
 fake.rf 1440.00000000 52573.19691942764165660 1.00000 7 
 fake.rf 1440.00000000 52583.21446722908848770 1.00000 7 
 fake.rf 1440.00000000 52593.12727109702939643 1.00000 7 
 fake.rf 1440.00000000 52603.11964659897884644 1.00000 7 
 fake.rf 1440.00000000 52613.09497777633530546 1.00000 7 
 fake.rf 1440.00000000 52623.10066217899621677 1.00000 7 
 fake.rf 1440.00000000 52633.05042655347140368 1.00000 7 
 fake.rf 1440.00000000 52643.06018865187428446 1.00000 7 
 fake.rf 1440.00000000 52653.01847990849311643 1.00000 7 
 fake.rf 1440.00000000 52662.93976831081576151 1.00000 7 
 fake.rf 1440.00000000 52672.92840223727158033 1.00000 7 
 fake.rf 1440.00000000 52682.95046327863548186 1.00000 7 
 fake.rf 1440.00000000 52692.92169767964905347 1.00000 7 
 fake.rf 1440.00000000 52702.87353290282186791 1.00000 7 
 fake.rf 1440.00000000 52712.82830441500069796 1.00000 7 
 fake.rf 1440.00000000 52722.79962335154675657 1.00000 7 
 fake.rf 1440.00000000 52732.76620691011763498 1.00000 7 
 fake.rf 1440.00000000 52742.77038414977011271 1.00000 7 
 fake.rf 1440.00000000 52752.70249736493925496 1.00000 7 
 fake.rf 1440.00000000 52762.71580868076931026 1.00000 7 
 fake.rf 1440.00000000 52772.68506580298701891 1.00000 7 
 fake.rf 1440.00000000 52782.66941907433481518 1.00000 7 
 fake.rf 1440.00000000 52792.57589704298845490 1.00000 7 
 fake.rf 1440.00000000 52802.63032474897080348 1.00000 7 
 fake.rf 1440.00000000 52812.53436939201904465 1.00000 7 
 fake.rf 1440.00000000 52822.54839103361289077 1.00000 7 
 fake.rf 1440.00000000 52832.53302657233549766 1.00000 7 
 fake.rf 1440.00000000 52842.48503090445969121 1.00000 7 
 fake.rf 1440.00000000 52852.41421490360971092 1.00000 7 
 fake.rf 1440.00000000 52862.39021945191936425 1.00000 7 
 fake.rf 1440.00000000 52872.37575337345462145 1.00000 7 
 fake.rf 1440.00000000 52882.35393203740274615 1.00000 7 
 fake.rf 1440.00000000 52892.37478869541255122 1.00000 7 
 fake.rf 1440.00000000 52902.30043083515218427 1.00000 7 
 fake.rf 1440.00000000 52912.29828930394910813 1.00000 7 
 fake.rf 1440.00000000 52922.23844818142571711 1.00000 7 
 fake.rf 1440.00000000 52932.19707902956850276 1.00000 7 
 fake.rf 1440.00000000 52942.17200623341895138 1.00000 7 
 fake.rf 1440.00000000 52952.14923155271577571 1.00000 7 
 fake.rf 1440.00000000 52962.17679127407139461 1.00000 7 
 fake.rf 1440.00000000 52972.10031125608138325 1.00000 7 
 fake.rf 1440.00000000 52982.09347480721358181 1.00000 7 
 fake.rf 1440.00000000 52992.08706660462270222 1.00000 7 
 fake.rf 1440.00000000 53002.00912526961132087 1.00000 7 
 fake.rf 1440.00000000 53011.98142840396452513 1.00000 7 
 fake.rf 1440.00000000 53021.95709606330249031 1.00000 7 
 fake.rf 1440.00000000 53031.96111131930037175 1.00000 7 
 fake.rf 1440.00000000 53041.92730233166713916 1.00000 7 
 fake.rf 1440.00000000 53051.93445157722472061 1.00000 7 
 fake.rf 1440.00000000 53061.89788438464385933 1.00000 7 
 fake.rf 1440.00000000 53071.82135773302541892 1.00000 7 
 fake.rf 1440.00000000 53081.82506841749085424 1.00000 7 
 fake.rf 1440.00000000 53091.80015881037939707 1.00000 7 
 fake.rf 1440.00000000 53101.74074778182294665 1.00000 7 
 fake.rf 1440.00000000 53111.74285718943731993 1.00000 7 
 fake.rf 1440.00000000 53121.73262986317770995 1.00000 7 
 fake.rf 1440.00000000 53131.71454488784943848 1.00000 7 
 fake.rf 1440.00000000 53141.64526078847140411 1.00000 7 
 fake.rf 1440.00000000 53151.61434212181567105 1.00000 7 
 fake.rf 1440.00000000 53161.63607879280993984 1.00000 7 
 fake.rf 1440.00000000 53171.57010356453575994 1.00000 7 
 fake.rf 1440.00000000 53181.55202315190918227 1.00000 7 
 fake.rf 1440.00000000 53191.49590950916393695 1.00000 7 
 fake.rf 1440.00000000 53201.47809531827702045 1.00000 7 
 fake.rf 1440.00000000 53211.49629470201274017 1.00000 7 
 fake.rf 1440.00000000 53221.46534385697972169 1.00000 7 
 fake.rf 1440.00000000 53231.41499284816256932 1.00000 7 
 fake.rf 1440.00000000 53241.41912739364610019 1.00000 7 
 fake.rf 1440.00000000 53251.39040808709713559 1.00000 7 
 fake.rf 1440.00000000 53261.34458674569103565 1.00000 7 
 fake.rf 1440.00000000 53271.32025205673319945 1.00000 7 
 fake.rf 1440.00000000 53281.24235705363838989 1.00000 7 
 fake.rf 1440.00000000 53291.21700360874396551 1.00000 7 
 fake.rf 1440.00000000 53301.21356501378782866 1.00000 7 
 fake.rf 1440.00000000 53311.16836632485169645 1.00000 7 
 fake.rf 1440.00000000 53321.14262033742216929 1.00000 7 
 fake.rf 1440.00000000 53331.14215376475157271 1.00000 7 
 fake.rf 1440.00000000 53341.12827465797184345 1.00000 7 
 fake.rf 1440.00000000 53351.09602404067564052 1.00000 7 
 fake.rf 1440.00000000 53361.04667770199838017 1.00000 7 
 fake.rf 1440.00000000 53371.02353572701608897 1.00000 7 
 fake.rf 1440.00000000 53381.02539613574836963 1.00000 7 
 fake.rf 1440.00000000 53391.00706480414498145 1.00000 7 
 fake.rf 1440.00000000 53400.98631757984171742 1.00000 7 
 fake.rf 1440.00000000 53410.95607128310782485 1.00000 7 
 fake.rf 1440.00000000 53420.88382037351997056 1.00000 7 
 fake.rf 1440.00000000 53430.88015010972326024 1.00000 7 
 fake.rf 1440.00000000 53440.85912318226712969 1.00000 7 
 fake.rf 1440.00000000 53450.82822582240581255 1.00000 7 
 fake.rf 1440.00000000 53460.82094125289686914 1.00000 7 
 fake.rf 1440.00000000 53470.76562198945812909 1.00000 7 
 fake.rf 1440.00000000 53480.69605377531324564 1.00000 7 
 fake.rf 1440.00000000 53490.69799311691104649 1.00000 7 
 fake.rf 1440.00000000 53500.69719785198168793 1.00000 7 
 fake.rf 1440.00000000 53510.63711977482890347 1.00000 7 
 fake.rf 1440.00000000 53520.60122948457854619 1.00000 7 
 fake.rf 1440.00000000 53530.59678776086134988 1.00000 7 
 fake.rf 1440.00000000 53540.59699628641683944 1.00000 7 
 fake.rf 1440.00000000 53550.50921161140209392 1.00000 7 
 fake.rf 1440.00000000 53560.50335485617982911 1.00000 7 
 fake.rf 1440.00000000 53570.48504642652466501 1.00000 7 
 fake.rf 1440.00000000 53580.48356467298918560 1.00000 7 
 fake.rf 1440.00000000 53590.42711724595866585 1.00000 7 
 fake.rf 1440.00000000 53600.41075971614598217 1.00000 7 
 fake.rf 1440.00000000 53610.34981037491370870 1.00000 7 
 fake.rf 1440.00000000 53620.35880195377483304 1.00000 7 
 fake.rf 1440.00000000 53630.34400272547889799 1.00000 7 
 fake.rf 1440.00000000 53640.30989117864703886 1.00000 7 
 fake.rf 1440.00000000 53650.24897465859099555 1.00000 7 
 fake.rf 1440.00000000 53660.22922912496163761 1.00000 7 
