FORMAT 1
 fake.rf 1440.00000000 50000.24125304240243750 1.00000 7 
 fake.rf 1440.00000000 50010.25109913387308680 1.00000 7 
 fake.rf 1440.00000000 50020.19140175763289946 1.00000 7 
 fake.rf 1440.00000000 50030.16281899630666885 1.00000 7 
 fake.rf 1440.00000000 50040.12608071433326629 1.00000 7 
 fake.rf 1440.00000000 50050.15828442048865199 1.00000 7 
 fake.rf 1440.00000000 50060.11950743728905877 1.00000 7 
 fake.rf 1440.00000000 50070.05611921126769914 1.00000 7 
 fake.rf 1440.00000000 50080.06968610401865405 1.00000 7 
 fake.rf 1440.00000000 50090.01936551171921863 1.00000 7 
 fake.rf 1440.00000000 50099.99844228975087645 1.00000 7 
 fake.rf 1440.00000000 50109.95851512872025424 1.00000 7 
 fake.rf 1440.00000000 50119.95321797670451858 1.00000 7 
 fake.rf 1440.00000000 50129.91352895900175923 1.00000 7 
 fake.rf 1440.00000000 50139.84965553259873516 1.00000 7 
 fake.rf 1440.00000000 50149.82535407526761162 1.00000 7 
 fake.rf 1440.00000000 50159.82142339144468579 1.00000 7 
 fake.rf 1440.00000000 50169.78732028771748475 1.00000 7 
 fake.rf 1440.00000000 50179.80799047377227495 1.00000 7 
 fake.rf 1440.00000000 50189.74190562163991203 1.00000 7 
 fake.rf 1440.00000000 50199.76382366215932507 1.00000 7 
 fake.rf 1440.00000000 50209.71763710589786456 1.00000 7 
 fake.rf 1440.00000000 50219.69913740167613980 1.00000 7 
 fake.rf 1440.00000000 50229.61625431896738547 1.00000 7 
 fake.rf 1440.00000000 50239.64290808985846937 1.00000 7 
 fake.rf 1440.00000000 50249.59524832465931965 1.00000 7 
 fake.rf 1440.00000000 50259.59054014123514165 1.00000 7 
 fake.rf 1440.00000000 50269.56498428957889146 1.00000 7 
 fake.rf 1440.00000000 50279.46350365109496749 1.00000 7 
 fake.rf 1440.00000000 50289.50125496778412426 1.00000 7 
 fake.rf 1440.00000000 50299.44939434374355258 1.00000 7 
 fake.rf 1440.00000000 50309.39490835749924003 1.00000 7 
 fake.rf 1440.00000000 50319.38647669313639810 1.00000 7 
 fake.rf 1440.00000000 50329.38555639929171193 1.00000 7 
 fake.rf 1440.00000000 50339.32979200971279354 1.00000 7 
 fake.rf 1440.00000000 50349.31192643765688288 1.00000 7 
 fake.rf 1440.00000000 50359.28718075183295255 1.00000 7 
 fake.rf 1440.00000000 50369.21994375863886972 1.00000 7 
 fake.rf 1440.00000000 50379.24932763768195798 1.00000 7 
 fake.rf 1440.00000000 50389.18211989841816489 1.00000 7 
 fake.rf 1440.00000000 50399.17519994844420239 1.00000 7 
 fake.rf 1440.00000000 50409.12763151165782105 1.00000 7 
 fake.rf 1440.00000000 50419.13113427712810477 1.00000 7 
 fake.rf 1440.00000000 50429.06288821721920712 1.00000 7 
 fake.rf 1440.00000000 50439.08626845529751748 1.00000 7 
 fake.rf 1440.00000000 50449.05320219161819040 1.00000 7 
 fake.rf 1440.00000000 50458.98795900656996238 1.00000 7 
 fake.rf 1440.00000000 50468.95137945589717177 1.00000 7 
 fake.rf 1440.00000000 50478.99484773624021372 1.00000 7 
 fake.rf 1440.00000000 50488.89424577232752611 1.00000 7 
 fake.rf 1440.00000000 50498.90221910631951374 1.00000 7 
 fake.rf 1440.00000000 50508.91157638695855070 1.00000 7 
 fake.rf 1440.00000000 50518.87542554522817895 1.00000 7 
 fake.rf 1440.00000000 50528.80887009417887512 1.00000 7 
 fake.rf 1440.00000000 50538.76264861907581505 1.00000 7 
 fake.rf 1440.00000000 50548.78045593670432467 1.00000 7 
 fake.rf 1440.00000000 50558.77687839368373801 1.00000 7 
 fake.rf 1440.00000000 50568.75325311161140718 1.00000 7 
 fake.rf 1440.00000000 50578.68947552613339980 1.00000 7 
 fake.rf 1440.00000000 50588.69505504390529183 1.00000 7 
 fake.rf 1440.00000000 50598.65315203640574637 1.00000 7 
 fake.rf 1440.00000000 50608.56481819611902395 1.00000 7 
 fake.rf 1440.00000000 50618.54321599840906032 1.00000 7 
 fake.rf 1440.00000000 50628.52018570573015310 1.00000 7 
 fake.rf 1440.00000000 50638.54156921458248064 1.00000 7 
 fake.rf 1440.00000000 50648.49150700015460203 1.00000 7 
 fake.rf 1440.00000000 50658.47791541803662696 1.00000 7 
 fake.rf 1440.00000000 50668.41852428264891728 1.00000 7 
 fake.rf 1440.00000000 50678.41186273074927371 1.00000 7 
 fake.rf 1440.00000000 50688.37162604604509042 1.00000 7 
 fake.rf 1440.00000000 50698.35566482194077054 1.00000 7 
 fake.rf 1440.00000000 50708.36938764836019544 1.00000 7 
 fake.rf 1440.00000000 50718.30888689757536625 1.00000 7 
 fake.rf 1440.00000000 50728.24039942277260096 1.00000 7 
 fake.rf 1440.00000000 50738.21318055552087500 1.00000 7 
 fake.rf 1440.00000000 50748.20336434216482147 1.00000 7 
 fake.rf 1440.00000000 50758.21244823715070993 1.00000 7 
 fake.rf 1440.00000000 50768.14729047886314106 1.00000 7 
 fake.rf 1440.00000000 50778.12819915241575330 1.00000 7 
 fake.rf 1440.00000000 50788.12472229699210047 1.00000 7 
 fake.rf 1440.00000000 50798.06960024897897910 1.00000 7 
 fake.rf 1440.00000000 50808.08578649736923794 1.00000 7 
 fake.rf 1440.00000000 50818.03563798619748582 1.00000 7 
 fake.rf 1440.00000000 50827.97166942015525137 1.00000 7 
 fake.rf 1440.00000000 50837.94860458508953371 1.00000 7 
 fake.rf 1440.00000000 50847.96287226778316182 1.00000 7 
 fake.rf 1440.00000000 50857.94401535884875187 1.00000 7 
 fake.rf 1440.00000000 50867.86134398827579872 1.00000 7 
 fake.rf 1440.00000000 50877.87929065310596144 1.00000 7 
 fake.rf 1440.00000000 50887.82396053118497292 1.00000 7 
 fake.rf 1440.00000000 50897.77417303398816628 1.00000 7 
 fake.rf 1440.00000000 50907.77752101347174474 1.00000 7 
 fake.rf 1440.00000000 50917.74449469770681276 1.00000 7 
 fake.rf 1440.00000000 50927.70040933436746400 1.00000 7 
 fake.rf 1440.00000000 50937.70803139927541281 1.00000 7 
 fake.rf 1440.00000000 50947.64035954441154885 1.00000 7 
 fake.rf 1440.00000000 50957.65684966723292959 1.00000 7 
 fake.rf 1440.00000000 50967.59485112614587621 1.00000 7 
 fake.rf 1440.00000000 50977.57842583381513180 1.00000 7 
 fake.rf 1440.00000000 50987.53222533410471939 1.00000 7 
 fake.rf 1440.00000000 50997.54062781735839494 1.00000 7 
 fake.rf 1440.00000000 51007.53554562661133787 1.00000 7 
 fake.rf 1440.00000000 51017.44703901596194129 1.00000 7 
 fake.rf 1440.00000000 51027.42224498227728091 1.00000 7 
 fake.rf 1440.00000000 51037.45931301031206573 1.00000 7 
 fake.rf 1440.00000000 51047.37089183906353540 1.00000 7 
 fake.rf 1440.00000000 51057.36358596320621572 1.00000 7 
 fake.rf 1440.00000000 51067.35370894093600924 1.00000 7 
 fake.rf 1440.00000000 51077.31076766574439674 1.00000 7 
 fake.rf 1440.00000000 51087.31167471905102673 1.00000 7 
 fake.rf 1440.00000000 51097.24229184656300617 1.00000 7 
 fake.rf 1440.00000000 51107.25486622396140035 1.00000 7 
 fake.rf 1440.00000000 51117.21593056241607300 1.00000 7 
 fake.rf 1440.00000000 51127.20703684108986664 1.00000 7 
 fake.rf 1440.00000000 51137.18294692906426135 1.00000 7 
 fake.rf 1440.00000000 51147.14825081349634672 1.00000 7 
 fake.rf 1440.00000000 51157.09759570507314663 1.00000 7 
 fake.rf 1440.00000000 51167.08195324782384006 1.00000 7 
 fake.rf 1440.00000000 51177.07522344875912168 1.00000 7 
 fake.rf 1440.00000000 51186.98648602353069492 1.00000 7 
 fake.rf 1440.00000000 51197.02615109075988542 1.00000 7 
 fake.rf 1440.00000000 51206.99693806057810264 1.00000 7 
 fake.rf 1440.00000000 51216.93885302456503084 1.00000 7 
 fake.rf 1440.00000000 51226.88946279448324361 1.00000 7 
 fake.rf 1440.00000000 51236.84346872967884323 1.00000 7 
 fake.rf 1440.00000000 51246.82031005050301076 1.00000 7 
 fake.rf 1440.00000000 51256.81388559764175383 1.00000 7 
 fake.rf 1440.00000000 51266.81168600370145327 1.00000 7 
 fake.rf 1440.00000000 51276.75383313331570889 1.00000 7 
 fake.rf 1440.00000000 51286.75828772265752065 1.00000 7 
 fake.rf 1440.00000000 51296.73719198534889685 1.00000 7 
 fake.rf 1440.00000000 51306.71504592333419126 1.00000 7 
 fake.rf 1440.00000000 51316.65838931309733439 1.00000 7 
 fake.rf 1440.00000000 51326.65942464662792588 1.00000 7 
 fake.rf 1440.00000000 51336.63978889680514683 1.00000 7 
 fake.rf 1440.00000000 51346.56417133847979883 1.00000 7 
 fake.rf 1440.00000000 51356.58742310798565001 1.00000 7 
 fake.rf 1440.00000000 51366.50445249552530669 1.00000 7 
 fake.rf 1440.00000000 51376.52959551850071662 1.00000 7 
 fake.rf 1440.00000000 51386.45387711446785772 1.00000 7 
 fake.rf 1440.00000000 51396.48245118902707063 1.00000 7 
 fake.rf 1440.00000000 51406.38218234823436603 1.00000 7 
 fake.rf 1440.00000000 51416.42967594372927564 1.00000 7 
 fake.rf 1440.00000000 51426.36328544833700604 1.00000 7 
 fake.rf 1440.00000000 51436.36476048394885296 1.00000 7 
 fake.rf 1440.00000000 51446.33213517882116861 1.00000 7 
 fake.rf 1440.00000000 51456.25835288530443634 1.00000 7 
 fake.rf 1440.00000000 51466.23647718215189073 1.00000 7 
 fake.rf 1440.00000000 51476.21551373875502478 1.00000 7 
 fake.rf 1440.00000000 51486.16230597007271896 1.00000 7 
 fake.rf 1440.00000000 51496.16233050127335957 1.00000 7 
 fake.rf 1440.00000000 51506.12500314803501311 1.00000 7 
 fake.rf 1440.00000000 51516.15322002037999383 1.00000 7 
 fake.rf 1440.00000000 51526.12246383221094703 1.00000 7 
 fake.rf 1440.00000000 51536.06305053270755323 1.00000 7 
 fake.rf 1440.00000000 51546.07257769851258544 1.00000 7 
 fake.rf 1440.00000000 51556.04596715070127999 1.00000 7 
 fake.rf 1440.00000000 51566.00743378167275921 1.00000 7 
 fake.rf 1440.00000000 51575.95873231867078701 1.00000 7 
 fake.rf 1440.00000000 51585.90157327920426056 1.00000 7 
 fake.rf 1440.00000000 51595.89479882024221524 1.00000 7 
 fake.rf 1440.00000000 51605.85230598780542266 1.00000 7 
 fake.rf 1440.00000000 51615.88363844841449435 1.00000 7 
 fake.rf 1440.00000000 51625.84751174939085061 1.00000 7 
 fake.rf 1440.00000000 51635.75002526372223244 1.00000 7 
 fake.rf 1440.00000000 51645.78902631286673142 1.00000 7 
 fake.rf 1440.00000000 51655.70458642770221758 1.00000 7 
 fake.rf 1440.00000000 51665.74098935554894751 1.00000 7 
 fake.rf 1440.00000000 51675.64099081341297293 1.00000 7 
 fake.rf 1440.00000000 51685.69233157781691546 1.00000 7 
 fake.rf 1440.00000000 51695.59698707194453959 1.00000 7 
 fake.rf 1440.00000000 51705.63620028065036394 1.00000 7 
 fake.rf 1440.00000000 51715.61457654480534174 1.00000 7 
 fake.rf 1440.00000000 51725.51069663883321681 1.00000 7 
 fake.rf 1440.00000000 51735.51082366150798464 1.00000 7 
 fake.rf 1440.00000000 51745.51797932541887803 1.00000 7 
 fake.rf 1440.00000000 51755.49211176182515004 1.00000 7 
 fake.rf 1440.00000000 51765.44576085481983441 1.00000 7 
 fake.rf 1440.00000000 51775.37501183874045552 1.00000 7 
 fake.rf 1440.00000000 51785.35548509524631200 1.00000 7 
 fake.rf 1440.00000000 51795.36656410013456053 1.00000 7 
 fake.rf 1440.00000000 51805.32314397001445627 1.00000 7 
 fake.rf 1440.00000000 51815.29359421428029364 1.00000 7 
 fake.rf 1440.00000000 51825.27686102611566454 1.00000 7 
 fake.rf 1440.00000000 51835.22998905878021247 1.00000 7 
 fake.rf 1440.00000000 51845.25166367715961613 1.00000 7 
 fake.rf 1440.00000000 51855.18842869660004880 1.00000 7 
 fake.rf 1440.00000000 51865.14225057006616382 1.00000 7 
 fake.rf 1440.00000000 51875.15269611614462164 1.00000 7 
 fake.rf 1440.00000000 51885.06806400767252541 1.00000 7 
 fake.rf 1440.00000000 51895.07536443054778630 1.00000 7 
 fake.rf 1440.00000000 51905.02300655771458437 1.00000 7 
 fake.rf 1440.00000000 51915.00651928627392095 1.00000 7 
 fake.rf 1440.00000000 51924.98912319677215166 1.00000 7 
 fake.rf 1440.00000000 51935.01127627945934861 1.00000 7 
 fake.rf 1440.00000000 51944.92460681483514762 1.00000 7 
 fake.rf 1440.00000000 51954.89018279989728200 1.00000 7 
 fake.rf 1440.00000000 51964.85520034747904461 1.00000 7 
 fake.rf 1440.00000000 51974.83223808537852051 1.00000 7 
 fake.rf 1440.00000000 51984.80845324212390679 1.00000 7 
 fake.rf 1440.00000000 51994.76878250136895687 1.00000 7 
 fake.rf 1440.00000000 52004.76111346408047353 1.00000 7 
 fake.rf 1440.00000000 52014.72051284485334577 1.00000 7 
 fake.rf 1440.00000000 52024.68652273914504747 1.00000 7 
 fake.rf 1440.00000000 52034.68561136747613816 1.00000 7 
 fake.rf 1440.00000000 52044.67244216812135704 1.00000 7 
 fake.rf 1440.00000000 52054.67291205912796670 1.00000 7 
 fake.rf 1440.00000000 52064.59010405518511888 1.00000 7 
 fake.rf 1440.00000000 52074.55788829754813918 1.00000 7 
 fake.rf 1440.00000000 52084.59824683105847143 1.00000 7 
 fake.rf 1440.00000000 52094.52321645416772711 1.00000 7 
 fake.rf 1440.00000000 52104.52938402448441479 1.00000 7 
 fake.rf 1440.00000000 52114.47029340934891906 1.00000 7 
 fake.rf 1440.00000000 52124.47635094106127340 1.00000 7 
 fake.rf 1440.00000000 52134.40975640080094067 1.00000 7 
 fake.rf 1440.00000000 52144.41443145475983911 1.00000 7 
 fake.rf 1440.00000000 52154.38613460329099425 1.00000 7 
 fake.rf 1440.00000000 52164.36694274052469922 1.00000 7 
 fake.rf 1440.00000000 52174.35274395434051442 1.00000 7 
 fake.rf 1440.00000000 52184.27886367726836170 1.00000 7 
 fake.rf 1440.00000000 52194.28567734668110134 1.00000 7 
 fake.rf 1440.00000000 52204.22275004746794380 1.00000 7 
 fake.rf 1440.00000000 52214.20714952130801478 1.00000 7 
 fake.rf 1440.00000000 52224.14144690303719898 1.00000 7 
 fake.rf 1440.00000000 52234.17176119953125379 1.00000 7 
 fake.rf 1440.00000000 52244.12228478153363298 1.00000 7 
 fake.rf 1440.00000000 52254.08055035508964892 1.00000 7 
 fake.rf 1440.00000000 52264.10374497728691878 1.00000 7 
 fake.rf 1440.00000000 52274.04659040847619877 1.00000 7 
 fake.rf 1440.00000000 52284.00919802934276959 1.00000 7 
 fake.rf 1440.00000000 52293.95257887296429189 1.00000 7 
 fake.rf 1440.00000000 52303.96639127224957377 1.00000 7 
 fake.rf 1440.00000000 52313.94863410091353018 1.00000 7 
 fake.rf 1440.00000000 52323.87871865303913310 1.00000 7 
 fake.rf 1440.00000000 52333.88584526739230895 1.00000 7 
 fake.rf 1440.00000000 52343.89448108311653485 1.00000 7 
 fake.rf 1440.00000000 52353.83870078372667933 1.00000 7 
 fake.rf 1440.00000000 52363.79026828189130782 1.00000 7 
 fake.rf 1440.00000000 52373.74340043798449784 1.00000 7 
 fake.rf 1440.00000000 52383.76604209171488691 1.00000 7 
 fake.rf 1440.00000000 52393.70193902180051992 1.00000 7 
 fake.rf 1440.00000000 52403.69067851450688877 1.00000 7 
 fake.rf 1440.00000000 52413.66345873784239373 1.00000 7 
 fake.rf 1440.00000000 52423.65090275466808478 1.00000 7 
 fake.rf 1440.00000000 52433.58967075075740638 1.00000 7 
 fake.rf 1440.00000000 52443.60649405629720476 1.00000 7 
 fake.rf 1440.00000000 52453.54258415919425929 1.00000 7 
 fake.rf 1440.00000000 52463.56369300831026337 1.00000 7 
 fake.rf 1440.00000000 52473.50529538393890405 1.00000 7 
 fake.rf 1440.00000000 52483.45449105950057955 1.00000 7 
 fake.rf 1440.00000000 52493.42902403459726557 1.00000 7 
 fake.rf 1440.00000000 52503.40474435145879895 1.00000 7 
 fake.rf 1440.00000000 52513.40165038736028791 1.00000 7 
 fake.rf 1440.00000000 52523.38788717798182759 1.00000 7 
 fake.rf 1440.00000000 52533.32520921338440090 1.00000 7 
 fake.rf 1440.00000000 52543.29640055792222242 1.00000 7 
 fake.rf 1440.00000000 52553.26046527462495561 1.00000 7 
 fake.rf 1440.00000000 52563.26669048365484471 1.00000 7 
 fake.rf 1440.00000000 52573.20504751727488113 1.00000 7 
 fake.rf 1440.00000000 52583.22259533339054371 1.00000 7 
 fake.rf 1440.00000000 52593.13539917826027903 1.00000 7 
 fake.rf 1440.00000000 52603.12777469590091073 1.00000 7 
 fake.rf 1440.00000000 52613.10310582874403096 1.00000 7 
 fake.rf 1440.00000000 52623.10879024400351511 1.00000 7 
 fake.rf 1440.00000000 52633.05855466480440441 1.00000 7 
 fake.rf 1440.00000000 52643.06831675980395957 1.00000 7 
 fake.rf 1440.00000000 52653.02660799280465653 1.00000 7 
 fake.rf 1440.00000000 52662.94789641231135846 1.00000 7 
 fake.rf 1440.00000000 52672.93653030674961357 1.00000 7 
 fake.rf 1440.00000000 52682.95859134163859849 1.00000 7 
 fake.rf 1440.00000000 52692.92982571752192911 1.00000 7 
 fake.rf 1440.00000000 52702.88166096773926839 1.00000 7 
 fake.rf 1440.00000000 52712.83643250707076078 1.00000 7 
 fake.rf 1440.00000000 52722.80775142069306227 1.00000 7 
 fake.rf 1440.00000000 52732.77433501292361839 1.00000 7 
 fake.rf 1440.00000000 52742.77851224214031944 1.00000 7 
 fake.rf 1440.00000000 52752.71062544509329229 1.00000 7 
 fake.rf 1440.00000000 52762.72393677976764792 1.00000 7 
 fake.rf 1440.00000000 52772.69319389000067844 1.00000 7 
 fake.rf 1440.00000000 52782.67754713385563647 1.00000 7 
 fake.rf 1440.00000000 52792.58402514297726071 1.00000 7 
 fake.rf 1440.00000000 52802.63845284115959444 1.00000 7 
 fake.rf 1440.00000000 52812.54249747363736134 1.00000 7 
 fake.rf 1440.00000000 52822.55651914702885463 1.00000 7 
 fake.rf 1440.00000000 52832.54115465609836733 1.00000 7 
 fake.rf 1440.00000000 52842.49315898151278859 1.00000 7 
 fake.rf 1440.00000000 52852.42234294133739070 1.00000 7 
 fake.rf 1440.00000000 52862.39834749343624409 1.00000 7 
 fake.rf 1440.00000000 52872.38388141234866779 1.00000 7 
 fake.rf 1440.00000000 52882.36206009233428915 1.00000 7 
 fake.rf 1440.00000000 52892.38291680950149853 1.00000 7 
 fake.rf 1440.00000000 52902.30855890862353874 1.00000 7 
 fake.rf 1440.00000000 52912.30641736959646693 1.00000 7 
 fake.rf 1440.00000000 52922.24657624086870555 1.00000 7 
 fake.rf 1440.00000000 52932.20520709195656295 1.00000 7 
 fake.rf 1440.00000000 52942.18013433168956183 1.00000 7 
 fake.rf 1440.00000000 52952.15735961355279571 1.00000 7 
 fake.rf 1440.00000000 52962.18491936277000676 1.00000 7 
 fake.rf 1440.00000000 52972.10843930234710797 1.00000 7 
 fake.rf 1440.00000000 52982.10160290053160992 1.00000 7 
 fake.rf 1440.00000000 52992.09519470805039987 1.00000 7 
 fake.rf 1440.00000000 53002.01725331628913906 1.00000 7 
 fake.rf 1440.00000000 53011.98955649496831910 1.00000 7 
 fake.rf 1440.00000000 53021.96522413722695077 1.00000 7 
 fake.rf 1440.00000000 53031.96923940730222569 1.00000 7 
 fake.rf 1440.00000000 53041.93543042182700020 1.00000 7 
 fake.rf 1440.00000000 53051.94257966484681432 1.00000 7 
 fake.rf 1440.00000000 53061.90601246165376637 1.00000 7 
 fake.rf 1440.00000000 53071.82948581594794746 1.00000 7 
 fake.rf 1440.00000000 53081.83319645708699497 1.00000 7 
 fake.rf 1440.00000000 53091.80828684497570435 1.00000 7 
 fake.rf 1440.00000000 53101.74887584755281011 1.00000 7 
 fake.rf 1440.00000000 53111.75098529476532150 1.00000 7 
 fake.rf 1440.00000000 53121.74075792873100710 1.00000 7 
 fake.rf 1440.00000000 53131.72267295301982060 1.00000 7 
 fake.rf 1440.00000000 53141.65338887968272630 1.00000 7 
 fake.rf 1440.00000000 53151.62247017135062421 1.00000 7 
 fake.rf 1440.00000000 53161.64420684072032586 1.00000 7 
 fake.rf 1440.00000000 53171.57823165909939434 1.00000 7 
 fake.rf 1440.00000000 53181.56015122462852318 1.00000 7 
 fake.rf 1440.00000000 53191.50403757891365686 1.00000 7 
 fake.rf 1440.00000000 53201.48622340818108967 1.00000 7 
 fake.rf 1440.00000000 53211.50442274282486110 1.00000 7 
 fake.rf 1440.00000000 53221.47347190664782346 1.00000 7 
 fake.rf 1440.00000000 53231.42312095488045287 1.00000 7 
 fake.rf 1440.00000000 53241.42725546213662469 1.00000 7 
 fake.rf 1440.00000000 53251.39853621259437233 1.00000 7 
 fake.rf 1440.00000000 53261.35271484359809691 1.00000 7 
 fake.rf 1440.00000000 53271.32838013821015721 1.00000 7 
 fake.rf 1440.00000000 53281.25048513361410230 1.00000 7 
 fake.rf 1440.00000000 53291.22513168153655627 1.00000 7 
 fake.rf 1440.00000000 53301.22169310207151582 1.00000 7 
 fake.rf 1440.00000000 53311.17649441858015535 1.00000 7 
 fake.rf 1440.00000000 53321.15074839791484607 1.00000 7 
 fake.rf 1440.00000000 53331.15028186815528599 1.00000 7 
 fake.rf 1440.00000000 53341.13640277021714198 1.00000 7 
 fake.rf 1440.00000000 53351.10415215262581157 1.00000 7 
 fake.rf 1440.00000000 53361.05480581927268346 1.00000 7 
 fake.rf 1440.00000000 53371.03166379375013051 1.00000 7 
 fake.rf 1440.00000000 53381.03352423722289544 1.00000 7 
 fake.rf 1440.00000000 53391.01519291323635485 1.00000 7 
 fake.rf 1440.00000000 53400.99444562418092630 1.00000 7 
 fake.rf 1440.00000000 53410.96419937632114383 1.00000 7 
 fake.rf 1440.00000000 53420.89194843257543610 1.00000 7 
 fake.rf 1440.00000000 53430.88827818358030441 1.00000 7 
 fake.rf 1440.00000000 53440.86725129106011067 1.00000 7 
 fake.rf 1440.00000000 53450.83635389798248738 1.00000 7 
 fake.rf 1440.00000000 53460.82906934771835594 1.00000 7 
 fake.rf 1440.00000000 53470.77375010024331203 1.00000 7 
 fake.rf 1440.00000000 53480.70418182951618036 1.00000 7 
 fake.rf 1440.00000000 53490.70612117769850968 1.00000 7 
 fake.rf 1440.00000000 53500.70532597002133102 1.00000 7 
 fake.rf 1440.00000000 53510.64524786712548732 1.00000 7 
 fake.rf 1440.00000000 53520.60935757802088375 1.00000 7 
 fake.rf 1440.00000000 53530.60491581670700256 1.00000 7 
 fake.rf 1440.00000000 53540.60512440844168935 1.00000 7 
 fake.rf 1440.00000000 53550.51733970374455751 1.00000 7 
 fake.rf 1440.00000000 53560.51148296681479977 1.00000 7 
 fake.rf 1440.00000000 53570.49317448017906429 1.00000 7 
 fake.rf 1440.00000000 53580.49169278094396773 1.00000 7 
 fake.rf 1440.00000000 53590.43524536776700984 1.00000 7 
 fake.rf 1440.00000000 53600.41888780720325158 1.00000 7 
 fake.rf 1440.00000000 53610.35793848333477385 1.00000 7 
 fake.rf 1440.00000000 53620.36693005571157045 1.00000 7 
 fake.rf 1440.00000000 53630.35213083154046387 1.00000 7 
 fake.rf 1440.00000000 53640.31801924445435503 1.00000 7 
 fake.rf 1440.00000000 53650.25710271609925783 1.00000 7 
 fake.rf 1440.00000000 53660.23735724253255697 1.00000 7 
