FORMAT 1
 fake.rf 1440.00000000 50000.24471766144155183 1.00000 7 
 fake.rf 1440.00000000 50010.25456371554976087 1.00000 7 
 fake.rf 1440.00000000 50020.19486638585230409 1.00000 7 
 fake.rf 1440.00000000 50030.16628365727385486 1.00000 7 
 fake.rf 1440.00000000 50040.12954534899161985 1.00000 7 
 fake.rf 1440.00000000 50050.16174902087053056 1.00000 7 
 fake.rf 1440.00000000 50060.12297205987864857 1.00000 7 
 fake.rf 1440.00000000 50070.05958382901067338 1.00000 7 
 fake.rf 1440.00000000 50080.07315072891808327 1.00000 7 
 fake.rf 1440.00000000 50090.02283014512844517 1.00000 7 
 fake.rf 1440.00000000 50100.00190686198008194 1.00000 7 
 fake.rf 1440.00000000 50109.96197972707209090 1.00000 7 
 fake.rf 1440.00000000 50119.95668261405577937 1.00000 7 
 fake.rf 1440.00000000 50129.91699355008023176 1.00000 7 
 fake.rf 1440.00000000 50139.85312017757670588 1.00000 7 
 fake.rf 1440.00000000 50149.82881872336552576 1.00000 7 
 fake.rf 1440.00000000 50159.82488798224643034 1.00000 7 
 fake.rf 1440.00000000 50169.79078487887037241 1.00000 7 
 fake.rf 1440.00000000 50179.81145508672028654 1.00000 7 
 fake.rf 1440.00000000 50189.74537023008316794 1.00000 7 
 fake.rf 1440.00000000 50199.76728828064832300 1.00000 7 
 fake.rf 1440.00000000 50209.72110172932561767 1.00000 7 
 fake.rf 1440.00000000 50219.70260202899045154 1.00000 7 
 fake.rf 1440.00000000 50229.61971891495635845 1.00000 7 
 fake.rf 1440.00000000 50239.64637270274445768 1.00000 7 
 fake.rf 1440.00000000 50249.59871294133306918 1.00000 7 
 fake.rf 1440.00000000 50259.59400476884030695 1.00000 7 
 fake.rf 1440.00000000 50269.56844889889324079 1.00000 7 
 fake.rf 1440.00000000 50279.46696826942286052 1.00000 7 
 fake.rf 1440.00000000 50289.50471955763845244 1.00000 7 
 fake.rf 1440.00000000 50299.45285892708844599 1.00000 7 
 fake.rf 1440.00000000 50309.39837294132710355 1.00000 7 
 fake.rf 1440.00000000 50319.38994130926327131 1.00000 7 
 fake.rf 1440.00000000 50329.38902102643905323 1.00000 7 
 fake.rf 1440.00000000 50339.33325660818421809 1.00000 7 
 fake.rf 1440.00000000 50349.31539103873999252 1.00000 7 
 fake.rf 1440.00000000 50359.29064539929407474 1.00000 7 
 fake.rf 1440.00000000 50369.22340838099732352 1.00000 7 
 fake.rf 1440.00000000 50379.25279225184300813 1.00000 7 
 fake.rf 1440.00000000 50389.18558450514482416 1.00000 7 
 fake.rf 1440.00000000 50399.17866454341651661 1.00000 7 
 fake.rf 1440.00000000 50409.13109615224665916 1.00000 7 
 fake.rf 1440.00000000 50419.13459891936085455 1.00000 7 
 fake.rf 1440.00000000 50429.06635287591670291 1.00000 7 
 fake.rf 1440.00000000 50439.08973306965837935 1.00000 7 
 fake.rf 1440.00000000 50449.05666675750758188 1.00000 7 
 fake.rf 1440.00000000 50458.99142359556877580 1.00000 7 
 fake.rf 1440.00000000 50468.95484410203815884 1.00000 7 
 fake.rf 1440.00000000 50478.99831237516104210 1.00000 7 
 fake.rf 1440.00000000 50488.89771040907151800 1.00000 7 
 fake.rf 1440.00000000 50498.90568369772895707 1.00000 7 
 fake.rf 1440.00000000 50508.91504098436661607 1.00000 7 
 fake.rf 1440.00000000 50518.87889015942786841 1.00000 7 
 fake.rf 1440.00000000 50528.81233475587331938 1.00000 7 
 fake.rf 1440.00000000 50538.76611326771886468 1.00000 7 
 fake.rf 1440.00000000 50548.78392057367893386 1.00000 7 
 fake.rf 1440.00000000 50558.78034301860813926 1.00000 7 
 fake.rf 1440.00000000 50568.75671770528315463 1.00000 7 
 fake.rf 1440.00000000 50578.69294015767810180 1.00000 7 
 fake.rf 1440.00000000 50588.69851967405735493 1.00000 7 
 fake.rf 1440.00000000 50598.65661664670783182 1.00000 7 
 fake.rf 1440.00000000 50608.56828280398266529 1.00000 7 
 fake.rf 1440.00000000 50618.54668064743348666 1.00000 7 
 fake.rf 1440.00000000 50628.52365032490896013 1.00000 7 
 fake.rf 1440.00000000 50638.54503383089502577 1.00000 7 
 fake.rf 1440.00000000 50648.49497160953927377 1.00000 7 
 fake.rf 1440.00000000 50658.48138005805508755 1.00000 7 
 fake.rf 1440.00000000 50668.42198890770456643 1.00000 7 
 fake.rf 1440.00000000 50678.41532736759567612 1.00000 7 
 fake.rf 1440.00000000 50688.37509068936619627 1.00000 7 
 fake.rf 1440.00000000 50698.35912942176781470 1.00000 7 
 fake.rf 1440.00000000 50708.37285226487457379 1.00000 7 
 fake.rf 1440.00000000 50718.31235150999026118 1.00000 7 
 fake.rf 1440.00000000 50728.24386406130033222 1.00000 7 
 fake.rf 1440.00000000 50738.21664516443735593 1.00000 7 
 fake.rf 1440.00000000 50748.20682893820584880 1.00000 7 
 fake.rf 1440.00000000 50758.21591286829416489 1.00000 7 
 fake.rf 1440.00000000 50768.15075513785799544 1.00000 7 
 fake.rf 1440.00000000 50778.13166375324587065 1.00000 7 
 fake.rf 1440.00000000 50788.12818692098120010 1.00000 7 
 fake.rf 1440.00000000 50798.07306484194731411 1.00000 7 
 fake.rf 1440.00000000 50808.08925112327043649 1.00000 7 
 fake.rf 1440.00000000 50818.03910262709813139 1.00000 7 
 fake.rf 1440.00000000 50827.97513406658851309 1.00000 7 
 fake.rf 1440.00000000 50837.95206920207134260 1.00000 7 
 fake.rf 1440.00000000 50847.96633686555970755 1.00000 7 
 fake.rf 1440.00000000 50857.94747997880460844 1.00000 7 
 fake.rf 1440.00000000 50867.86480862091803345 1.00000 7 
 fake.rf 1440.00000000 50877.88275529540603515 1.00000 7 
 fake.rf 1440.00000000 50887.82742515119675630 1.00000 7 
 fake.rf 1440.00000000 50897.77763763747205061 1.00000 7 
 fake.rf 1440.00000000 50907.78098561881109063 1.00000 7 
 fake.rf 1440.00000000 50917.74795931651998870 1.00000 7 
 fake.rf 1440.00000000 50927.70387393273473720 1.00000 7 
 fake.rf 1440.00000000 50937.71149599912678241 1.00000 7 
 fake.rf 1440.00000000 50947.64382414754500417 1.00000 7 
 fake.rf 1440.00000000 50957.66031427640355034 1.00000 7 
 fake.rf 1440.00000000 50967.59831576148836518 1.00000 7 
 fake.rf 1440.00000000 50977.58189041875916203 1.00000 7 
 fake.rf 1440.00000000 50987.53568996932924051 1.00000 7 
 fake.rf 1440.00000000 50997.54409241827597299 1.00000 7 
 fake.rf 1440.00000000 51007.53901025090666366 1.00000 7 
 fake.rf 1440.00000000 51017.45050361836781860 1.00000 7 
 fake.rf 1440.00000000 51027.42570962879809926 1.00000 7 
 fake.rf 1440.00000000 51037.46277763643920977 1.00000 7 
 fake.rf 1440.00000000 51047.37435645409160401 1.00000 7 
 fake.rf 1440.00000000 51057.36705057712795153 1.00000 7 
 fake.rf 1440.00000000 51067.35717352928381274 1.00000 7 
 fake.rf 1440.00000000 51077.31423227230260409 1.00000 7 
 fake.rf 1440.00000000 51087.31513935671897642 1.00000 7 
 fake.rf 1440.00000000 51097.24575647306389570 1.00000 7 
 fake.rf 1440.00000000 51107.25833081643616040 1.00000 7 
 fake.rf 1440.00000000 51117.21939516218164457 1.00000 7 
 fake.rf 1440.00000000 51127.21050142021755036 1.00000 7 
 fake.rf 1440.00000000 51137.18641156317818641 1.00000 7 
 fake.rf 1440.00000000 51147.15171545167559231 1.00000 7 
 fake.rf 1440.00000000 51157.10106033819190685 1.00000 7 
 fake.rf 1440.00000000 51167.08541790135457461 1.00000 7 
 fake.rf 1440.00000000 51177.07868806680502871 1.00000 7 
 fake.rf 1440.00000000 51186.98995067806928816 1.00000 7 
 fake.rf 1440.00000000 51197.02961573869888667 1.00000 7 
 fake.rf 1440.00000000 51207.00040271160807137 1.00000 7 
 fake.rf 1440.00000000 51216.94231764379370020 1.00000 7 
 fake.rf 1440.00000000 51226.89292736284548369 1.00000 7 
 fake.rf 1440.00000000 51236.84693334929106001 1.00000 7 
 fake.rf 1440.00000000 51246.82377464278608414 1.00000 7 
 fake.rf 1440.00000000 51256.81735024242708221 1.00000 7 
 fake.rf 1440.00000000 51266.81515060537007855 1.00000 7 
 fake.rf 1440.00000000 51276.75729775278294653 1.00000 7 
 fake.rf 1440.00000000 51286.76175234356716359 1.00000 7 
 fake.rf 1440.00000000 51296.74065661723343723 1.00000 7 
 fake.rf 1440.00000000 51306.71851050149793139 1.00000 7 
 fake.rf 1440.00000000 51316.66185395709429429 1.00000 7 
 fake.rf 1440.00000000 51326.66288925813574906 1.00000 7 
 fake.rf 1440.00000000 51336.64325349787979036 1.00000 7 
 fake.rf 1440.00000000 51346.56763593257925038 1.00000 7 
 fake.rf 1440.00000000 51356.59088772846953574 1.00000 7 
 fake.rf 1440.00000000 51366.50791710408417501 1.00000 7 
 fake.rf 1440.00000000 51376.53306015337582480 1.00000 7 
 fake.rf 1440.00000000 51386.45734170705176069 1.00000 7 
 fake.rf 1440.00000000 51396.48591584098393170 1.00000 7 
 fake.rf 1440.00000000 51406.38564698437234668 1.00000 7 
 fake.rf 1440.00000000 51416.43314055724901479 1.00000 7 
 fake.rf 1440.00000000 51426.36675005900925939 1.00000 7 
 fake.rf 1440.00000000 51436.36822510127291963 1.00000 7 
 fake.rf 1440.00000000 51446.33559978711585359 1.00000 7 
 fake.rf 1440.00000000 51456.26181747690800350 1.00000 7 
 fake.rf 1440.00000000 51466.23994179779506197 1.00000 7 
 fake.rf 1440.00000000 51476.21897837155168887 1.00000 7 
 fake.rf 1440.00000000 51486.16577055195597978 1.00000 7 
 fake.rf 1440.00000000 51496.16579510243261453 1.00000 7 
 fake.rf 1440.00000000 51506.12846773238914722 1.00000 7 
 fake.rf 1440.00000000 51516.15668461001407152 1.00000 7 
 fake.rf 1440.00000000 51526.12592844040765527 1.00000 7 
 fake.rf 1440.00000000 51536.06651513798212605 1.00000 7 
 fake.rf 1440.00000000 51546.07604231625306213 1.00000 7 
 fake.rf 1440.00000000 51556.04943177897664697 1.00000 7 
 fake.rf 1440.00000000 51566.01089838743803639 1.00000 7 
 fake.rf 1440.00000000 51575.96219694608949879 1.00000 7 
 fake.rf 1440.00000000 51585.90503788114106953 1.00000 7 
 fake.rf 1440.00000000 51595.89826343607674630 1.00000 7 
 fake.rf 1440.00000000 51605.85577058636492964 1.00000 7 
 fake.rf 1440.00000000 51615.88710308449308428 1.00000 7 
 fake.rf 1440.00000000 51625.85097637908906520 1.00000 7 
 fake.rf 1440.00000000 51635.75348984651066075 1.00000 7 
 fake.rf 1440.00000000 51645.79249095328261987 1.00000 7 
 fake.rf 1440.00000000 51655.70805104044355005 1.00000 7 
 fake.rf 1440.00000000 51665.74445395451911622 1.00000 7 
 fake.rf 1440.00000000 51675.64445540768445397 1.00000 7 
 fake.rf 1440.00000000 51685.69579619695235806 1.00000 7 
 fake.rf 1440.00000000 51695.60045165162877367 1.00000 7 
 fake.rf 1440.00000000 51705.63966492372497186 1.00000 7 
 fake.rf 1440.00000000 51715.61804121365832998 1.00000 7 
 fake.rf 1440.00000000 51725.51416122104614459 1.00000 7 
 fake.rf 1440.00000000 51735.51428832054198281 1.00000 7 
 fake.rf 1440.00000000 51745.52144395238963526 1.00000 7 
 fake.rf 1440.00000000 51755.49557637245698771 1.00000 7 
 fake.rf 1440.00000000 51765.44922545642237921 1.00000 7 
 fake.rf 1440.00000000 51775.37847643632225925 1.00000 7 
 fake.rf 1440.00000000 51785.35894971042703006 1.00000 7 
 fake.rf 1440.00000000 51795.37002868868730587 1.00000 7 
 fake.rf 1440.00000000 51805.32660855863689164 1.00000 7 
 fake.rf 1440.00000000 51815.29705881621892516 1.00000 7 
 fake.rf 1440.00000000 51825.28032566851289431 1.00000 7 
 fake.rf 1440.00000000 51835.23345372775718687 1.00000 7 
 fake.rf 1440.00000000 51845.25512830311621570 1.00000 7 
 fake.rf 1440.00000000 51855.19189330928438508 1.00000 7 
 fake.rf 1440.00000000 51865.14571519093816931 1.00000 7 
 fake.rf 1440.00000000 51875.15616074450939976 1.00000 7 
 fake.rf 1440.00000000 51885.07152860807541472 1.00000 7 
 fake.rf 1440.00000000 51895.07882907641880976 1.00000 7 
 fake.rf 1440.00000000 51905.02647117420623957 1.00000 7 
 fake.rf 1440.00000000 51915.00998386897687453 1.00000 7 
 fake.rf 1440.00000000 51924.99258785526555116 1.00000 7 
 fake.rf 1440.00000000 51935.01474092102156987 1.00000 7 
 fake.rf 1440.00000000 51944.92807141555124062 1.00000 7 
 fake.rf 1440.00000000 51954.89364743514767397 1.00000 7 
 fake.rf 1440.00000000 51964.85866495366653695 1.00000 7 
 fake.rf 1440.00000000 51974.83570272824540481 1.00000 7 
 fake.rf 1440.00000000 51984.81191784594967586 1.00000 7 
 fake.rf 1440.00000000 51994.77224714859541876 1.00000 7 
 fake.rf 1440.00000000 52004.76457806150389729 1.00000 7 
 fake.rf 1440.00000000 52014.72397746802566587 1.00000 7 
 fake.rf 1440.00000000 52024.68998735691591406 1.00000 7 
 fake.rf 1440.00000000 52034.68907599041784096 1.00000 7 
 fake.rf 1440.00000000 52044.67590679213442684 1.00000 7 
 fake.rf 1440.00000000 52054.67637667631742104 1.00000 7 
 fake.rf 1440.00000000 52064.59356868760228565 1.00000 7 
 fake.rf 1440.00000000 52074.56135295269963947 1.00000 7 
 fake.rf 1440.00000000 52084.60171144730963277 1.00000 7 
 fake.rf 1440.00000000 52094.52668108974164340 1.00000 7 
 fake.rf 1440.00000000 52104.53284866536215247 1.00000 7 
 fake.rf 1440.00000000 52114.47375799712053634 1.00000 7 
 fake.rf 1440.00000000 52124.47981556106424961 1.00000 7 
 fake.rf 1440.00000000 52134.41322101346225182 1.00000 7 
 fake.rf 1440.00000000 52144.41789605492618875 1.00000 7 
 fake.rf 1440.00000000 52154.38959922532508173 1.00000 7 
 fake.rf 1440.00000000 52164.37040735575218520 1.00000 7 
 fake.rf 1440.00000000 52174.35620857261407224 1.00000 7 
 fake.rf 1440.00000000 52184.28232831417741977 1.00000 7 
 fake.rf 1440.00000000 52194.28914194199210641 1.00000 7 
 fake.rf 1440.00000000 52204.22621467625161884 1.00000 7 
 fake.rf 1440.00000000 52214.21061414930693445 1.00000 7 
 fake.rf 1440.00000000 52224.14491150358515625 1.00000 7 
 fake.rf 1440.00000000 52234.17522583779168954 1.00000 7 
 fake.rf 1440.00000000 52244.12574941340842472 1.00000 7 
 fake.rf 1440.00000000 52254.08401496856843593 1.00000 7 
 fake.rf 1440.00000000 52264.10720963887040824 1.00000 7 
 fake.rf 1440.00000000 52274.05005505879974237 1.00000 7 
 fake.rf 1440.00000000 52284.01266266750350908 1.00000 7 
 fake.rf 1440.00000000 52293.95604349854750126 1.00000 7 
 fake.rf 1440.00000000 52303.96985585456943824 1.00000 7 
 fake.rf 1440.00000000 52313.95209873673761436 1.00000 7 
 fake.rf 1440.00000000 52323.88218329364460857 1.00000 7 
 fake.rf 1440.00000000 52333.88930989846155128 1.00000 7 
 fake.rf 1440.00000000 52343.89794569934867496 1.00000 7 
 fake.rf 1440.00000000 52353.84216540433053311 1.00000 7 
 fake.rf 1440.00000000 52363.79373289448892947 1.00000 7 
 fake.rf 1440.00000000 52373.74686503778530522 1.00000 7 
 fake.rf 1440.00000000 52383.76950667004907558 1.00000 7 
 fake.rf 1440.00000000 52393.70540366942710264 1.00000 7 
 fake.rf 1440.00000000 52403.69414311976634480 1.00000 7 
 fake.rf 1440.00000000 52413.66692334291998634 1.00000 7 
 fake.rf 1440.00000000 52423.65436737834034631 1.00000 7 
 fake.rf 1440.00000000 52433.59313541254608282 1.00000 7 
 fake.rf 1440.00000000 52443.60995869640398226 1.00000 7 
 fake.rf 1440.00000000 52453.54604874395909420 1.00000 7 
 fake.rf 1440.00000000 52463.56715763264141472 1.00000 7 
 fake.rf 1440.00000000 52473.50876002089766814 1.00000 7 
 fake.rf 1440.00000000 52483.45795566570137325 1.00000 7 
 fake.rf 1440.00000000 52493.43248863155308470 1.00000 7 
 fake.rf 1440.00000000 52503.40820900229514478 1.00000 7 
 fake.rf 1440.00000000 52513.40511501598518507 1.00000 7 
 fake.rf 1440.00000000 52523.39135177712426383 1.00000 7 
 fake.rf 1440.00000000 52533.32867383819132812 1.00000 7 
 fake.rf 1440.00000000 52543.29986519294865843 1.00000 7 
 fake.rf 1440.00000000 52553.26392986963480425 1.00000 7 
 fake.rf 1440.00000000 52563.27015514922635120 1.00000 7 
 fake.rf 1440.00000000 52573.20851212676240038 1.00000 7 
 fake.rf 1440.00000000 52583.22605992691439880 1.00000 7 
 fake.rf 1440.00000000 52593.13886378867219307 1.00000 7 
 fake.rf 1440.00000000 52603.13123926850887102 1.00000 7 
 fake.rf 1440.00000000 52613.10657045980378754 1.00000 7 
 fake.rf 1440.00000000 52623.11225485737968199 1.00000 7 
 fake.rf 1440.00000000 52633.06201924834119765 1.00000 7 
 fake.rf 1440.00000000 52643.07178135399550101 1.00000 7 
 fake.rf 1440.00000000 52653.03007260375139609 1.00000 7 
 fake.rf 1440.00000000 52662.95136101012485952 1.00000 7 
 fake.rf 1440.00000000 52672.93999493611814344 1.00000 7 
 fake.rf 1440.00000000 52682.96205598806273329 1.00000 7 
 fake.rf 1440.00000000 52692.93329037709339957 1.00000 7 
 fake.rf 1440.00000000 52702.88512559385436873 1.00000 7 
 fake.rf 1440.00000000 52712.83989711574387727 1.00000 7 
 fake.rf 1440.00000000 52722.81121604185943852 1.00000 7 
 fake.rf 1440.00000000 52732.77779962329694996 1.00000 7 
 fake.rf 1440.00000000 52742.78197687332294663 1.00000 7 
 fake.rf 1440.00000000 52752.71409008716559796 1.00000 7 
 fake.rf 1440.00000000 52762.72740137960883189 1.00000 7 
 fake.rf 1440.00000000 52772.69665851280549163 1.00000 7 
 fake.rf 1440.00000000 52782.68101176041752254 1.00000 7 
 fake.rf 1440.00000000 52792.58748973195239529 1.00000 7 
 fake.rf 1440.00000000 52802.64191745888869178 1.00000 7 
 fake.rf 1440.00000000 52812.54596205767947481 1.00000 7 
 fake.rf 1440.00000000 52822.55998372549897368 1.00000 7 
 fake.rf 1440.00000000 52832.54461923163776405 1.00000 7 
 fake.rf 1440.00000000 52842.49662358277572949 1.00000 7 
 fake.rf 1440.00000000 52852.42580760150057628 1.00000 7 
 fake.rf 1440.00000000 52862.40181211817859364 1.00000 7 
 fake.rf 1440.00000000 52872.38734605082856888 1.00000 7 
 fake.rf 1440.00000000 52882.36552469648561470 1.00000 7 
 fake.rf 1440.00000000 52892.38638142292861843 1.00000 7 
 fake.rf 1440.00000000 52902.31202353243261882 1.00000 7 
 fake.rf 1440.00000000 52912.30988201805711668 1.00000 7 
 fake.rf 1440.00000000 52922.25004087653752194 1.00000 7 
 fake.rf 1440.00000000 52932.20867173358203317 1.00000 7 
 fake.rf 1440.00000000 52942.18359893928647253 1.00000 7 
 fake.rf 1440.00000000 52952.16082422882218239 1.00000 7 
 fake.rf 1440.00000000 52962.18838398009395263 1.00000 7 
 fake.rf 1440.00000000 52972.11190392268198934 1.00000 7 
 fake.rf 1440.00000000 52982.10506750420069011 1.00000 7 
 fake.rf 1440.00000000 52992.09865928613344011 1.00000 7 
 fake.rf 1440.00000000 53002.02071797697946565 1.00000 7 
 fake.rf 1440.00000000 53011.99302107053989985 1.00000 7 
 fake.rf 1440.00000000 53021.96868875671952992 1.00000 7 
 fake.rf 1440.00000000 53031.97270399684918374 1.00000 7 
 fake.rf 1440.00000000 53041.93889501974476630 1.00000 7 
 fake.rf 1440.00000000 53051.94604426921627649 1.00000 7 
 fake.rf 1440.00000000 53061.90947705791162647 1.00000 7 
 fake.rf 1440.00000000 53071.83295043895045140 1.00000 7 
 fake.rf 1440.00000000 53081.83666112542578475 1.00000 7 
 fake.rf 1440.00000000 53091.81175151486380770 1.00000 7 
 fake.rf 1440.00000000 53101.75234047142205895 1.00000 7 
 fake.rf 1440.00000000 53111.75444990016647040 1.00000 7 
 fake.rf 1440.00000000 53121.74422258936143137 1.00000 7 
 fake.rf 1440.00000000 53131.72613758989831112 1.00000 7 
 fake.rf 1440.00000000 53141.65685345663823824 1.00000 7 
 fake.rf 1440.00000000 53151.62593483825994412 1.00000 7 
 fake.rf 1440.00000000 53161.64767148015465992 1.00000 7 
 fake.rf 1440.00000000 53171.58169627808844027 1.00000 7 
 fake.rf 1440.00000000 53181.56361584436303147 1.00000 7 
 fake.rf 1440.00000000 53191.50750218625575982 1.00000 7 
 fake.rf 1440.00000000 53201.48968798746718534 1.00000 7 
 fake.rf 1440.00000000 53211.50788739514771564 1.00000 7 
 fake.rf 1440.00000000 53221.47693656971994258 1.00000 7 
 fake.rf 1440.00000000 53231.42658555147583499 1.00000 7 
 fake.rf 1440.00000000 53241.43072013129237519 1.00000 7 
 fake.rf 1440.00000000 53251.40200081033910351 1.00000 7 
 fake.rf 1440.00000000 53261.35617945894584224 1.00000 7 
 fake.rf 1440.00000000 53271.33184475964311844 1.00000 7 
 fake.rf 1440.00000000 53281.25394973732186088 1.00000 7 
 fake.rf 1440.00000000 53291.22859627122025472 1.00000 7 
 fake.rf 1440.00000000 53301.22515772554239888 1.00000 7 
 fake.rf 1440.00000000 53311.17995903959465664 1.00000 7 
 fake.rf 1440.00000000 53321.15421304775182776 1.00000 7 
 fake.rf 1440.00000000 53331.15374646820013993 1.00000 7 
 fake.rf 1440.00000000 53341.13986735964814656 1.00000 7 
 fake.rf 1440.00000000 53351.10761674390286657 1.00000 7 
 fake.rf 1440.00000000 53361.05827042288873585 1.00000 7 
 fake.rf 1440.00000000 53371.03512844254813174 1.00000 7 
 fake.rf 1440.00000000 53381.03698881419869693 1.00000 7 
 fake.rf 1440.00000000 53391.01865752765900552 1.00000 7 
 fake.rf 1440.00000000 53400.99791027715241754 1.00000 7 
 fake.rf 1440.00000000 53410.96766400533084962 1.00000 7 
 fake.rf 1440.00000000 53420.89541308256920260 1.00000 7 
 fake.rf 1440.00000000 53430.89174284202097809 1.00000 7 
 fake.rf 1440.00000000 53440.87071588195439631 1.00000 7 
 fake.rf 1440.00000000 53450.83981852177753069 1.00000 7 
 fake.rf 1440.00000000 53460.83253398390746369 1.00000 7 
 fake.rf 1440.00000000 53470.77721471816202836 1.00000 7 
 fake.rf 1440.00000000 53480.70764644167966395 1.00000 7 
 fake.rf 1440.00000000 53490.70958584182287510 1.00000 7 
 fake.rf 1440.00000000 53500.70879054364402805 1.00000 7 
 fake.rf 1440.00000000 53510.64871244746614920 1.00000 7 
 fake.rf 1440.00000000 53520.61282221613738130 1.00000 7 
 fake.rf 1440.00000000 53530.60838044446764528 1.00000 7 
 fake.rf 1440.00000000 53540.60858898659091665 1.00000 7 
 fake.rf 1440.00000000 53550.52080430980369030 1.00000 7 
 fake.rf 1440.00000000 53560.51494758611440972 1.00000 7 
 fake.rf 1440.00000000 53570.49663909726710642 1.00000 7 
 fake.rf 1440.00000000 53580.49515738767383510 1.00000 7 
 fake.rf 1440.00000000 53590.43870995805845681 1.00000 7 
 fake.rf 1440.00000000 53600.42235237781842727 1.00000 7 
 fake.rf 1440.00000000 53610.36140309493532996 1.00000 7 
 fake.rf 1440.00000000 53620.37039465749212752 1.00000 7 
 fake.rf 1440.00000000 53630.35559543729729626 1.00000 7 
 fake.rf 1440.00000000 53640.32148388971431174 1.00000 7 
 fake.rf 1440.00000000 53650.26056733838611734 1.00000 7 
 fake.rf 1440.00000000 53660.24082183157159420 1.00000 7 
