FORMAT 1
 fake.rf 1440.00000000 50000.24936535233263868 1.00000 7 
 fake.rf 1440.00000000 50010.25921142147027965 1.00000 7 
 fake.rf 1440.00000000 50020.19951407988779124 1.00000 7 
 fake.rf 1440.00000000 50030.17093132741798200 1.00000 7 
 fake.rf 1440.00000000 50040.13419304481081085 1.00000 7 
 fake.rf 1440.00000000 50050.16639669179681249 1.00000 7 
 fake.rf 1440.00000000 50060.12761974447528601 1.00000 7 
 fake.rf 1440.00000000 50070.06423152824714151 1.00000 7 
 fake.rf 1440.00000000 50080.07779842262483427 1.00000 7 
 fake.rf 1440.00000000 50090.02747782501135632 1.00000 7 
 fake.rf 1440.00000000 50100.00655456285253919 1.00000 7 
 fake.rf 1440.00000000 50109.96662742542453017 1.00000 7 
 fake.rf 1440.00000000 50119.96133030761376048 1.00000 7 
 fake.rf 1440.00000000 50129.92164124617920962 1.00000 7 
 fake.rf 1440.00000000 50139.85776783158186731 1.00000 7 
 fake.rf 1440.00000000 50149.83346640819411988 1.00000 7 
 fake.rf 1440.00000000 50159.82953568041263637 1.00000 7 
 fake.rf 1440.00000000 50169.79543258861552246 1.00000 7 
 fake.rf 1440.00000000 50179.81610277155638045 1.00000 7 
 fake.rf 1440.00000000 50189.75001792624944486 1.00000 7 
 fake.rf 1440.00000000 50199.77193597151915938 1.00000 7 
 fake.rf 1440.00000000 50209.72574944978111944 1.00000 7 
 fake.rf 1440.00000000 50219.70724970600444692 1.00000 7 
 fake.rf 1440.00000000 50229.62436662005833199 1.00000 7 
 fake.rf 1440.00000000 50239.65102040374495473 1.00000 7 
 fake.rf 1440.00000000 50249.60336064148621205 1.00000 7 
 fake.rf 1440.00000000 50259.59865246587770571 1.00000 7 
 fake.rf 1440.00000000 50269.57309659183508543 1.00000 7 
 fake.rf 1440.00000000 50279.47161595184682525 1.00000 7 
 fake.rf 1440.00000000 50289.50936727159876227 1.00000 7 
 fake.rf 1440.00000000 50299.45750664806724828 1.00000 7 
 fake.rf 1440.00000000 50309.40302063355089501 1.00000 7 
 fake.rf 1440.00000000 50319.39458898995171765 1.00000 7 
 fake.rf 1440.00000000 50329.39366869101273139 1.00000 7 
 fake.rf 1440.00000000 50339.33790431926881226 1.00000 7 
 fake.rf 1440.00000000 50349.32003874493238627 1.00000 7 
 fake.rf 1440.00000000 50359.29529307837298191 1.00000 7 
 fake.rf 1440.00000000 50369.22805609060626253 1.00000 7 
 fake.rf 1440.00000000 50379.25743992880833488 1.00000 7 
 fake.rf 1440.00000000 50389.19023220973666710 1.00000 7 
 fake.rf 1440.00000000 50399.18331223105166572 1.00000 7 
 fake.rf 1440.00000000 50409.13574386408944505 1.00000 7 
 fake.rf 1440.00000000 50419.13924659885851298 1.00000 7 
 fake.rf 1440.00000000 50429.07100054040342130 1.00000 7 
 fake.rf 1440.00000000 50439.09438076811444063 1.00000 7 
 fake.rf 1440.00000000 50449.06131448699570186 1.00000 7 
 fake.rf 1440.00000000 50458.99607126820670544 1.00000 7 
 fake.rf 1440.00000000 50468.95949177159310395 1.00000 7 
 fake.rf 1440.00000000 50479.00296008071472542 1.00000 7 
 fake.rf 1440.00000000 50488.90235809815161616 1.00000 7 
 fake.rf 1440.00000000 50498.91033141202265000 1.00000 7 
 fake.rf 1440.00000000 50508.91968870131951874 1.00000 7 
 fake.rf 1440.00000000 50518.88353786460777428 1.00000 7 
 fake.rf 1440.00000000 50528.81698244636933026 1.00000 7 
 fake.rf 1440.00000000 50538.77076093513855071 1.00000 7 
 fake.rf 1440.00000000 50548.78856824767366973 1.00000 7 
 fake.rf 1440.00000000 50558.78499071239760099 1.00000 7 
 fake.rf 1440.00000000 50568.76136542714994349 1.00000 7 
 fake.rf 1440.00000000 50578.69758783975827754 1.00000 7 
 fake.rf 1440.00000000 50588.70316735356507820 1.00000 7 
 fake.rf 1440.00000000 50598.66126431587554535 1.00000 7 
 fake.rf 1440.00000000 50608.57293050918237398 1.00000 7 
 fake.rf 1440.00000000 50618.55132832641739782 1.00000 7 
 fake.rf 1440.00000000 50628.52829803834552891 1.00000 7 
 fake.rf 1440.00000000 50638.54968152233908185 1.00000 7 
 fake.rf 1440.00000000 50648.49961932089882310 1.00000 7 
 fake.rf 1440.00000000 50658.48602776062888609 1.00000 7 
 fake.rf 1440.00000000 50668.42663661199613045 1.00000 7 
 fake.rf 1440.00000000 50678.41997505825238690 1.00000 7 
 fake.rf 1440.00000000 50688.37973835463960626 1.00000 7 
 fake.rf 1440.00000000 50698.36377714564332209 1.00000 7 
 fake.rf 1440.00000000 50708.37749998687666064 1.00000 7 
 fake.rf 1440.00000000 50718.31699920261011982 1.00000 7 
 fake.rf 1440.00000000 50728.24851176416890297 1.00000 7 
 fake.rf 1440.00000000 50738.22129285897454309 1.00000 7 
 fake.rf 1440.00000000 50748.21147665032528806 1.00000 7 
 fake.rf 1440.00000000 50758.22056053956015020 1.00000 7 
 fake.rf 1440.00000000 50768.15540281699189862 1.00000 7 
 fake.rf 1440.00000000 50778.13631143904180476 1.00000 7 
 fake.rf 1440.00000000 50788.13283460359355814 1.00000 7 
 fake.rf 1440.00000000 50798.07771253280479939 1.00000 7 
 fake.rf 1440.00000000 50808.09389881259111377 1.00000 7 
 fake.rf 1440.00000000 50818.04375029318726575 1.00000 7 
 fake.rf 1440.00000000 50827.97978174370286197 1.00000 7 
 fake.rf 1440.00000000 50837.95671692399124453 1.00000 7 
 fake.rf 1440.00000000 50847.97098459877706844 1.00000 7 
 fake.rf 1440.00000000 50857.95212766127971449 1.00000 7 
 fake.rf 1440.00000000 50867.86945632125176431 1.00000 7 
 fake.rf 1440.00000000 50877.88740299950316626 1.00000 7 
 fake.rf 1440.00000000 50887.83207282452429254 1.00000 7 
 fake.rf 1440.00000000 50897.78228533216696761 1.00000 7 
 fake.rf 1440.00000000 50907.78563334433429333 1.00000 7 
 fake.rf 1440.00000000 50917.75260700369819489 1.00000 7 
 fake.rf 1440.00000000 50927.70852164041792065 1.00000 7 
 fake.rf 1440.00000000 50937.71614367089404851 1.00000 7 
 fake.rf 1440.00000000 50947.64847184339562602 1.00000 7 
 fake.rf 1440.00000000 50957.66496192842632951 1.00000 7 
 fake.rf 1440.00000000 50967.60296343455680557 1.00000 7 
 fake.rf 1440.00000000 50977.58653814003793414 1.00000 7 
 fake.rf 1440.00000000 50987.54033766930971794 1.00000 7 
 fake.rf 1440.00000000 50997.54874012263905669 1.00000 7 
 fake.rf 1440.00000000 51007.54365791905757277 1.00000 7 
 fake.rf 1440.00000000 51017.45515131657737484 1.00000 7 
 fake.rf 1440.00000000 51027.43035730948480477 1.00000 7 
 fake.rf 1440.00000000 51037.46742534580108241 1.00000 7 
 fake.rf 1440.00000000 51047.37900414214558609 1.00000 7 
 fake.rf 1440.00000000 51057.37169829742628124 1.00000 7 
 fake.rf 1440.00000000 51067.36182121768462494 1.00000 7 
 fake.rf 1440.00000000 51077.31887998428791420 1.00000 7 
 fake.rf 1440.00000000 51087.31978705065426638 1.00000 7 
 fake.rf 1440.00000000 51097.25040415647039183 1.00000 7 
 fake.rf 1440.00000000 51107.26297852019014911 1.00000 7 
 fake.rf 1440.00000000 51117.22404289156714796 1.00000 7 
 fake.rf 1440.00000000 51127.21514912987388257 1.00000 7 
 fake.rf 1440.00000000 51137.19105923108850931 1.00000 7 
 fake.rf 1440.00000000 51147.15636313360627341 1.00000 7 
 fake.rf 1440.00000000 51157.10570803078612201 1.00000 7 
 fake.rf 1440.00000000 51167.09006556295525669 1.00000 7 
 fake.rf 1440.00000000 51177.08333574313011383 1.00000 7 
 fake.rf 1440.00000000 51186.99459835818123921 1.00000 7 
 fake.rf 1440.00000000 51197.03426340225169966 1.00000 7 
 fake.rf 1440.00000000 51207.00505039777280913 1.00000 7 
 fake.rf 1440.00000000 51216.94696534995351911 1.00000 7 
 fake.rf 1440.00000000 51226.89757506532423292 1.00000 7 
 fake.rf 1440.00000000 51236.85158105042458487 1.00000 7 
 fake.rf 1440.00000000 51246.82842235573099288 1.00000 7 
 fake.rf 1440.00000000 51256.82199791484712392 1.00000 7 
 fake.rf 1440.00000000 51266.81979830227981054 1.00000 7 
 fake.rf 1440.00000000 51276.76194545401187241 1.00000 7 
 fake.rf 1440.00000000 51286.76640004819174479 1.00000 7 
 fake.rf 1440.00000000 51296.74530433072671087 1.00000 7 
 fake.rf 1440.00000000 51306.72315822517917994 1.00000 7 
 fake.rf 1440.00000000 51316.66650162871398422 1.00000 7 
 fake.rf 1440.00000000 51326.66753696426111020 1.00000 7 
 fake.rf 1440.00000000 51336.64790117891100252 1.00000 7 
 fake.rf 1440.00000000 51346.57228362188517679 1.00000 7 
 fake.rf 1440.00000000 51356.59553541799573040 1.00000 7 
 fake.rf 1440.00000000 51366.51256482744748411 1.00000 7 
 fake.rf 1440.00000000 51376.53770785451519387 1.00000 7 
 fake.rf 1440.00000000 51386.46198940666208088 1.00000 7 
 fake.rf 1440.00000000 51396.49056354497206556 1.00000 7 
 fake.rf 1440.00000000 51406.39029467455366529 1.00000 7 
 fake.rf 1440.00000000 51416.43778826190608200 1.00000 7 
 fake.rf 1440.00000000 51426.37139774479233978 1.00000 7 
 fake.rf 1440.00000000 51436.37287278688173586 1.00000 7 
 fake.rf 1440.00000000 51446.34024749188552050 1.00000 7 
 fake.rf 1440.00000000 51456.26646517749488297 1.00000 7 
 fake.rf 1440.00000000 51466.24458945793196207 1.00000 7 
 fake.rf 1440.00000000 51476.22362603822002214 1.00000 7 
 fake.rf 1440.00000000 51486.17041824072114764 1.00000 7 
 fake.rf 1440.00000000 51496.17044279482307445 1.00000 7 
 fake.rf 1440.00000000 51506.13311543500097400 1.00000 7 
 fake.rf 1440.00000000 51516.16133228618750195 1.00000 7 
 fake.rf 1440.00000000 51526.13057615414204093 1.00000 7 
 fake.rf 1440.00000000 51536.07116281986473894 1.00000 7 
 fake.rf 1440.00000000 51546.08068998616463574 1.00000 7 
 fake.rf 1440.00000000 51556.05407946355839144 1.00000 7 
 fake.rf 1440.00000000 51566.01554607620309412 1.00000 7 
 fake.rf 1440.00000000 51575.96684465056661040 1.00000 7 
 fake.rf 1440.00000000 51585.90968557392337246 1.00000 7 
 fake.rf 1440.00000000 51595.90291110858643719 1.00000 7 
 fake.rf 1440.00000000 51605.86041826593572068 1.00000 7 
 fake.rf 1440.00000000 51615.89175075807164106 1.00000 7 
 fake.rf 1440.00000000 51625.85562407797394968 1.00000 7 
 fake.rf 1440.00000000 51635.75813756706574509 1.00000 7 
 fake.rf 1440.00000000 51645.79713861055593327 1.00000 7 
 fake.rf 1440.00000000 51655.71269872602205808 1.00000 7 
 fake.rf 1440.00000000 51665.74910162883647047 1.00000 7 
 fake.rf 1440.00000000 51675.64910310829277407 1.00000 7 
 fake.rf 1440.00000000 51685.70044390181084992 1.00000 7 
 fake.rf 1440.00000000 51695.60509936131271758 1.00000 7 
 fake.rf 1440.00000000 51705.64431261521509953 1.00000 7 
 fake.rf 1440.00000000 51715.62268889776339975 1.00000 7 
 fake.rf 1440.00000000 51725.51880890909736621 1.00000 7 
 fake.rf 1440.00000000 51735.51893601701416614 1.00000 7 
 fake.rf 1440.00000000 51745.52609168095469983 1.00000 7 
 fake.rf 1440.00000000 51755.50022406468999847 1.00000 7 
 fake.rf 1440.00000000 51765.45387317290519391 1.00000 7 
 fake.rf 1440.00000000 51775.38312411509981104 1.00000 7 
 fake.rf 1440.00000000 51785.36359742583630350 1.00000 7 
 fake.rf 1440.00000000 51795.37467641038284327 1.00000 7 
 fake.rf 1440.00000000 51805.33125628631284698 1.00000 7 
 fake.rf 1440.00000000 51815.30170652377409013 1.00000 7 
 fake.rf 1440.00000000 51825.28497334843512689 1.00000 7 
 fake.rf 1440.00000000 51835.23810141468973001 1.00000 7 
 fake.rf 1440.00000000 51845.25977599456081535 1.00000 7 
 fake.rf 1440.00000000 51855.19654104086056989 1.00000 7 
 fake.rf 1440.00000000 51865.15036288661244512 1.00000 7 
 fake.rf 1440.00000000 51875.16080844304786623 1.00000 7 
 fake.rf 1440.00000000 51885.07617633360796816 1.00000 7 
 fake.rf 1440.00000000 51895.08347676034635398 1.00000 7 
 fake.rf 1440.00000000 51905.03111886922696172 1.00000 7 
 fake.rf 1440.00000000 51915.01463155424995222 1.00000 7 
 fake.rf 1440.00000000 51924.99723550283551887 1.00000 7 
 fake.rf 1440.00000000 51935.01938861139761627 1.00000 7 
 fake.rf 1440.00000000 51944.93271910303957029 1.00000 7 
 fake.rf 1440.00000000 51954.89829512720028859 1.00000 7 
 fake.rf 1440.00000000 51964.86331262542904597 1.00000 7 
 fake.rf 1440.00000000 51974.84035038704462295 1.00000 7 
 fake.rf 1440.00000000 51984.81656556136936942 1.00000 7 
 fake.rf 1440.00000000 51994.77689484981751278 1.00000 7 
 fake.rf 1440.00000000 52004.76922575685954797 1.00000 7 
 fake.rf 1440.00000000 52014.72862517136948313 1.00000 7 
 fake.rf 1440.00000000 52024.69463505794314528 1.00000 7 
 fake.rf 1440.00000000 52034.69372365042769601 1.00000 7 
 fake.rf 1440.00000000 52044.68055446860308066 1.00000 7 
 fake.rf 1440.00000000 52054.68102433901099602 1.00000 7 
 fake.rf 1440.00000000 52064.59821637452602161 1.00000 7 
 fake.rf 1440.00000000 52074.56600061079684494 1.00000 7 
 fake.rf 1440.00000000 52084.60635913071574521 1.00000 7 
 fake.rf 1440.00000000 52094.53132874813336883 1.00000 7 
 fake.rf 1440.00000000 52104.53749634697973647 1.00000 7 
 fake.rf 1440.00000000 52114.47840571335659732 1.00000 7 
 fake.rf 1440.00000000 52124.48446326919706806 1.00000 7 
 fake.rf 1440.00000000 52134.41786868050962056 1.00000 7 
 fake.rf 1440.00000000 52144.42254375170893255 1.00000 7 
 fake.rf 1440.00000000 52154.39424695181696023 1.00000 7 
 fake.rf 1440.00000000 52164.37505504679001334 1.00000 7 
 fake.rf 1440.00000000 52174.36085627589532621 1.00000 7 
 fake.rf 1440.00000000 52184.28697598317317485 1.00000 7 
 fake.rf 1440.00000000 52194.29378965754953157 1.00000 7 
 fake.rf 1440.00000000 52204.23086236944527982 1.00000 7 
 fake.rf 1440.00000000 52214.21526186787635027 1.00000 7 
 fake.rf 1440.00000000 52224.14955919480560809 1.00000 7 
 fake.rf 1440.00000000 52234.17987351181355749 1.00000 7 
 fake.rf 1440.00000000 52244.13039711728988834 1.00000 7 
 fake.rf 1440.00000000 52254.08866262776802003 1.00000 7 
 fake.rf 1440.00000000 52264.11185731301794988 1.00000 7 
 fake.rf 1440.00000000 52274.05470275749483378 1.00000 7 
 fake.rf 1440.00000000 52284.01731035774381340 1.00000 7 
 fake.rf 1440.00000000 52293.96069117798113624 1.00000 7 
 fake.rf 1440.00000000 52303.97450355776554431 1.00000 7 
 fake.rf 1440.00000000 52313.95674641659943660 1.00000 7 
 fake.rf 1440.00000000 52323.88683100183377661 1.00000 7 
 fake.rf 1440.00000000 52333.89395757014550625 1.00000 7 
 fake.rf 1440.00000000 52343.90259341387978864 1.00000 7 
 fake.rf 1440.00000000 52353.84681310024151557 1.00000 7 
 fake.rf 1440.00000000 52363.79838060123876176 1.00000 7 
 fake.rf 1440.00000000 52373.75151274217090602 1.00000 7 
 fake.rf 1440.00000000 52383.77415439336679981 1.00000 7 
 fake.rf 1440.00000000 52393.71005136975173855 1.00000 7 
 fake.rf 1440.00000000 52403.69879085235038119 1.00000 7 
 fake.rf 1440.00000000 52413.67157104506707199 1.00000 7 
 fake.rf 1440.00000000 52423.65901506917244390 1.00000 7 
 fake.rf 1440.00000000 52433.59778307371070127 1.00000 7 
 fake.rf 1440.00000000 52443.61460638767923115 1.00000 7 
 fake.rf 1440.00000000 52453.55069647386783771 1.00000 7 
 fake.rf 1440.00000000 52463.57180534006347727 1.00000 7 
 fake.rf 1440.00000000 52473.51340773511496707 1.00000 7 
 fake.rf 1440.00000000 52483.46260337951490982 1.00000 7 
 fake.rf 1440.00000000 52493.43713631017603660 1.00000 7 
 fake.rf 1440.00000000 52503.41285665737462907 1.00000 7 
 fake.rf 1440.00000000 52513.40976272281300652 1.00000 7 
 fake.rf 1440.00000000 52523.39599949661202061 1.00000 7 
 fake.rf 1440.00000000 52533.33332154469006881 1.00000 7 
 fake.rf 1440.00000000 52543.30451285623940194 1.00000 7 
 fake.rf 1440.00000000 52553.26857759228480660 1.00000 7 
 fake.rf 1440.00000000 52563.27480279820614584 1.00000 7 
 fake.rf 1440.00000000 52573.21315983446129749 1.00000 7 
 fake.rf 1440.00000000 52583.23070764714433167 1.00000 7 
 fake.rf 1440.00000000 52593.14351147888383409 1.00000 7 
 fake.rf 1440.00000000 52603.13588699011351579 1.00000 7 
 fake.rf 1440.00000000 52613.11121818248419402 1.00000 7 
 fake.rf 1440.00000000 52623.11690258965377964 1.00000 7 
 fake.rf 1440.00000000 52633.06666693942011648 1.00000 7 
 fake.rf 1440.00000000 52643.07642907421888268 1.00000 7 
 fake.rf 1440.00000000 52653.03472029859145565 1.00000 7 
 fake.rf 1440.00000000 52662.95600868549689721 1.00000 7 
 fake.rf 1440.00000000 52672.94464261082023881 1.00000 7 
 fake.rf 1440.00000000 52682.96670368149642272 1.00000 7 
 fake.rf 1440.00000000 52692.93793805422249932 1.00000 7 
 fake.rf 1440.00000000 52702.88977330524492260 1.00000 7 
 fake.rf 1440.00000000 52712.84454479897347667 1.00000 7 
 fake.rf 1440.00000000 52722.81586372530081164 1.00000 7 
 fake.rf 1440.00000000 52732.78244730011956420 1.00000 7 
 fake.rf 1440.00000000 52742.78662454004023985 1.00000 7 
 fake.rf 1440.00000000 52752.71873777477706824 1.00000 7 
 fake.rf 1440.00000000 52762.73204906448733098 1.00000 7 
 fake.rf 1440.00000000 52772.70130619978234421 1.00000 7 
 fake.rf 1440.00000000 52782.68565946661701815 1.00000 7 
 fake.rf 1440.00000000 52792.59213744747783181 1.00000 7 
 fake.rf 1440.00000000 52802.64656515369551570 1.00000 7 
 fake.rf 1440.00000000 52812.55060978425890639 1.00000 7 
 fake.rf 1440.00000000 52822.56463143618863754 1.00000 7 
 fake.rf 1440.00000000 52832.54926692137257049 1.00000 7 
 fake.rf 1440.00000000 52842.50127129054121511 1.00000 7 
 fake.rf 1440.00000000 52852.43045529222472112 1.00000 7 
 fake.rf 1440.00000000 52862.40645983461555701 1.00000 7 
 fake.rf 1440.00000000 52872.39199374230762274 1.00000 7 
 fake.rf 1440.00000000 52882.37017241097770892 1.00000 7 
 fake.rf 1440.00000000 52892.39102910648449551 1.00000 7 
 fake.rf 1440.00000000 52902.31667121834177436 1.00000 7 
 fake.rf 1440.00000000 52912.31452967939639365 1.00000 7 
 fake.rf 1440.00000000 52922.25468855333057050 1.00000 7 
 fake.rf 1440.00000000 52932.21331940000054672 1.00000 7 
 fake.rf 1440.00000000 52942.18824663301216660 1.00000 7 
 fake.rf 1440.00000000 52952.16547191583822496 1.00000 7 
 fake.rf 1440.00000000 52962.19303166006044847 1.00000 7 
 fake.rf 1440.00000000 52972.11655161123742985 1.00000 7 
 fake.rf 1440.00000000 52982.10971517586192547 1.00000 7 
 fake.rf 1440.00000000 52992.10330699844836744 1.00000 7 
 fake.rf 1440.00000000 53002.02536566753315483 1.00000 7 
 fake.rf 1440.00000000 53011.99766878825763428 1.00000 7 
 fake.rf 1440.00000000 53021.97333646405102670 1.00000 7 
 fake.rf 1440.00000000 53031.97735170308395070 1.00000 7 
 fake.rf 1440.00000000 53041.94354273412086087 1.00000 7 
 fake.rf 1440.00000000 53051.95069194807465607 1.00000 7 
 fake.rf 1440.00000000 53061.91412475465700638 1.00000 7 
 fake.rf 1440.00000000 53071.83759810766770215 1.00000 7 
 fake.rf 1440.00000000 53081.84130879498377809 1.00000 7 
 fake.rf 1440.00000000 53091.81639919178897458 1.00000 7 
 fake.rf 1440.00000000 53101.75698816096044652 1.00000 7 
 fake.rf 1440.00000000 53111.75909758847566877 1.00000 7 
 fake.rf 1440.00000000 53121.74887027817865714 1.00000 7 
 fake.rf 1440.00000000 53131.73078523793261141 1.00000 7 
 fake.rf 1440.00000000 53141.66150117878530779 1.00000 7 
 fake.rf 1440.00000000 53151.63058251788707054 1.00000 7 
 fake.rf 1440.00000000 53161.65231917649729709 1.00000 7 
 fake.rf 1440.00000000 53171.58634395099234027 1.00000 7 
 fake.rf 1440.00000000 53181.56826355268464823 1.00000 7 
 fake.rf 1440.00000000 53191.51214989565835012 1.00000 7 
 fake.rf 1440.00000000 53201.49433567687463054 1.00000 7 
 fake.rf 1440.00000000 53211.51253505558376489 1.00000 7 
 fake.rf 1440.00000000 53221.48158421372187021 1.00000 7 
 fake.rf 1440.00000000 53231.43123324621279835 1.00000 7 
 fake.rf 1440.00000000 53241.43536778001541521 1.00000 7 
 fake.rf 1440.00000000 53251.40664851266872759 1.00000 7 
 fake.rf 1440.00000000 53261.36082712944622486 1.00000 7 
 fake.rf 1440.00000000 53271.33649244809347678 1.00000 7 
 fake.rf 1440.00000000 53281.25859742097377492 1.00000 7 
 fake.rf 1440.00000000 53291.23324399559192699 1.00000 7 
 fake.rf 1440.00000000 53301.22980540816084272 1.00000 7 
 fake.rf 1440.00000000 53311.18460673792244009 1.00000 7 
 fake.rf 1440.00000000 53321.15886072299781873 1.00000 7 
 fake.rf 1440.00000000 53331.15839415709966431 1.00000 7 
 fake.rf 1440.00000000 53341.14451504629492717 1.00000 7 
 fake.rf 1440.00000000 53351.11226445836021881 1.00000 7 
 fake.rf 1440.00000000 53361.06291810511098106 1.00000 7 
 fake.rf 1440.00000000 53371.03977613662979707 1.00000 7 
 fake.rf 1440.00000000 53381.04163650779374350 1.00000 7 
 fake.rf 1440.00000000 53391.02330522347508079 1.00000 7 
 fake.rf 1440.00000000 53401.00255794533497067 1.00000 7 
 fake.rf 1440.00000000 53410.97231167580387989 1.00000 7 
 fake.rf 1440.00000000 53420.90006075978642031 1.00000 7 
 fake.rf 1440.00000000 53430.89639049601989029 1.00000 7 
 fake.rf 1440.00000000 53440.87536356651292024 1.00000 7 
 fake.rf 1440.00000000 53450.84446620442624010 1.00000 7 
 fake.rf 1440.00000000 53460.83718163757997033 1.00000 7 
 fake.rf 1440.00000000 53470.78186241432320003 1.00000 7 
 fake.rf 1440.00000000 53480.71229414063946450 1.00000 7 
 fake.rf 1440.00000000 53490.71423353097524256 1.00000 7 
 fake.rf 1440.00000000 53500.71343826965116364 1.00000 7 
 fake.rf 1440.00000000 53510.65336016128600249 1.00000 7 
 fake.rf 1440.00000000 53520.61746988452373941 1.00000 7 
 fake.rf 1440.00000000 53530.61302814390841576 1.00000 7 
 fake.rf 1440.00000000 53540.61323668676414655 1.00000 7 
 fake.rf 1440.00000000 53550.52545198413706729 1.00000 7 
 fake.rf 1440.00000000 53560.51959526072902662 1.00000 7 
 fake.rf 1440.00000000 53570.50128681576754275 1.00000 7 
 fake.rf 1440.00000000 53580.49980505031416556 1.00000 7 
 fake.rf 1440.00000000 53590.44335766621371064 1.00000 7 
 fake.rf 1440.00000000 53600.42700009236537184 1.00000 7 
 fake.rf 1440.00000000 53610.36605076258624791 1.00000 7 
 fake.rf 1440.00000000 53620.37504231504038543 1.00000 7 
 fake.rf 1440.00000000 53630.36024314208608033 1.00000 7 
 fake.rf 1440.00000000 53640.32613160154640042 1.00000 7 
 fake.rf 1440.00000000 53650.26521504067590840 1.00000 7 
 fake.rf 1440.00000000 53660.24546951195282318 1.00000 7 
