FORMAT 1
 fake.rf 1440.00000000 50000.25427296081054251 1.00000 7 
 fake.rf 1440.00000000 50010.26411902946076538 1.00000 7 
 fake.rf 1440.00000000 50020.20442165254199907 1.00000 7 
 fake.rf 1440.00000000 50030.17583894729112970 1.00000 7 
 fake.rf 1440.00000000 50040.13910067577400298 1.00000 7 
 fake.rf 1440.00000000 50050.17130433414296675 1.00000 7 
 fake.rf 1440.00000000 50060.13252736400734477 1.00000 7 
 fake.rf 1440.00000000 50070.06913912976458292 1.00000 7 
 fake.rf 1440.00000000 50080.08270603592087866 1.00000 7 
 fake.rf 1440.00000000 50090.03238545562384232 1.00000 7 
 fake.rf 1440.00000000 50100.01146218675095056 1.00000 7 
 fake.rf 1440.00000000 50109.97153502253772217 1.00000 7 
 fake.rf 1440.00000000 50119.96623788079899953 1.00000 7 
 fake.rf 1440.00000000 50129.92654887189845780 1.00000 7 
 fake.rf 1440.00000000 50139.86267547979779025 1.00000 7 
 fake.rf 1440.00000000 50149.83837400834969955 1.00000 7 
 fake.rf 1440.00000000 50159.83444327755676539 1.00000 7 
 fake.rf 1440.00000000 50169.80034021668803845 1.00000 7 
 fake.rf 1440.00000000 50179.82101039886036986 1.00000 7 
 fake.rf 1440.00000000 50189.75492554211349372 1.00000 7 
 fake.rf 1440.00000000 50199.77684353956423635 1.00000 7 
 fake.rf 1440.00000000 50209.73065705235744360 1.00000 7 
 fake.rf 1440.00000000 50219.71215729344518408 1.00000 7 
 fake.rf 1440.00000000 50229.62927420733647921 1.00000 7 
 fake.rf 1440.00000000 50239.65592799994955087 1.00000 7 
 fake.rf 1440.00000000 50249.60826825659869144 1.00000 7 
 fake.rf 1440.00000000 50259.60356008280499296 1.00000 7 
 fake.rf 1440.00000000 50269.57800420343218661 1.00000 7 
 fake.rf 1440.00000000 50279.47652358269813888 1.00000 7 
 fake.rf 1440.00000000 50289.51427486085479401 1.00000 7 
 fake.rf 1440.00000000 50299.46241422215941697 1.00000 7 
 fake.rf 1440.00000000 50309.40792824623304824 1.00000 7 
 fake.rf 1440.00000000 50319.39949662964767896 1.00000 7 
 fake.rf 1440.00000000 50329.39857629272590245 1.00000 7 
 fake.rf 1440.00000000 50339.34281191119609744 1.00000 7 
 fake.rf 1440.00000000 50349.32494634722488058 1.00000 7 
 fake.rf 1440.00000000 50359.30020069450668174 1.00000 7 
 fake.rf 1440.00000000 50369.23296370901941188 1.00000 7 
 fake.rf 1440.00000000 50379.26234755570553148 1.00000 7 
 fake.rf 1440.00000000 50389.19513978201820592 1.00000 7 
 fake.rf 1440.00000000 50399.18821987663595152 1.00000 7 
 fake.rf 1440.00000000 50409.14065145027203485 1.00000 7 
 fake.rf 1440.00000000 50419.14415422119261123 1.00000 7 
 fake.rf 1440.00000000 50429.07590816388962907 1.00000 7 
 fake.rf 1440.00000000 50439.09928836505067906 1.00000 7 
 fake.rf 1440.00000000 50449.06622207439396988 1.00000 7 
 fake.rf 1440.00000000 50459.00097891200212175 1.00000 7 
 fake.rf 1440.00000000 50468.96439939114581463 1.00000 7 
 fake.rf 1440.00000000 50479.00786769057308234 1.00000 7 
 fake.rf 1440.00000000 50488.90726567073665620 1.00000 7 
 fake.rf 1440.00000000 50498.91523898585714747 1.00000 7 
 fake.rf 1440.00000000 50508.92459627209412432 1.00000 7 
 fake.rf 1440.00000000 50518.88844545931436159 1.00000 7 
 fake.rf 1440.00000000 50528.82189002644325981 1.00000 7 
 fake.rf 1440.00000000 50538.77566856110286864 1.00000 7 
 fake.rf 1440.00000000 50548.79347584516925451 1.00000 7 
 fake.rf 1440.00000000 50558.78989834982134610 1.00000 7 
 fake.rf 1440.00000000 50568.76627304100087912 1.00000 7 
 fake.rf 1440.00000000 50578.70249547756412056 1.00000 7 
 fake.rf 1440.00000000 50588.70807495201709969 1.00000 7 
 fake.rf 1440.00000000 50598.66617196844855542 1.00000 7 
 fake.rf 1440.00000000 50608.57783810297152272 1.00000 7 
 fake.rf 1440.00000000 50618.55623595335243792 1.00000 7 
 fake.rf 1440.00000000 50628.53320561929545462 1.00000 7 
 fake.rf 1440.00000000 50638.55458913749914274 1.00000 7 
 fake.rf 1440.00000000 50648.50452690756704044 1.00000 7 
 fake.rf 1440.00000000 50658.49093535808351874 1.00000 7 
 fake.rf 1440.00000000 50668.43154420638201429 1.00000 7 
 fake.rf 1440.00000000 50678.42488265666840164 1.00000 7 
 fake.rf 1440.00000000 50688.38464594922150752 1.00000 7 
 fake.rf 1440.00000000 50698.36868472694313326 1.00000 7 
 fake.rf 1440.00000000 50708.38240756902202477 1.00000 7 
 fake.rf 1440.00000000 50718.32190681868672044 1.00000 7 
 fake.rf 1440.00000000 50728.25341937231960898 1.00000 7 
 fake.rf 1440.00000000 50738.22620044558627228 1.00000 7 
 fake.rf 1440.00000000 50748.21638425524084681 1.00000 7 
 fake.rf 1440.00000000 50758.22546814441290053 1.00000 7 
 fake.rf 1440.00000000 50768.16031040892905679 1.00000 7 
 fake.rf 1440.00000000 50778.14121905058061657 1.00000 7 
 fake.rf 1440.00000000 50788.13774222495193555 1.00000 7 
 fake.rf 1440.00000000 50798.08262014913054117 1.00000 7 
 fake.rf 1440.00000000 50808.09880642987955568 1.00000 7 
 fake.rf 1440.00000000 50818.04865792448341466 1.00000 7 
 fake.rf 1440.00000000 50827.98468933738177356 1.00000 7 
 fake.rf 1440.00000000 50837.96162453094607869 1.00000 7 
 fake.rf 1440.00000000 50847.97589217191043431 1.00000 7 
 fake.rf 1440.00000000 50857.95703528243345204 1.00000 7 
 fake.rf 1440.00000000 50867.87436393360409426 1.00000 7 
 fake.rf 1440.00000000 50877.89231059605286944 1.00000 7 
 fake.rf 1440.00000000 50887.83698044606671118 1.00000 7 
 fake.rf 1440.00000000 50897.78719291783416168 1.00000 7 
 fake.rf 1440.00000000 50907.79054094224730065 1.00000 7 
 fake.rf 1440.00000000 50917.75751459337431370 1.00000 7 
 fake.rf 1440.00000000 50927.71342924645660588 1.00000 7 
 fake.rf 1440.00000000 50937.72105130993423927 1.00000 7 
 fake.rf 1440.00000000 50947.65337944941201442 1.00000 7 
 fake.rf 1440.00000000 50957.66986955756003042 1.00000 7 
 fake.rf 1440.00000000 50967.60787106037627581 1.00000 7 
 fake.rf 1440.00000000 50977.59144573543591150 1.00000 7 
 fake.rf 1440.00000000 50987.54524528516565240 1.00000 7 
 fake.rf 1440.00000000 50997.55364774080225487 1.00000 7 
 fake.rf 1440.00000000 51007.54856553798335028 1.00000 7 
 fake.rf 1440.00000000 51017.46005892666015313 1.00000 7 
 fake.rf 1440.00000000 51027.43526491348418261 1.00000 7 
 fake.rf 1440.00000000 51037.47233293906077733 1.00000 7 
 fake.rf 1440.00000000 51047.38391177417117461 1.00000 7 
 fake.rf 1440.00000000 51057.37660587740329277 1.00000 7 
 fake.rf 1440.00000000 51067.36672883938978629 1.00000 7 
 fake.rf 1440.00000000 51077.32378757538416281 1.00000 7 
 fake.rf 1440.00000000 51087.32469468554125669 1.00000 7 
 fake.rf 1440.00000000 51097.25531176598809324 1.00000 7 
 fake.rf 1440.00000000 51107.26788612625700381 1.00000 7 
 fake.rf 1440.00000000 51117.22895049880741070 1.00000 7 
 fake.rf 1440.00000000 51127.22005671906373792 1.00000 7 
 fake.rf 1440.00000000 51137.19596687942744850 1.00000 7 
 fake.rf 1440.00000000 51147.16127072794087027 1.00000 7 
 fake.rf 1440.00000000 51157.11061561895551009 1.00000 7 
 fake.rf 1440.00000000 51167.09497317618669143 1.00000 7 
 fake.rf 1440.00000000 51177.08824336097094232 1.00000 7 
 fake.rf 1440.00000000 51186.99950597021564036 1.00000 7 
 fake.rf 1440.00000000 51197.03917099691233616 1.00000 7 
 fake.rf 1440.00000000 51207.00995801248836514 1.00000 7 
 fake.rf 1440.00000000 51216.95187294269732092 1.00000 7 
 fake.rf 1440.00000000 51226.90248267943943361 1.00000 7 
 fake.rf 1440.00000000 51236.85648863014199250 1.00000 7 
 fake.rf 1440.00000000 51246.83332996884349342 1.00000 7 
 fake.rf 1440.00000000 51256.82690552719844135 1.00000 7 
 fake.rf 1440.00000000 51266.82470591973445195 1.00000 7 
 fake.rf 1440.00000000 51276.76685304947955402 1.00000 7 
 fake.rf 1440.00000000 51286.77130763675916825 1.00000 7 
 fake.rf 1440.00000000 51296.75021192054826358 1.00000 7 
 fake.rf 1440.00000000 51306.72806581752076838 1.00000 7 
 fake.rf 1440.00000000 51316.67140922284181670 1.00000 7 
 fake.rf 1440.00000000 51326.67244455869747810 1.00000 7 
 fake.rf 1440.00000000 51336.65280879979020767 1.00000 7 
 fake.rf 1440.00000000 51346.57719126340723648 1.00000 7 
 fake.rf 1440.00000000 51356.60044306369868394 1.00000 7 
 fake.rf 1440.00000000 51366.51747243691972145 1.00000 7 
 fake.rf 1440.00000000 51376.54261547447801561 1.00000 7 
 fake.rf 1440.00000000 51386.46689702071459749 1.00000 7 
 fake.rf 1440.00000000 51396.49547115584291390 1.00000 7 
 fake.rf 1440.00000000 51406.39520226914830303 1.00000 7 
 fake.rf 1440.00000000 51416.44269583049530681 1.00000 7 
 fake.rf 1440.00000000 51426.37630534193625564 1.00000 7 
 fake.rf 1440.00000000 51436.37778041845154320 1.00000 7 
 fake.rf 1440.00000000 51446.34515511117055908 1.00000 7 
 fake.rf 1440.00000000 51456.27137276656733533 1.00000 7 
 fake.rf 1440.00000000 51466.24949710643218381 1.00000 7 
 fake.rf 1440.00000000 51476.22853364798363529 1.00000 7 
 fake.rf 1440.00000000 51486.17532587481064255 1.00000 7 
 fake.rf 1440.00000000 51496.17535041167603183 1.00000 7 
 fake.rf 1440.00000000 51506.13802303229052271 1.00000 7 
 fake.rf 1440.00000000 51516.16623991708945596 1.00000 7 
 fake.rf 1440.00000000 51526.13548373675771685 1.00000 7 
 fake.rf 1440.00000000 51536.07607043184791351 1.00000 7 
 fake.rf 1440.00000000 51546.08559760826219076 1.00000 7 
 fake.rf 1440.00000000 51556.05898710212026259 1.00000 7 
 fake.rf 1440.00000000 51566.02045367737649428 1.00000 7 
 fake.rf 1440.00000000 51575.97175223318885173 1.00000 7 
 fake.rf 1440.00000000 51585.91459316181155614 1.00000 7 
 fake.rf 1440.00000000 51595.90781873458717399 1.00000 7 
 fake.rf 1440.00000000 51605.86532588818156597 1.00000 7 
 fake.rf 1440.00000000 51615.89665836988053016 1.00000 7 
 fake.rf 1440.00000000 51625.86053171020347463 1.00000 7 
 fake.rf 1440.00000000 51635.76304514520271027 1.00000 7 
 fake.rf 1440.00000000 51645.80204623468848268 1.00000 7 
 fake.rf 1440.00000000 51655.71760631758927929 1.00000 7 
 fake.rf 1440.00000000 51665.75400924304913630 1.00000 7 
 fake.rf 1440.00000000 51675.65401070288523755 1.00000 7 
 fake.rf 1440.00000000 51685.70535151341641722 1.00000 7 
 fake.rf 1440.00000000 51695.61000698618107663 1.00000 7 
 fake.rf 1440.00000000 51705.64922024573248294 1.00000 7 
 fake.rf 1440.00000000 51715.62759650254132637 1.00000 7 
 fake.rf 1440.00000000 51725.52371654154752889 1.00000 7 
 fake.rf 1440.00000000 51735.52384362005374641 1.00000 7 
 fake.rf 1440.00000000 51745.53099925634628775 1.00000 7 
 fake.rf 1440.00000000 51755.50513168195599789 1.00000 7 
 fake.rf 1440.00000000 51765.45878075226412207 1.00000 7 
 fake.rf 1440.00000000 51775.38803174209285274 1.00000 7 
 fake.rf 1440.00000000 51785.36850501018595949 1.00000 7 
 fake.rf 1440.00000000 51795.37958402431127070 1.00000 7 
 fake.rf 1440.00000000 51805.33616386528102637 1.00000 7 
 fake.rf 1440.00000000 51815.30661414206628379 1.00000 7 
 fake.rf 1440.00000000 51825.28988096000179553 1.00000 7 
 fake.rf 1440.00000000 51835.24300898970982487 1.00000 7 
 fake.rf 1440.00000000 51845.26468360476242125 1.00000 7 
 fake.rf 1440.00000000 51855.20144864480203140 1.00000 7 
 fake.rf 1440.00000000 51865.15527049021019224 1.00000 7 
 fake.rf 1440.00000000 51875.16571601442317530 1.00000 7 
 fake.rf 1440.00000000 51885.08108390925541542 1.00000 7 
 fake.rf 1440.00000000 51895.08838438788714953 1.00000 7 
 fake.rf 1440.00000000 51905.03602649436459870 1.00000 7 
 fake.rf 1440.00000000 51915.01953919140305871 1.00000 7 
 fake.rf 1440.00000000 51925.00214313634022290 1.00000 7 
 fake.rf 1440.00000000 51935.02429619477234723 1.00000 7 
 fake.rf 1440.00000000 51944.93762673878597269 1.00000 7 
 fake.rf 1440.00000000 51954.90320273698290165 1.00000 7 
 fake.rf 1440.00000000 51964.86822024947712961 1.00000 7 
 fake.rf 1440.00000000 51974.84525801076451046 1.00000 7 
 fake.rf 1440.00000000 51984.82147317127743946 1.00000 7 
 fake.rf 1440.00000000 51994.78180245336949383 1.00000 7 
 fake.rf 1440.00000000 52004.77413335350004431 1.00000 7 
 fake.rf 1440.00000000 52014.73353277878038625 1.00000 7 
 fake.rf 1440.00000000 52024.69954265507212909 1.00000 7 
 fake.rf 1440.00000000 52034.69863124456672310 1.00000 7 
 fake.rf 1440.00000000 52044.68546208453257407 1.00000 7 
 fake.rf 1440.00000000 52054.68593197978988485 1.00000 7 
 fake.rf 1440.00000000 52064.60312397760447922 1.00000 7 
 fake.rf 1440.00000000 52074.57090824921370142 1.00000 7 
 fake.rf 1440.00000000 52084.61126671661649468 1.00000 7 
 fake.rf 1440.00000000 52094.53623638480423352 1.00000 7 
 fake.rf 1440.00000000 52104.54240397261942519 1.00000 7 
 fake.rf 1440.00000000 52114.48331331989007609 1.00000 7 
 fake.rf 1440.00000000 52124.48937087054507344 1.00000 7 
 fake.rf 1440.00000000 52134.42277629589985821 1.00000 7 
 fake.rf 1440.00000000 52144.42745136977907450 1.00000 7 
 fake.rf 1440.00000000 52154.39915453114507216 1.00000 7 
 fake.rf 1440.00000000 52164.37996263230408545 1.00000 7 
 fake.rf 1440.00000000 52174.36576386577995024 1.00000 7 
 fake.rf 1440.00000000 52184.29188362393407630 1.00000 7 
 fake.rf 1440.00000000 52194.29869727455962902 1.00000 7 
 fake.rf 1440.00000000 52204.23576997762176077 1.00000 7 
 fake.rf 1440.00000000 52214.22016947456879876 1.00000 7 
 fake.rf 1440.00000000 52224.15446679881186398 1.00000 7 
 fake.rf 1440.00000000 52234.18478111597235269 1.00000 7 
 fake.rf 1440.00000000 52244.13530471168777680 1.00000 7 
 fake.rf 1440.00000000 52254.09357025839786814 1.00000 7 
 fake.rf 1440.00000000 52264.11676493032222979 1.00000 7 
 fake.rf 1440.00000000 52274.05961035692947192 1.00000 7 
 fake.rf 1440.00000000 52284.02221797586572549 1.00000 7 
 fake.rf 1440.00000000 52293.96559878523401821 1.00000 7 
 fake.rf 1440.00000000 52303.97941117553466484 1.00000 7 
 fake.rf 1440.00000000 52313.96165403948704054 1.00000 7 
 fake.rf 1440.00000000 52323.89173858502083547 1.00000 7 
 fake.rf 1440.00000000 52333.89886519084321037 1.00000 7 
 fake.rf 1440.00000000 52343.90750099183348354 1.00000 7 
 fake.rf 1440.00000000 52353.85172073129325199 1.00000 7 
 fake.rf 1440.00000000 52363.80328818448919392 1.00000 7 
 fake.rf 1440.00000000 52373.75642037210541346 1.00000 7 
 fake.rf 1440.00000000 52383.77906199321643044 1.00000 7 
 fake.rf 1440.00000000 52393.71495897446306955 1.00000 7 
 fake.rf 1440.00000000 52403.70369846007995562 1.00000 7 
 fake.rf 1440.00000000 52413.67647865849412625 1.00000 7 
 fake.rf 1440.00000000 52423.66392266499737929 1.00000 7 
 fake.rf 1440.00000000 52433.60269071170387178 1.00000 7 
 fake.rf 1440.00000000 52443.61951398870887786 1.00000 7 
 fake.rf 1440.00000000 52453.55560405260991885 1.00000 7 
 fake.rf 1440.00000000 52463.57671292386737960 1.00000 7 
 fake.rf 1440.00000000 52473.51831530087020639 1.00000 7 
 fake.rf 1440.00000000 52483.46751098412022074 1.00000 7 
 fake.rf 1440.00000000 52493.44204394094890631 1.00000 7 
 fake.rf 1440.00000000 52503.41776427852724751 1.00000 7 
 fake.rf 1440.00000000 52513.41467033205882942 1.00000 7 
 fake.rf 1440.00000000 52523.40090707389105162 1.00000 7 
 fake.rf 1440.00000000 52533.33822914320308684 1.00000 7 
 fake.rf 1440.00000000 52543.30942047235574677 1.00000 7 
 fake.rf 1440.00000000 52553.27348517782284532 1.00000 7 
 fake.rf 1440.00000000 52563.27971043507571736 1.00000 7 
 fake.rf 1440.00000000 52573.21806744996799310 1.00000 7 
 fake.rf 1440.00000000 52583.23561522023541670 1.00000 7 
 fake.rf 1440.00000000 52593.14841909210794313 1.00000 7 
 fake.rf 1440.00000000 52603.14079460468246197 1.00000 7 
 fake.rf 1440.00000000 52613.11612576147512854 1.00000 7 
 fake.rf 1440.00000000 52623.12181018759432050 1.00000 7 
 fake.rf 1440.00000000 52633.07157456299740517 1.00000 7 
 fake.rf 1440.00000000 52643.08133668339911537 1.00000 7 
 fake.rf 1440.00000000 52653.03962790447235420 1.00000 7 
 fake.rf 1440.00000000 52662.96091628493680048 1.00000 7 
 fake.rf 1440.00000000 52672.94955022466788463 1.00000 7 
 fake.rf 1440.00000000 52682.97161130217751790 1.00000 7 
 fake.rf 1440.00000000 52692.94284566564634531 1.00000 7 
 fake.rf 1440.00000000 52702.89468087836443999 1.00000 7 
 fake.rf 1440.00000000 52712.84945240979310910 1.00000 7 
 fake.rf 1440.00000000 52722.82077132626049121 1.00000 7 
 fake.rf 1440.00000000 52732.78735490337524894 1.00000 7 
 fake.rf 1440.00000000 52742.79153214796939153 1.00000 7 
 fake.rf 1440.00000000 52752.72364538166788606 1.00000 7 
 fake.rf 1440.00000000 52762.73695669461806190 1.00000 7 
 fake.rf 1440.00000000 52772.70621378969083182 1.00000 7 
 fake.rf 1440.00000000 52782.69056706721829642 1.00000 7 
 fake.rf 1440.00000000 52792.59704505538115527 1.00000 7 
 fake.rf 1440.00000000 52802.65147277072674470 1.00000 7 
 fake.rf 1440.00000000 52812.55551737779447663 1.00000 7 
 fake.rf 1440.00000000 52822.56953904796314347 1.00000 7 
 fake.rf 1440.00000000 52832.55417453010699091 1.00000 7 
 fake.rf 1440.00000000 52842.50617886527431466 1.00000 7 
 fake.rf 1440.00000000 52852.43536290549445411 1.00000 7 
 fake.rf 1440.00000000 52862.41136741672616850 1.00000 7 
 fake.rf 1440.00000000 52872.39690133227666635 1.00000 7 
 fake.rf 1440.00000000 52882.37508003506782472 1.00000 7 
 fake.rf 1440.00000000 52892.39593670243654699 1.00000 7 
 fake.rf 1440.00000000 52902.32157881200209815 1.00000 7 
 fake.rf 1440.00000000 52912.31943728931028303 1.00000 7 
 fake.rf 1440.00000000 52922.25959616354005277 1.00000 7 
 fake.rf 1440.00000000 52932.21822702238111091 1.00000 7 
 fake.rf 1440.00000000 52942.19315422196813259 1.00000 7 
 fake.rf 1440.00000000 52952.17037955232463986 1.00000 7 
 fake.rf 1440.00000000 52962.19793929644802688 1.00000 7 
 fake.rf 1440.00000000 52972.12145923086359645 1.00000 7 
 fake.rf 1440.00000000 52982.11462280554141202 1.00000 7 
 fake.rf 1440.00000000 52992.10821461519039843 1.00000 7 
 fake.rf 1440.00000000 53002.03027327076117459 1.00000 7 
 fake.rf 1440.00000000 53012.00257638657470949 1.00000 7 
 fake.rf 1440.00000000 53021.97824405636913880 1.00000 7 
 fake.rf 1440.00000000 53031.98225930226011116 1.00000 7 
 fake.rf 1440.00000000 53041.94845032141024177 1.00000 7 
 fake.rf 1440.00000000 53051.95559956268469293 1.00000 7 
 fake.rf 1440.00000000 53061.91903235722425691 1.00000 7 
 fake.rf 1440.00000000 53071.84250570352050147 1.00000 7 
 fake.rf 1440.00000000 53081.84621640193940806 1.00000 7 
 fake.rf 1440.00000000 53091.82130680671190603 1.00000 7 
 fake.rf 1440.00000000 53101.76189577396481312 1.00000 7 
 fake.rf 1440.00000000 53111.76400517669025447 1.00000 7 
 fake.rf 1440.00000000 53121.75377784547367099 1.00000 7 
 fake.rf 1440.00000000 53131.73569286803205713 1.00000 7 
 fake.rf 1440.00000000 53141.66640875094688568 1.00000 7 
 fake.rf 1440.00000000 53151.63549010481354529 1.00000 7 
 fake.rf 1440.00000000 53161.65722677703258015 1.00000 7 
 fake.rf 1440.00000000 53171.59125154916809919 1.00000 7 
 fake.rf 1440.00000000 53181.57317114554581750 1.00000 7 
 fake.rf 1440.00000000 53191.51705751876345474 1.00000 7 
 fake.rf 1440.00000000 53201.49924330926007698 1.00000 7 
 fake.rf 1440.00000000 53211.51744266177399112 1.00000 7 
 fake.rf 1440.00000000 53221.48649185133417916 1.00000 7 
 fake.rf 1440.00000000 53231.43614084078186011 1.00000 7 
 fake.rf 1440.00000000 53241.44027540051922287 1.00000 7 
 fake.rf 1440.00000000 53251.41155608222591056 1.00000 7 
 fake.rf 1440.00000000 53261.36573476879987510 1.00000 7 
 fake.rf 1440.00000000 53271.34140007553619256 1.00000 7 
 fake.rf 1440.00000000 53281.26350503793638325 1.00000 7 
 fake.rf 1440.00000000 53291.23815157643159068 1.00000 7 
 fake.rf 1440.00000000 53301.23471303257052512 1.00000 7 
 fake.rf 1440.00000000 53311.18951431231110760 1.00000 7 
 fake.rf 1440.00000000 53321.16376835738405049 1.00000 7 
 fake.rf 1440.00000000 53331.16330175112016576 1.00000 7 
 fake.rf 1440.00000000 53341.14942268425083327 1.00000 7 
 fake.rf 1440.00000000 53351.11717203898205497 1.00000 7 
 fake.rf 1440.00000000 53361.06782570736858418 1.00000 7 
 fake.rf 1440.00000000 53371.04468374281431764 1.00000 7 
 fake.rf 1440.00000000 53381.04654411250006518 1.00000 7 
 fake.rf 1440.00000000 53391.02821279888095773 1.00000 7 
 fake.rf 1440.00000000 53401.00746555846335184 1.00000 7 
 fake.rf 1440.00000000 53410.97721926320470232 1.00000 7 
 fake.rf 1440.00000000 53420.90496834422576455 1.00000 7 
 fake.rf 1440.00000000 53430.90129813458211672 1.00000 7 
 fake.rf 1440.00000000 53440.88027116604362732 1.00000 7 
 fake.rf 1440.00000000 53450.84937384295724172 1.00000 7 
 fake.rf 1440.00000000 53460.84208923926268753 1.00000 7 
 fake.rf 1440.00000000 53470.78677000915135409 1.00000 7 
 fake.rf 1440.00000000 53480.71720176852264927 1.00000 7 
 fake.rf 1440.00000000 53490.71914111076685217 1.00000 7 
 fake.rf 1440.00000000 53500.71834585953590491 1.00000 7 
 fake.rf 1440.00000000 53510.65826776708512114 1.00000 7 
 fake.rf 1440.00000000 53520.62237748834112949 1.00000 7 
 fake.rf 1440.00000000 53530.61793572407863451 1.00000 7 
 fake.rf 1440.00000000 53540.61814428580877845 1.00000 7 
 fake.rf 1440.00000000 53550.53035961642349960 1.00000 7 
 fake.rf 1440.00000000 53560.52450287218489322 1.00000 7 
 fake.rf 1440.00000000 53570.50619440695965778 1.00000 7 
 fake.rf 1440.00000000 53580.50471269405596786 1.00000 7 
 fake.rf 1440.00000000 53590.44826525971068421 1.00000 7 
 fake.rf 1440.00000000 53600.43190769438649212 1.00000 7 
 fake.rf 1440.00000000 53610.37095837231496986 1.00000 7 
 fake.rf 1440.00000000 53620.37994994130349014 1.00000 7 
 fake.rf 1440.00000000 53630.36515073833005829 1.00000 7 
 fake.rf 1440.00000000 53640.33103917503873959 1.00000 7 
 fake.rf 1440.00000000 53650.27012263626841815 1.00000 7 
 fake.rf 1440.00000000 53660.25037713086523183 1.00000 7 
