FORMAT 1
 fake.rf 1440.00000000 50000.26143011486312062 1.00000 7 
 fake.rf 1440.00000000 50010.27127616286975709 1.00000 7 
 fake.rf 1440.00000000 50020.21157883706028002 1.00000 7 
 fake.rf 1440.00000000 50030.18299609893068691 1.00000 7 
 fake.rf 1440.00000000 50040.14625780433258484 1.00000 7 
 fake.rf 1440.00000000 50050.17846147898941211 1.00000 7 
 fake.rf 1440.00000000 50060.13968452038492529 1.00000 7 
 fake.rf 1440.00000000 50070.07629627702853981 1.00000 7 
 fake.rf 1440.00000000 50080.08986321231845551 1.00000 7 
 fake.rf 1440.00000000 50090.03954259795733606 1.00000 7 
 fake.rf 1440.00000000 50100.01861932635910790 1.00000 7 
 fake.rf 1440.00000000 50109.97869216743585596 1.00000 7 
 fake.rf 1440.00000000 50119.97339505268868010 1.00000 7 
 fake.rf 1440.00000000 50129.93370600773573287 1.00000 7 
 fake.rf 1440.00000000 50139.86983261637861986 1.00000 7 
 fake.rf 1440.00000000 50149.84553119094544726 1.00000 7 
 fake.rf 1440.00000000 50159.84160043238263071 1.00000 7 
 fake.rf 1440.00000000 50169.80749736006242756 1.00000 7 
 fake.rf 1440.00000000 50179.82816755352948590 1.00000 7 
 fake.rf 1440.00000000 50189.76208268431885173 1.00000 7 
 fake.rf 1440.00000000 50199.78400073123305702 1.00000 7 
 fake.rf 1440.00000000 50209.73781420220951688 1.00000 7 
 fake.rf 1440.00000000 50219.71931446551025857 1.00000 7 
 fake.rf 1440.00000000 50229.63643134632795295 1.00000 7 
 fake.rf 1440.00000000 50239.66308514890116754 1.00000 7 
 fake.rf 1440.00000000 50249.61542537354683446 1.00000 7 
 fake.rf 1440.00000000 50259.61071722311321608 1.00000 7 
 fake.rf 1440.00000000 50269.58516135946289083 1.00000 7 
 fake.rf 1440.00000000 50279.48368070594698409 1.00000 7 
 fake.rf 1440.00000000 50289.52143202210852024 1.00000 7 
 fake.rf 1440.00000000 50299.46957139009049342 1.00000 7 
 fake.rf 1440.00000000 50309.41508538887060453 1.00000 7 
 fake.rf 1440.00000000 50319.40665378421729415 1.00000 7 
 fake.rf 1440.00000000 50329.40573346399884258 1.00000 7 
 fake.rf 1440.00000000 50339.34996908913127811 1.00000 7 
 fake.rf 1440.00000000 50349.33210351489262635 1.00000 7 
 fake.rf 1440.00000000 50359.30735782893261288 1.00000 7 
 fake.rf 1440.00000000 50369.24012086066633742 1.00000 7 
 fake.rf 1440.00000000 50379.26950470805868321 1.00000 7 
 fake.rf 1440.00000000 50389.20229695323794772 1.00000 7 
 fake.rf 1440.00000000 50399.19537700569476968 1.00000 7 
 fake.rf 1440.00000000 50409.14780861919234312 1.00000 7 
 fake.rf 1440.00000000 50419.15131136102188236 1.00000 7 
 fake.rf 1440.00000000 50429.08306528756843434 1.00000 7 
 fake.rf 1440.00000000 50439.10644553131421119 1.00000 7 
 fake.rf 1440.00000000 50449.07337923984203698 1.00000 7 
 fake.rf 1440.00000000 50459.00813606098504138 1.00000 7 
 fake.rf 1440.00000000 50468.97155657494339565 1.00000 7 
 fake.rf 1440.00000000 50479.01502481124953547 1.00000 7 
 fake.rf 1440.00000000 50488.91442283388021295 1.00000 7 
 fake.rf 1440.00000000 50498.92239613055143010 1.00000 7 
 fake.rf 1440.00000000 50508.93175342914080161 1.00000 7 
 fake.rf 1440.00000000 50518.89560262286910231 1.00000 7 
 fake.rf 1440.00000000 50528.82904717621068613 1.00000 7 
 fake.rf 1440.00000000 50538.78282570340424940 1.00000 7 
 fake.rf 1440.00000000 50548.80063300125753045 1.00000 7 
 fake.rf 1440.00000000 50558.79705548701960538 1.00000 7 
 fake.rf 1440.00000000 50568.77343015589924136 1.00000 7 
 fake.rf 1440.00000000 50578.70965261092934284 1.00000 7 
 fake.rf 1440.00000000 50588.71523211745870796 1.00000 7 
 fake.rf 1440.00000000 50598.67332911580424337 1.00000 7 
 fake.rf 1440.00000000 50608.58499523490116445 1.00000 7 
 fake.rf 1440.00000000 50618.56339310793326547 1.00000 7 
 fake.rf 1440.00000000 50628.54036276523538618 1.00000 7 
 fake.rf 1440.00000000 50638.56174628248980696 1.00000 7 
 fake.rf 1440.00000000 50648.51168408089617756 1.00000 7 
 fake.rf 1440.00000000 50658.49809251485018535 1.00000 7 
 fake.rf 1440.00000000 50668.43870137117546548 1.00000 7 
 fake.rf 1440.00000000 50678.43203981165313010 1.00000 7 
 fake.rf 1440.00000000 50688.39180313441438130 1.00000 7 
 fake.rf 1440.00000000 50698.37584189262889467 1.00000 7 
 fake.rf 1440.00000000 50708.38956474173947697 1.00000 7 
 fake.rf 1440.00000000 50718.32906396749163491 1.00000 7 
 fake.rf 1440.00000000 50728.26057651300057572 1.00000 7 
 fake.rf 1440.00000000 50738.23335760033333131 1.00000 7 
 fake.rf 1440.00000000 50748.22354141645274694 1.00000 7 
 fake.rf 1440.00000000 50758.23262530011123062 1.00000 7 
 fake.rf 1440.00000000 50768.16746759204460915 1.00000 7 
 fake.rf 1440.00000000 50778.14837620961428044 1.00000 7 
 fake.rf 1440.00000000 50788.14489938380589251 1.00000 7 
 fake.rf 1440.00000000 50798.08977732043114273 1.00000 7 
 fake.rf 1440.00000000 50808.10596357663251155 1.00000 7 
 fake.rf 1440.00000000 50818.05581503668244991 1.00000 7 
 fake.rf 1440.00000000 50827.99184651170275728 1.00000 7 
 fake.rf 1440.00000000 50837.96878168886388494 1.00000 7 
 fake.rf 1440.00000000 50847.98304935371612956 1.00000 7 
 fake.rf 1440.00000000 50857.96419241424277402 1.00000 7 
 fake.rf 1440.00000000 50867.88152107699336923 1.00000 7 
 fake.rf 1440.00000000 50877.89946776846858967 1.00000 7 
 fake.rf 1440.00000000 50887.84413761825431877 1.00000 7 
 fake.rf 1440.00000000 50897.79435009850248406 1.00000 7 
 fake.rf 1440.00000000 50907.79769808724946145 1.00000 7 
 fake.rf 1440.00000000 50917.76467177560897071 1.00000 7 
 fake.rf 1440.00000000 50927.72058640055674061 1.00000 7 
 fake.rf 1440.00000000 50937.72820846039128284 1.00000 7 
 fake.rf 1440.00000000 50947.66053663996088474 1.00000 7 
 fake.rf 1440.00000000 50957.67702669528260273 1.00000 7 
 fake.rf 1440.00000000 50967.61502817651120267 1.00000 7 
 fake.rf 1440.00000000 50977.59860287803419610 1.00000 7 
 fake.rf 1440.00000000 50987.55240242471371204 1.00000 7 
 fake.rf 1440.00000000 50997.56080490154111473 1.00000 7 
 fake.rf 1440.00000000 51007.55572268282407933 1.00000 7 
 fake.rf 1440.00000000 51017.46721607093783746 1.00000 7 
 fake.rf 1440.00000000 51027.44242208329095334 1.00000 7 
 fake.rf 1440.00000000 51037.47949009044400626 1.00000 7 
 fake.rf 1440.00000000 51047.39106891883742634 1.00000 7 
 fake.rf 1440.00000000 51057.38376304906394409 1.00000 7 
 fake.rf 1440.00000000 51067.37388596392511886 1.00000 7 
 fake.rf 1440.00000000 51077.33094472750300596 1.00000 7 
 fake.rf 1440.00000000 51087.33185181274227915 1.00000 7 
 fake.rf 1440.00000000 51097.26246893771919488 1.00000 7 
 fake.rf 1440.00000000 51107.27504326312061522 1.00000 7 
 fake.rf 1440.00000000 51117.23610762670232432 1.00000 7 
 fake.rf 1440.00000000 51127.22721389919187018 1.00000 7 
 fake.rf 1440.00000000 51137.20312401182630069 1.00000 7 
 fake.rf 1440.00000000 51147.16842789129580993 1.00000 7 
 fake.rf 1440.00000000 51157.11777281118113692 1.00000 7 
 fake.rf 1440.00000000 51167.10213034272064903 1.00000 7 
 fake.rf 1440.00000000 51177.09540049618646051 1.00000 7 
 fake.rf 1440.00000000 51187.00666309931749964 1.00000 7 
 fake.rf 1440.00000000 51197.04632817540431944 1.00000 7 
 fake.rf 1440.00000000 51207.01711515339712832 1.00000 7 
 fake.rf 1440.00000000 51216.95903009559264873 1.00000 7 
 fake.rf 1440.00000000 51226.90963982755125627 1.00000 7 
 fake.rf 1440.00000000 51236.86364579045152112 1.00000 7 
 fake.rf 1440.00000000 51246.84048712612357690 1.00000 7 
 fake.rf 1440.00000000 51256.83406267326938632 1.00000 7 
 fake.rf 1440.00000000 51266.83186307383883928 1.00000 7 
 fake.rf 1440.00000000 51276.77401018019806145 1.00000 7 
 fake.rf 1440.00000000 51286.77846482780345738 1.00000 7 
 fake.rf 1440.00000000 51296.75736905764107121 1.00000 7 
 fake.rf 1440.00000000 51306.73522297937568126 1.00000 7 
 fake.rf 1440.00000000 51316.67856640115572375 1.00000 7 
 fake.rf 1440.00000000 51326.67960172097236438 1.00000 7 
 fake.rf 1440.00000000 51336.65996594098916361 1.00000 7 
 fake.rf 1440.00000000 51346.58434837589513222 1.00000 7 
 fake.rf 1440.00000000 51356.60760018005653649 1.00000 7 
 fake.rf 1440.00000000 51366.52462957794350729 1.00000 7 
 fake.rf 1440.00000000 51376.54977259678219426 1.00000 7 
 fake.rf 1440.00000000 51386.47405416145268475 1.00000 7 
 fake.rf 1440.00000000 51396.50262829294772260 1.00000 7 
 fake.rf 1440.00000000 51406.40235943207254721 1.00000 7 
 fake.rf 1440.00000000 51416.44985300804368933 1.00000 7 
 fake.rf 1440.00000000 51426.38346248754784895 1.00000 7 
 fake.rf 1440.00000000 51436.38493753780328888 1.00000 7 
 fake.rf 1440.00000000 51446.35231223141553158 1.00000 7 
 fake.rf 1440.00000000 51456.27852991694091145 1.00000 7 
 fake.rf 1440.00000000 51466.25665424543413806 1.00000 7 
 fake.rf 1440.00000000 51476.23569079166782458 1.00000 7 
 fake.rf 1440.00000000 51486.18248299843168070 1.00000 7 
 fake.rf 1440.00000000 51496.18250758166984227 1.00000 7 
 fake.rf 1440.00000000 51506.14518020878747251 1.00000 7 
 fake.rf 1440.00000000 51516.17339705671028227 1.00000 7 
 fake.rf 1440.00000000 51526.14264090107613470 1.00000 7 
 fake.rf 1440.00000000 51536.08322762215513180 1.00000 7 
 fake.rf 1440.00000000 51546.09275477645023145 1.00000 7 
 fake.rf 1440.00000000 51556.06614424070068736 1.00000 7 
 fake.rf 1440.00000000 51566.02761085002938302 1.00000 7 
 fake.rf 1440.00000000 51575.97890938624000867 1.00000 7 
 fake.rf 1440.00000000 51585.92175034279934209 1.00000 7 
 fake.rf 1440.00000000 51595.91497587322690421 1.00000 7 
 fake.rf 1440.00000000 51605.87248303980788577 1.00000 7 
 fake.rf 1440.00000000 51615.90381552197719728 1.00000 7 
 fake.rf 1440.00000000 51625.86768886230751718 1.00000 7 
 fake.rf 1440.00000000 51635.77020231555987451 1.00000 7 
 fake.rf 1440.00000000 51645.80920338878893716 1.00000 7 
 fake.rf 1440.00000000 51655.72476346396010527 1.00000 7 
 fake.rf 1440.00000000 51665.76116638897663691 1.00000 7 
 fake.rf 1440.00000000 51675.66116784974170528 1.00000 7 
 fake.rf 1440.00000000 51685.71250863919421548 1.00000 7 
 fake.rf 1440.00000000 51695.61716411929833370 1.00000 7 
 fake.rf 1440.00000000 51705.65637739102823645 1.00000 7 
 fake.rf 1440.00000000 51715.63475365872810485 1.00000 7 
 fake.rf 1440.00000000 51725.53087366920764012 1.00000 7 
 fake.rf 1440.00000000 51735.53100077698505999 1.00000 7 
 fake.rf 1440.00000000 51745.53815640195998427 1.00000 7 
 fake.rf 1440.00000000 51755.51228881251072522 1.00000 7 
 fake.rf 1440.00000000 51765.46593792123096733 1.00000 7 
 fake.rf 1440.00000000 51775.39518887673444780 1.00000 7 
 fake.rf 1440.00000000 51785.37566218089145664 1.00000 7 
 fake.rf 1440.00000000 51795.38674117325669499 1.00000 7 
 fake.rf 1440.00000000 51805.34332102857261049 1.00000 7 
 fake.rf 1440.00000000 51815.31377126796008170 1.00000 7 
 fake.rf 1440.00000000 51825.29703812390125250 1.00000 7 
 fake.rf 1440.00000000 51835.25016617440344646 1.00000 7 
 fake.rf 1440.00000000 51845.27184078414130752 1.00000 7 
 fake.rf 1440.00000000 51855.20860578413713782 1.00000 7 
 fake.rf 1440.00000000 51865.16242764322828762 1.00000 7 
 fake.rf 1440.00000000 51875.17287318436931542 1.00000 7 
 fake.rf 1440.00000000 51885.08824108340432701 1.00000 7 
 fake.rf 1440.00000000 51895.09554150010040985 1.00000 7 
 fake.rf 1440.00000000 51905.04318362909548767 1.00000 7 
 fake.rf 1440.00000000 51915.02669635634960699 1.00000 7 
 fake.rf 1440.00000000 51925.00930027735590500 1.00000 7 
 fake.rf 1440.00000000 51935.03145336223339257 1.00000 7 
 fake.rf 1440.00000000 51944.94478385627247263 1.00000 7 
 fake.rf 1440.00000000 51954.91035989479383517 1.00000 7 
 fake.rf 1440.00000000 51964.87537740977615996 1.00000 7 
 fake.rf 1440.00000000 51974.85241517354034002 1.00000 7 
 fake.rf 1440.00000000 51984.82863030957905792 1.00000 7 
 fake.rf 1440.00000000 51994.78895959260576376 1.00000 7 
 fake.rf 1440.00000000 52004.78129050121113863 1.00000 7 
 fake.rf 1440.00000000 52014.74068991119924021 1.00000 7 
 fake.rf 1440.00000000 52024.70669979386151738 1.00000 7 
 fake.rf 1440.00000000 52034.70578842852463097 1.00000 7 
 fake.rf 1440.00000000 52044.69261921682859295 1.00000 7 
 fake.rf 1440.00000000 52054.69308911228042192 1.00000 7 
 fake.rf 1440.00000000 52064.61028114602289207 1.00000 7 
 fake.rf 1440.00000000 52074.57806538426349263 1.00000 7 
 fake.rf 1440.00000000 52084.61842390703322891 1.00000 7 
 fake.rf 1440.00000000 52094.54339354582805655 1.00000 7 
 fake.rf 1440.00000000 52104.54956112488918407 1.00000 7 
 fake.rf 1440.00000000 52114.49047046471469358 1.00000 7 
 fake.rf 1440.00000000 52124.49652805098016373 1.00000 7 
 fake.rf 1440.00000000 52134.42993343280564389 1.00000 7 
 fake.rf 1440.00000000 52144.43460852883268686 1.00000 7 
 fake.rf 1440.00000000 52154.40631168888894109 1.00000 7 
 fake.rf 1440.00000000 52164.38711978288330684 1.00000 7 
 fake.rf 1440.00000000 52174.37292104679979587 1.00000 7 
 fake.rf 1440.00000000 52184.29904075065470082 1.00000 7 
 fake.rf 1440.00000000 52194.30585440357496552 1.00000 7 
 fake.rf 1440.00000000 52204.24292713006071764 1.00000 7 
 fake.rf 1440.00000000 52214.22732661303310664 1.00000 7 
 fake.rf 1440.00000000 52224.16162397361916803 1.00000 7 
 fake.rf 1440.00000000 52234.19193826165153993 1.00000 7 
 fake.rf 1440.00000000 52244.14246187085295858 1.00000 7 
 fake.rf 1440.00000000 52254.10072738532295489 1.00000 7 
 fake.rf 1440.00000000 52264.12392208640487823 1.00000 7 
 fake.rf 1440.00000000 52274.06676748831824142 1.00000 7 
 fake.rf 1440.00000000 52284.02937511066773268 1.00000 7 
 fake.rf 1440.00000000 52293.97275594517699204 1.00000 7 
 fake.rf 1440.00000000 52303.98656831502712450 1.00000 7 
 fake.rf 1440.00000000 52313.96881120691288913 1.00000 7 
 fake.rf 1440.00000000 52323.89889573506022558 1.00000 7 
 fake.rf 1440.00000000 52333.90602232754989132 1.00000 7 
 fake.rf 1440.00000000 52343.91465816107974263 1.00000 7 
 fake.rf 1440.00000000 52353.85887786817178124 1.00000 7 
 fake.rf 1440.00000000 52363.81044535644431548 1.00000 7 
 fake.rf 1440.00000000 52373.76357749131329911 1.00000 7 
 fake.rf 1440.00000000 52383.78621914581634300 1.00000 7 
 fake.rf 1440.00000000 52393.72211612510383816 1.00000 7 
 fake.rf 1440.00000000 52403.71085560351079735 1.00000 7 
 fake.rf 1440.00000000 52413.68363578727425889 1.00000 7 
 fake.rf 1440.00000000 52423.67107981616411294 1.00000 7 
 fake.rf 1440.00000000 52433.60984784234858580 1.00000 7 
 fake.rf 1440.00000000 52443.62667115690760866 1.00000 7 
 fake.rf 1440.00000000 52453.56276123575823078 1.00000 7 
 fake.rf 1440.00000000 52463.58387007906274846 1.00000 7 
 fake.rf 1440.00000000 52473.52547246273497450 1.00000 7 
 fake.rf 1440.00000000 52483.47466814688199932 1.00000 7 
 fake.rf 1440.00000000 52493.44920106508681101 1.00000 7 
 fake.rf 1440.00000000 52503.42492145170407625 1.00000 7 
 fake.rf 1440.00000000 52513.42182745114073583 1.00000 7 
 fake.rf 1440.00000000 52523.40806425103059141 1.00000 7 
 fake.rf 1440.00000000 52533.34538628504336799 1.00000 7 
 fake.rf 1440.00000000 52543.31657762958072766 1.00000 7 
 fake.rf 1440.00000000 52553.28064234815027689 1.00000 7 
 fake.rf 1440.00000000 52563.28686757695132314 1.00000 7 
 fake.rf 1440.00000000 52573.22522459669087525 1.00000 7 
 fake.rf 1440.00000000 52583.24277237101030025 1.00000 7 
 fake.rf 1440.00000000 52593.15557625833887201 1.00000 7 
 fake.rf 1440.00000000 52603.14795172837980530 1.00000 7 
 fake.rf 1440.00000000 52613.12328294592378697 1.00000 7 
 fake.rf 1440.00000000 52623.12896731113467652 1.00000 7 
 fake.rf 1440.00000000 52633.07873169573461070 1.00000 7 
 fake.rf 1440.00000000 52643.08849381522890098 1.00000 7 
 fake.rf 1440.00000000 52653.04678504970360109 1.00000 7 
 fake.rf 1440.00000000 52662.96807344787244531 1.00000 7 
 fake.rf 1440.00000000 52672.95670737350380008 1.00000 7 
 fake.rf 1440.00000000 52682.97876843730609764 1.00000 7 
 fake.rf 1440.00000000 52692.95000281529169328 1.00000 7 
 fake.rf 1440.00000000 52702.90183805142915219 1.00000 7 
 fake.rf 1440.00000000 52712.85660959436828321 1.00000 7 
 fake.rf 1440.00000000 52722.82792851800179790 1.00000 7 
 fake.rf 1440.00000000 52732.79451206131038887 1.00000 7 
 fake.rf 1440.00000000 52742.79868931697804868 1.00000 7 
 fake.rf 1440.00000000 52752.73080251364341109 1.00000 7 
 fake.rf 1440.00000000 52762.74411384013629345 1.00000 7 
 fake.rf 1440.00000000 52772.71337096164598535 1.00000 7 
 fake.rf 1440.00000000 52782.69772421495438763 1.00000 7 
 fake.rf 1440.00000000 52792.60420220578581052 1.00000 7 
 fake.rf 1440.00000000 52802.65862989803467542 1.00000 7 
 fake.rf 1440.00000000 52812.56267452660318540 1.00000 7 
 fake.rf 1440.00000000 52822.57669621398031978 1.00000 7 
 fake.rf 1440.00000000 52832.56133171141130589 1.00000 7 
 fake.rf 1440.00000000 52842.51333602788701782 1.00000 7 
 fake.rf 1440.00000000 52852.44252002930316081 1.00000 7 
 fake.rf 1440.00000000 52862.41852459957565102 1.00000 7 
 fake.rf 1440.00000000 52872.40405850776060248 1.00000 7 
 fake.rf 1440.00000000 52882.38223719481619867 1.00000 7 
 fake.rf 1440.00000000 52892.40309384224485356 1.00000 7 
 fake.rf 1440.00000000 52902.32873599065166204 1.00000 7 
 fake.rf 1440.00000000 52912.32659447295664989 1.00000 7 
 fake.rf 1440.00000000 52922.26675334336771073 1.00000 7 
 fake.rf 1440.00000000 52932.22538417278465062 1.00000 7 
 fake.rf 1440.00000000 52942.20031138986682606 1.00000 7 
 fake.rf 1440.00000000 52952.17753669146241435 1.00000 7 
 fake.rf 1440.00000000 52962.20509645900690998 1.00000 7 
 fake.rf 1440.00000000 52972.12861638158567246 1.00000 7 
 fake.rf 1440.00000000 52982.12177994752001098 1.00000 7 
 fake.rf 1440.00000000 52992.11537177070911042 1.00000 7 
 fake.rf 1440.00000000 53002.03743042254922102 1.00000 7 
 fake.rf 1440.00000000 53012.00973353693381540 1.00000 7 
 fake.rf 1440.00000000 53021.98540121550464832 1.00000 7 
 fake.rf 1440.00000000 53031.98941646502371228 1.00000 7 
 fake.rf 1440.00000000 53041.95560748593718614 1.00000 7 
 fake.rf 1440.00000000 53051.96275671268675111 1.00000 7 
 fake.rf 1440.00000000 53061.92618951753344803 1.00000 7 
 fake.rf 1440.00000000 53071.84966287307530663 1.00000 7 
 fake.rf 1440.00000000 53081.85337356201047854 1.00000 7 
 fake.rf 1440.00000000 53091.82846392655515899 1.00000 7 
 fake.rf 1440.00000000 53101.76905293751733694 1.00000 7 
 fake.rf 1440.00000000 53111.77116234143903029 1.00000 7 
 fake.rf 1440.00000000 53121.76093501205920688 1.00000 7 
 fake.rf 1440.00000000 53131.74285002467373218 1.00000 7 
 fake.rf 1440.00000000 53141.67356592773884572 1.00000 7 
 fake.rf 1440.00000000 53151.64264728219831824 1.00000 7 
 fake.rf 1440.00000000 53161.66438394287323632 1.00000 7 
 fake.rf 1440.00000000 53171.59840870434939575 1.00000 7 
 fake.rf 1440.00000000 53181.58032833320530841 1.00000 7 
 fake.rf 1440.00000000 53191.52421464366066672 1.00000 7 
 fake.rf 1440.00000000 53201.50640048134803806 1.00000 7 
 fake.rf 1440.00000000 53211.52459983320470727 1.00000 7 
 fake.rf 1440.00000000 53221.49364902008408151 1.00000 7 
 fake.rf 1440.00000000 53231.44329801356005305 1.00000 7 
 fake.rf 1440.00000000 53241.44743255731972198 1.00000 7 
 fake.rf 1440.00000000 53251.41871323770565994 1.00000 7 
 fake.rf 1440.00000000 53261.37289191499892382 1.00000 7 
 fake.rf 1440.00000000 53271.34855719871890400 1.00000 7 
 fake.rf 1440.00000000 53281.27066217636420120 1.00000 7 
 fake.rf 1440.00000000 53291.24530872533057391 1.00000 7 
 fake.rf 1440.00000000 53301.24187018355202383 1.00000 7 
 fake.rf 1440.00000000 53311.19667148043012261 1.00000 7 
 fake.rf 1440.00000000 53321.17092551273215761 1.00000 7 
 fake.rf 1440.00000000 53331.17045894263519301 1.00000 7 
 fake.rf 1440.00000000 53341.15657983920285545 1.00000 7 
 fake.rf 1440.00000000 53351.12432920329007757 1.00000 7 
 fake.rf 1440.00000000 53361.07498286214564587 1.00000 7 
 fake.rf 1440.00000000 53371.05184088174826940 1.00000 7 
 fake.rf 1440.00000000 53381.05370127136584557 1.00000 7 
 fake.rf 1440.00000000 53391.03536997786340024 1.00000 7 
 fake.rf 1440.00000000 53401.01462272463738756 1.00000 7 
 fake.rf 1440.00000000 53410.98437646019859315 1.00000 7 
 fake.rf 1440.00000000 53420.91212552529076518 1.00000 7 
 fake.rf 1440.00000000 53430.90845526437852087 1.00000 7 
 fake.rf 1440.00000000 53440.88742835647719787 1.00000 7 
 fake.rf 1440.00000000 53450.85653096544955076 1.00000 7 
 fake.rf 1440.00000000 53460.84924643607381611 1.00000 7 
 fake.rf 1440.00000000 53470.79392714247702756 1.00000 7 
 fake.rf 1440.00000000 53480.72435889971896472 1.00000 7 
 fake.rf 1440.00000000 53490.72629827771211453 1.00000 7 
 fake.rf 1440.00000000 53500.72550301564621122 1.00000 7 
 fake.rf 1440.00000000 53510.66542492287106114 1.00000 7 
 fake.rf 1440.00000000 53520.62953462875265132 1.00000 7 
 fake.rf 1440.00000000 53530.62509289060331952 1.00000 7 
 fake.rf 1440.00000000 53540.62530147107243295 1.00000 7 
 fake.rf 1440.00000000 53550.53751673438391023 1.00000 7 
 fake.rf 1440.00000000 53560.53166001748251190 1.00000 7 
 fake.rf 1440.00000000 53570.51335156054996745 1.00000 7 
 fake.rf 1440.00000000 53580.51186983073360537 1.00000 7 
 fake.rf 1440.00000000 53590.45542239927207007 1.00000 7 
 fake.rf 1440.00000000 53600.43906483235232230 1.00000 7 
 fake.rf 1440.00000000 53610.37811553907950213 1.00000 7 
 fake.rf 1440.00000000 53620.38710711780839091 1.00000 7 
 fake.rf 1440.00000000 53630.37230790047073015 1.00000 7 
 fake.rf 1440.00000000 53640.33819635951181581 1.00000 7 
 fake.rf 1440.00000000 53650.27727980857583034 1.00000 7 
 fake.rf 1440.00000000 53660.25753430802999944 1.00000 7 
