FORMAT 1
 fake.rf 1440.00000000 50000.26159526811272116 1.00000 7 
 fake.rf 1440.00000000 50010.27144130023393132 1.00000 7 
 fake.rf 1440.00000000 50020.21174397452190874 1.00000 7 
 fake.rf 1440.00000000 50030.18316123489599789 1.00000 7 
 fake.rf 1440.00000000 50040.14642295042533959 1.00000 7 
 fake.rf 1440.00000000 50050.17862660621167947 1.00000 7 
 fake.rf 1440.00000000 50060.13984965092958390 1.00000 7 
 fake.rf 1440.00000000 50070.07646145876126198 1.00000 7 
 fake.rf 1440.00000000 50080.09002837536790054 1.00000 7 
 fake.rf 1440.00000000 50090.03970780048667066 1.00000 7 
 fake.rf 1440.00000000 50100.01878442850223294 1.00000 7 
 fake.rf 1440.00000000 50109.97885736149636315 1.00000 7 
 fake.rf 1440.00000000 50119.97356015445069488 1.00000 7 
 fake.rf 1440.00000000 50129.93387118041673034 1.00000 7 
 fake.rf 1440.00000000 50139.86999780332624965 1.00000 7 
 fake.rf 1440.00000000 50149.84569634507453628 1.00000 7 
 fake.rf 1440.00000000 50159.84176558922452926 1.00000 7 
 fake.rf 1440.00000000 50169.80766252645727832 1.00000 7 
 fake.rf 1440.00000000 50179.82833273314756894 1.00000 7 
 fake.rf 1440.00000000 50189.76224779893161454 1.00000 7 
 fake.rf 1440.00000000 50199.78416591356312182 1.00000 7 
 fake.rf 1440.00000000 50209.73797929064828693 1.00000 7 
 fake.rf 1440.00000000 50219.71947957322609213 1.00000 7 
 fake.rf 1440.00000000 50229.63659656090377226 1.00000 7 
 fake.rf 1440.00000000 50239.66325027471263098 1.00000 7 
 fake.rf 1440.00000000 50249.61559059640411107 1.00000 7 
 fake.rf 1440.00000000 50259.61088244620248844 1.00000 7 
 fake.rf 1440.00000000 50269.58532644547609891 1.00000 7 
 fake.rf 1440.00000000 50279.48384588764361069 1.00000 7 
 fake.rf 1440.00000000 50289.52159713023574739 1.00000 7 
 fake.rf 1440.00000000 50299.46973661735052730 1.00000 7 
 fake.rf 1440.00000000 50309.41525049719037455 1.00000 7 
 fake.rf 1440.00000000 50319.40681885625679470 1.00000 7 
 fake.rf 1440.00000000 50329.40589865107928347 1.00000 7 
 fake.rf 1440.00000000 50339.35013421706984715 1.00000 7 
 fake.rf 1440.00000000 50349.33226863685021257 1.00000 7 
 fake.rf 1440.00000000 50359.30752303681314785 1.00000 7 
 fake.rf 1440.00000000 50369.24028603571337470 1.00000 7 
 fake.rf 1440.00000000 50379.26966991908904703 1.00000 7 
 fake.rf 1440.00000000 50389.20246215804086276 1.00000 7 
 fake.rf 1440.00000000 50399.19554215503644201 1.00000 7 
 fake.rf 1440.00000000 50409.14797376753888614 1.00000 7 
 fake.rf 1440.00000000 50419.15147658267682829 1.00000 7 
 fake.rf 1440.00000000 50429.08323050378584895 1.00000 7 
 fake.rf 1440.00000000 50439.10661063003594862 1.00000 7 
 fake.rf 1440.00000000 50449.07354436941406206 1.00000 7 
 fake.rf 1440.00000000 50459.00830120880835850 1.00000 7 
 fake.rf 1440.00000000 50468.97172173325077438 1.00000 7 
 fake.rf 1440.00000000 50479.01518998118282511 1.00000 7 
 fake.rf 1440.00000000 50488.91458802761350100 1.00000 7 
 fake.rf 1440.00000000 50498.92256129241225082 1.00000 7 
 fake.rf 1440.00000000 50508.93191859900602836 1.00000 7 
 fake.rf 1440.00000000 50518.89576772428017293 1.00000 7 
 fake.rf 1440.00000000 50528.82921236809687926 1.00000 7 
 fake.rf 1440.00000000 50538.78299082556664601 1.00000 7 
 fake.rf 1440.00000000 50548.80079813706111835 1.00000 7 
 fake.rf 1440.00000000 50558.79722067457917234 1.00000 7 
 fake.rf 1440.00000000 50568.77359531988479446 1.00000 7 
 fake.rf 1440.00000000 50578.70981784274840010 1.00000 7 
 fake.rf 1440.00000000 50588.71539730203076601 1.00000 7 
 fake.rf 1440.00000000 50598.67349418293670382 1.00000 7 
 fake.rf 1440.00000000 50608.58516037498331031 1.00000 7 
 fake.rf 1440.00000000 50618.56355820078007568 1.00000 7 
 fake.rf 1440.00000000 50628.54052791029272029 1.00000 7 
 fake.rf 1440.00000000 50638.56191142534583705 1.00000 7 
 fake.rf 1440.00000000 50648.51184925310385054 1.00000 7 
 fake.rf 1440.00000000 50658.49825773308926458 1.00000 7 
 fake.rf 1440.00000000 50668.43886648391126570 1.00000 7 
 fake.rf 1440.00000000 50678.43220496743553483 1.00000 7 
 fake.rf 1440.00000000 50688.39196828542918638 1.00000 7 
 fake.rf 1440.00000000 50698.37600709780981845 1.00000 7 
 fake.rf 1440.00000000 50708.38972995431400648 1.00000 7 
 fake.rf 1440.00000000 50718.32922912553274841 1.00000 7 
 fake.rf 1440.00000000 50728.26074171995567141 1.00000 7 
 fake.rf 1440.00000000 50738.23352274543374918 1.00000 7 
 fake.rf 1440.00000000 50748.22370650408678117 1.00000 7 
 fake.rf 1440.00000000 50758.23279051882029123 1.00000 7 
 fake.rf 1440.00000000 50768.16763275957822543 1.00000 7 
 fake.rf 1440.00000000 50778.14854141762283035 1.00000 7 
 fake.rf 1440.00000000 50788.14506457796749217 1.00000 7 
 fake.rf 1440.00000000 50798.08994242675638020 1.00000 7 
 fake.rf 1440.00000000 50808.10612872640141546 1.00000 7 
 fake.rf 1440.00000000 50818.05598016720225374 1.00000 7 
 fake.rf 1440.00000000 50827.99201168945592855 1.00000 7 
 fake.rf 1440.00000000 50837.96894676014064629 1.00000 7 
 fake.rf 1440.00000000 50847.98321452469450321 1.00000 7 
 fake.rf 1440.00000000 50857.96435750153663236 1.00000 7 
 fake.rf 1440.00000000 50867.88168618948801125 1.00000 7 
 fake.rf 1440.00000000 50877.89963290934943174 1.00000 7 
 fake.rf 1440.00000000 50887.84430278929324487 1.00000 7 
 fake.rf 1440.00000000 50897.79451519253999336 1.00000 7 
 fake.rf 1440.00000000 50907.79786321653407555 1.00000 7 
 fake.rf 1440.00000000 50917.76483687086946617 1.00000 7 
 fake.rf 1440.00000000 50927.72075154759059146 1.00000 7 
 fake.rf 1440.00000000 50937.72837365329811377 1.00000 7 
 fake.rf 1440.00000000 50947.66070180089394270 1.00000 7 
 fake.rf 1440.00000000 50957.67719189865633211 1.00000 7 
 fake.rf 1440.00000000 50967.61519334599619313 1.00000 7 
 fake.rf 1440.00000000 50977.59876809307423073 1.00000 7 
 fake.rf 1440.00000000 50987.55256752356891070 1.00000 7 
 fake.rf 1440.00000000 50997.56097001243085742 1.00000 7 
 fake.rf 1440.00000000 51007.55588788737285810 1.00000 7 
 fake.rf 1440.00000000 51017.46738128559944769 1.00000 7 
 fake.rf 1440.00000000 51027.44258725072812766 1.00000 7 
 fake.rf 1440.00000000 51037.47965528582434658 1.00000 7 
 fake.rf 1440.00000000 51047.39123406533130733 1.00000 7 
 fake.rf 1440.00000000 51057.38392825895647675 1.00000 7 
 fake.rf 1440.00000000 51067.37405120945491888 1.00000 7 
 fake.rf 1440.00000000 51077.33110981594760247 1.00000 7 
 fake.rf 1440.00000000 51087.33201698843837235 1.00000 7 
 fake.rf 1440.00000000 51097.26263404522115508 1.00000 7 
 fake.rf 1440.00000000 51107.27520844069374206 1.00000 7 
 fake.rf 1440.00000000 51117.23627278052765988 1.00000 7 
 fake.rf 1440.00000000 51127.22737907267700663 1.00000 7 
 fake.rf 1440.00000000 51137.20328912640390939 1.00000 7 
 fake.rf 1440.00000000 51147.16859308359325809 1.00000 7 
 fake.rf 1440.00000000 51157.11793789287290934 1.00000 7 
 fake.rf 1440.00000000 51167.10229550270828369 1.00000 7 
 fake.rf 1440.00000000 51177.09556570839606948 1.00000 7 
 fake.rf 1440.00000000 51187.00682829548483710 1.00000 7 
 fake.rf 1440.00000000 51197.04649333158679880 1.00000 7 
 fake.rf 1440.00000000 51207.01728024088717106 1.00000 7 
 fake.rf 1440.00000000 51216.95919520754250343 1.00000 7 
 fake.rf 1440.00000000 51226.90980504738683976 1.00000 7 
 fake.rf 1440.00000000 51236.86381090232111291 1.00000 7 
 fake.rf 1440.00000000 51246.84065222227330594 1.00000 7 
 fake.rf 1440.00000000 51256.83422786748088740 1.00000 7 
 fake.rf 1440.00000000 51266.83202825412077530 1.00000 7 
 fake.rf 1440.00000000 51276.77417531197475853 1.00000 7 
 fake.rf 1440.00000000 51286.77863000046854580 1.00000 7 
 fake.rf 1440.00000000 51296.75753416077808211 1.00000 7 
 fake.rf 1440.00000000 51306.73538819460016214 1.00000 7 
 fake.rf 1440.00000000 51316.67873161025946871 1.00000 7 
 fake.rf 1440.00000000 51326.67976690906286663 1.00000 7 
 fake.rf 1440.00000000 51336.66013109664861247 1.00000 7 
 fake.rf 1440.00000000 51346.58451357610400834 1.00000 7 
 fake.rf 1440.00000000 51356.60776535922748209 1.00000 7 
 fake.rf 1440.00000000 51366.52479469500420350 1.00000 7 
 fake.rf 1440.00000000 51376.54993780044398832 1.00000 7 
 fake.rf 1440.00000000 51386.47421932320545324 1.00000 7 
 fake.rf 1440.00000000 51396.50279338296969556 1.00000 7 
 fake.rf 1440.00000000 51406.40252463558915252 1.00000 7 
 fake.rf 1440.00000000 51416.45001813882529973 1.00000 7 
 fake.rf 1440.00000000 51426.38362764951564543 1.00000 7 
 fake.rf 1440.00000000 51436.38510269833795974 1.00000 7 
 fake.rf 1440.00000000 51446.35247744084040633 1.00000 7 
 fake.rf 1440.00000000 51456.27869515254454313 1.00000 7 
 fake.rf 1440.00000000 51466.25681942196687757 1.00000 7 
 fake.rf 1440.00000000 51476.23585597927762691 1.00000 7 
 fake.rf 1440.00000000 51486.18264813451378359 1.00000 7 
 fake.rf 1440.00000000 51496.18267269986990087 1.00000 7 
 fake.rf 1440.00000000 51506.14534532941466338 1.00000 7 
 fake.rf 1440.00000000 51516.17356219751253121 1.00000 7 
 fake.rf 1440.00000000 51526.14280600023895573 1.00000 7 
 fake.rf 1440.00000000 51536.08339275969281346 1.00000 7 
 fake.rf 1440.00000000 51546.09291992295561258 1.00000 7 
 fake.rf 1440.00000000 51556.06630932518069343 1.00000 7 
 fake.rf 1440.00000000 51566.02777593723674343 1.00000 7 
 fake.rf 1440.00000000 51575.97907455325570680 1.00000 7 
 fake.rf 1440.00000000 51585.92191555863073305 1.00000 7 
 fake.rf 1440.00000000 51595.91514106978008414 1.00000 7 
 fake.rf 1440.00000000 51605.87264820988772485 1.00000 7 
 fake.rf 1440.00000000 51615.90398069734401787 1.00000 7 
 fake.rf 1440.00000000 51625.86785404126000643 1.00000 7 
 fake.rf 1440.00000000 51635.77036748913916142 1.00000 7 
 fake.rf 1440.00000000 51645.80936861202343735 1.00000 7 
 fake.rf 1440.00000000 51655.72492863913357652 1.00000 7 
 fake.rf 1440.00000000 51665.76133159713149112 1.00000 7 
 fake.rf 1440.00000000 51675.66133301491765195 1.00000 7 
 fake.rf 1440.00000000 51685.71267386506364971 1.00000 7 
 fake.rf 1440.00000000 51695.61732920252210022 1.00000 7 
 fake.rf 1440.00000000 51705.65654247577877456 1.00000 7 
 fake.rf 1440.00000000 51715.63491883035631957 1.00000 7 
 fake.rf 1440.00000000 51725.53103890985228475 1.00000 7 
 fake.rf 1440.00000000 51735.53116589356589117 1.00000 7 
 fake.rf 1440.00000000 51745.53832163786302800 1.00000 7 
 fake.rf 1440.00000000 51755.51245399753423015 1.00000 7 
 fake.rf 1440.00000000 51765.46610313532246295 1.00000 7 
 fake.rf 1440.00000000 51775.39535399232086732 1.00000 7 
 fake.rf 1440.00000000 51785.37582739918570951 1.00000 7 
 fake.rf 1440.00000000 51795.38690625853455884 1.00000 7 
 fake.rf 1440.00000000 51805.34348614643475628 1.00000 7 
 fake.rf 1440.00000000 51815.31393643556129547 1.00000 7 
 fake.rf 1440.00000000 51825.29720323481217648 1.00000 7 
 fake.rf 1440.00000000 51835.25033131560556399 1.00000 7 
 fake.rf 1440.00000000 51845.27200585919156239 1.00000 7 
 fake.rf 1440.00000000 51855.20877098174115716 1.00000 7 
 fake.rf 1440.00000000 51865.16259282295632005 1.00000 7 
 fake.rf 1440.00000000 51875.17303835972570170 1.00000 7 
 fake.rf 1440.00000000 51885.08840627174137339 1.00000 7 
 fake.rf 1440.00000000 51895.09570668290233897 1.00000 7 
 fake.rf 1440.00000000 51905.04334881266058943 1.00000 7 
 fake.rf 1440.00000000 51915.02686152098589289 1.00000 7 
 fake.rf 1440.00000000 51925.00946547149674615 1.00000 7 
 fake.rf 1440.00000000 51935.03161851864901521 1.00000 7 
 fake.rf 1440.00000000 51944.94494907376773796 1.00000 7 
 fake.rf 1440.00000000 51954.91052501627484261 1.00000 7 
 fake.rf 1440.00000000 51964.87554255286237748 1.00000 7 
 fake.rf 1440.00000000 51974.85258034671559457 1.00000 7 
 fake.rf 1440.00000000 51984.82879543677562495 1.00000 7 
 fake.rf 1440.00000000 51994.78912477529466685 1.00000 7 
 fake.rf 1440.00000000 52004.78145559520019248 1.00000 7 
 fake.rf 1440.00000000 52014.74085506345270602 1.00000 7 
 fake.rf 1440.00000000 52024.70686496508360008 1.00000 7 
 fake.rf 1440.00000000 52034.70595354627890927 1.00000 7 
 fake.rf 1440.00000000 52044.69278438213420657 1.00000 7 
 fake.rf 1440.00000000 52054.69325422700432071 1.00000 7 
 fake.rf 1440.00000000 52064.61044626180364503 1.00000 7 
 fake.rf 1440.00000000 52074.57823060763112721 1.00000 7 
 fake.rf 1440.00000000 52084.61858911761056845 1.00000 7 
 fake.rf 1440.00000000 52094.54355873584195180 1.00000 7 
 fake.rf 1440.00000000 52104.54972626747904840 1.00000 7 
 fake.rf 1440.00000000 52114.49063564658053238 1.00000 7 
 fake.rf 1440.00000000 52124.49669317789735601 1.00000 7 
 fake.rf 1440.00000000 52134.43009859194780020 1.00000 7 
 fake.rf 1440.00000000 52144.43477370060779919 1.00000 7 
 fake.rf 1440.00000000 52154.40647677824723516 1.00000 7 
 fake.rf 1440.00000000 52164.38728488713461573 1.00000 7 
 fake.rf 1440.00000000 52174.37308622028502825 1.00000 7 
 fake.rf 1440.00000000 52184.29920595877290168 1.00000 7 
 fake.rf 1440.00000000 52194.30601957409459857 1.00000 7 
 fake.rf 1440.00000000 52204.24309225454694072 1.00000 7 
 fake.rf 1440.00000000 52214.22749176184862918 1.00000 7 
 fake.rf 1440.00000000 52224.16178918376277451 1.00000 7 
 fake.rf 1440.00000000 52234.19210347873504574 1.00000 7 
 fake.rf 1440.00000000 52244.14262706197263242 1.00000 7 
 fake.rf 1440.00000000 52254.10089254834140604 1.00000 7 
 fake.rf 1440.00000000 52264.12408722522028270 1.00000 7 
 fake.rf 1440.00000000 52274.06693267691625593 1.00000 7 
 fake.rf 1440.00000000 52284.02954024106496078 1.00000 7 
 fake.rf 1440.00000000 52293.97292104728139606 1.00000 7 
 fake.rf 1440.00000000 52303.98673346322274824 1.00000 7 
 fake.rf 1440.00000000 52313.96897640786128747 1.00000 7 
 fake.rf 1440.00000000 52323.89906085312071227 1.00000 7 
 fake.rf 1440.00000000 52333.90618746596722488 1.00000 7 
 fake.rf 1440.00000000 52343.91482337976782802 1.00000 7 
 fake.rf 1440.00000000 52353.85904302033403113 1.00000 7 
 fake.rf 1440.00000000 52363.81061056609072679 1.00000 7 
 fake.rf 1440.00000000 52373.76374272552478573 1.00000 7 
 fake.rf 1440.00000000 52383.78638425515672594 1.00000 7 
 fake.rf 1440.00000000 52393.72228130393255086 1.00000 7 
 fake.rf 1440.00000000 52403.71102080901360054 1.00000 7 
 fake.rf 1440.00000000 52413.68380090013053874 1.00000 7 
 fake.rf 1440.00000000 52423.67124499348938116 1.00000 7 
 fake.rf 1440.00000000 52433.61001293859952810 1.00000 7 
 fake.rf 1440.00000000 52443.62683630053625095 1.00000 7 
 fake.rf 1440.00000000 52453.56292635605068853 1.00000 7 
 fake.rf 1440.00000000 52463.58403527542744271 1.00000 7 
 fake.rf 1440.00000000 52473.52563755520112565 1.00000 7 
 fake.rf 1440.00000000 52483.47483329735221602 1.00000 7 
 fake.rf 1440.00000000 52493.44936628811040435 1.00000 7 
 fake.rf 1440.00000000 52503.42508658084064876 1.00000 7 
 fake.rf 1440.00000000 52513.42199264703491224 1.00000 7 
 fake.rf 1440.00000000 52523.40822943339033912 1.00000 7 
 fake.rf 1440.00000000 52533.34555139795220668 1.00000 7 
 fake.rf 1440.00000000 52543.31674271931507647 1.00000 7 
 fake.rf 1440.00000000 52553.28080750471579563 1.00000 7 
 fake.rf 1440.00000000 52563.28703274822014890 1.00000 7 
 fake.rf 1440.00000000 52573.22538973695688824 1.00000 7 
 fake.rf 1440.00000000 52583.24293755747092760 1.00000 7 
 fake.rf 1440.00000000 52593.15574144172960303 1.00000 7 
 fake.rf 1440.00000000 52603.14811696169030242 1.00000 7 
 fake.rf 1440.00000000 52613.12344805811563830 1.00000 7 
 fake.rf 1440.00000000 52623.12913243301019861 1.00000 7 
 fake.rf 1440.00000000 52633.07889679186719079 1.00000 7 
 fake.rf 1440.00000000 52643.08865901117957620 1.00000 7 
 fake.rf 1440.00000000 52653.04695018259493722 1.00000 7 
 fake.rf 1440.00000000 52662.96823859067770357 1.00000 7 
 fake.rf 1440.00000000 52672.95687251840843501 1.00000 7 
 fake.rf 1440.00000000 52682.97893354682134515 1.00000 7 
 fake.rf 1440.00000000 52692.95016790896454495 1.00000 7 
 fake.rf 1440.00000000 52702.90200316624475008 1.00000 7 
 fake.rf 1440.00000000 52712.85677468425793890 1.00000 7 
 fake.rf 1440.00000000 52722.82809362208314141 1.00000 7 
 fake.rf 1440.00000000 52732.79467722814222341 1.00000 7 
 fake.rf 1440.00000000 52742.79885444535697303 1.00000 7 
 fake.rf 1440.00000000 52752.73096764406041714 1.00000 7 
 fake.rf 1440.00000000 52762.74427903709443299 1.00000 7 
 fake.rf 1440.00000000 52772.71353613854419251 1.00000 7 
 fake.rf 1440.00000000 52782.69788935121456674 1.00000 7 
 fake.rf 1440.00000000 52792.60436740942733991 1.00000 7 
 fake.rf 1440.00000000 52802.65879510500907301 1.00000 7 
 fake.rf 1440.00000000 52812.56283969402290523 1.00000 7 
 fake.rf 1440.00000000 52822.57686128924384406 1.00000 7 
 fake.rf 1440.00000000 52832.56149686548052813 1.00000 7 
 fake.rf 1440.00000000 52842.51350124939431652 1.00000 7 
 fake.rf 1440.00000000 52852.44268525265251313 1.00000 7 
 fake.rf 1440.00000000 52862.41868968499018067 1.00000 7 
 fake.rf 1440.00000000 52872.40422371130596702 1.00000 7 
 fake.rf 1440.00000000 52882.38240239244863616 1.00000 7 
 fake.rf 1440.00000000 52892.40325907780374237 1.00000 7 
 fake.rf 1440.00000000 52902.32890117014999376 1.00000 7 
 fake.rf 1440.00000000 52912.32675955877275698 1.00000 7 
 fake.rf 1440.00000000 52922.26691846048011669 1.00000 7 
 fake.rf 1440.00000000 52932.22554935792966191 1.00000 7 
 fake.rf 1440.00000000 52942.20047656620370446 1.00000 7 
 fake.rf 1440.00000000 52952.17770185999187049 1.00000 7 
 fake.rf 1440.00000000 52962.20526154225635196 1.00000 7 
 fake.rf 1440.00000000 52972.12878154199670533 1.00000 7 
 fake.rf 1440.00000000 52982.12194505731010352 1.00000 7 
 fake.rf 1440.00000000 52992.11553695567446454 1.00000 7 
 fake.rf 1440.00000000 53002.03759562349864964 1.00000 7 
 fake.rf 1440.00000000 53012.00989862881683834 1.00000 7 
 fake.rf 1440.00000000 53021.98556631139587836 1.00000 7 
 fake.rf 1440.00000000 53031.98958158398146878 1.00000 7 
 fake.rf 1440.00000000 53041.95577267543280797 1.00000 7 
 fake.rf 1440.00000000 53051.96292195319411178 1.00000 7 
 fake.rf 1440.00000000 53061.92635461341210856 1.00000 7 
 fake.rf 1440.00000000 53071.84982804243292875 1.00000 7 
 fake.rf 1440.00000000 53081.85353872701731248 1.00000 7 
 fake.rf 1440.00000000 53091.82862903646147856 1.00000 7 
 fake.rf 1440.00000000 53101.76921805895193529 1.00000 7 
 fake.rf 1440.00000000 53111.77132748224265413 1.00000 7 
 fake.rf 1440.00000000 53121.76110024371888230 1.00000 7 
 fake.rf 1440.00000000 53131.74301524199265856 1.00000 7 
 fake.rf 1440.00000000 53141.67373113316806510 1.00000 7 
 fake.rf 1440.00000000 53151.64281247349590487 1.00000 7 
 fake.rf 1440.00000000 53161.66454905867057334 1.00000 7 
 fake.rf 1440.00000000 53171.59857380963940798 1.00000 7 
 fake.rf 1440.00000000 53181.58049343421525990 1.00000 7 
 fake.rf 1440.00000000 53191.52437983966636281 1.00000 7 
 fake.rf 1440.00000000 53201.50656568118517598 1.00000 7 
 fake.rf 1440.00000000 53211.52476493044705919 1.00000 7 
 fake.rf 1440.00000000 53221.49381409715997293 1.00000 7 
 fake.rf 1440.00000000 53231.44346318328368639 1.00000 7 
 fake.rf 1440.00000000 53241.44759764760585341 1.00000 7 
 fake.rf 1440.00000000 53251.41887834273155278 1.00000 7 
 fake.rf 1440.00000000 53261.37305705856681826 1.00000 7 
 fake.rf 1440.00000000 53271.34872239627616608 1.00000 7 
 fake.rf 1440.00000000 53281.27082738601228940 1.00000 7 
 fake.rf 1440.00000000 53291.24547392309896665 1.00000 7 
 fake.rf 1440.00000000 53301.24203539392167173 1.00000 7 
 fake.rf 1440.00000000 53311.19683662228669974 1.00000 7 
 fake.rf 1440.00000000 53321.17109060433069345 1.00000 7 
 fake.rf 1440.00000000 53331.17062412240336755 1.00000 7 
 fake.rf 1440.00000000 53341.15674492014072783 1.00000 7 
 fake.rf 1440.00000000 53351.12449440624198971 1.00000 7 
 fake.rf 1440.00000000 53361.07514798863989114 1.00000 7 
 fake.rf 1440.00000000 53371.05200605481545395 1.00000 7 
 fake.rf 1440.00000000 53381.05386645926889599 1.00000 7 
 fake.rf 1440.00000000 53391.03553511608947346 1.00000 7 
 fake.rf 1440.00000000 53401.01478779910842576 1.00000 7 
 fake.rf 1440.00000000 53410.98454161157705045 1.00000 7 
 fake.rf 1440.00000000 53420.91229060473796864 1.00000 7 
 fake.rf 1440.00000000 53430.90862046009198139 1.00000 7 
 fake.rf 1440.00000000 53440.88759356273855872 1.00000 7 
 fake.rf 1440.00000000 53450.85669612124572581 1.00000 7 
 fake.rf 1440.00000000 53460.84941163203236769 1.00000 7 
 fake.rf 1440.00000000 53470.79409226357458351 1.00000 7 
 fake.rf 1440.00000000 53480.72452413200922550 1.00000 7 
 fake.rf 1440.00000000 53490.72646340836832834 1.00000 7 
 fake.rf 1440.00000000 53500.72566821477886023 1.00000 7 
 fake.rf 1440.00000000 53510.66559000680109648 1.00000 7 
 fake.rf 1440.00000000 53520.62969985885245450 1.00000 7 
 fake.rf 1440.00000000 53530.62525809961416812 1.00000 7 
 fake.rf 1440.00000000 53540.62546667522754973 1.00000 7 
 fake.rf 1440.00000000 53550.53768193429083411 1.00000 7 
 fake.rf 1440.00000000 53560.53182511101483954 1.00000 7 
 fake.rf 1440.00000000 53570.51351677218127278 1.00000 7 
 fake.rf 1440.00000000 53580.51203501178684974 1.00000 7 
 fake.rf 1440.00000000 53590.45558755185133037 1.00000 7 
 fake.rf 1440.00000000 53600.43923003715454456 1.00000 7 
 fake.rf 1440.00000000 53610.37828069262220154 1.00000 7 
 fake.rf 1440.00000000 53620.38727227605805581 1.00000 7 
 fake.rf 1440.00000000 53630.37247304120272773 1.00000 7 
 fake.rf 1440.00000000 53640.33836156028480247 1.00000 7 
 fake.rf 1440.00000000 53650.27744493363059775 1.00000 7 
 fake.rf 1440.00000000 53660.25769941648742289 1.00000 7 
