FORMAT 1
 fake.rf 1440.00000000 50000.27815337297547060 1.00000 7 
 fake.rf 1440.00000000 50010.28799944534721789 1.00000 7 
 fake.rf 1440.00000000 50020.22830209522273037 1.00000 7 
 fake.rf 1440.00000000 50030.19971936163706161 1.00000 7 
 fake.rf 1440.00000000 50040.16298105269044427 1.00000 7 
 fake.rf 1440.00000000 50050.19518475272296598 1.00000 7 
 fake.rf 1440.00000000 50060.15640777950281048 1.00000 7 
 fake.rf 1440.00000000 50070.09301953018023212 1.00000 7 
 fake.rf 1440.00000000 50080.10658647740259042 1.00000 7 
 fake.rf 1440.00000000 50090.05626583131696350 1.00000 7 
 fake.rf 1440.00000000 50100.03534261324626797 1.00000 7 
 fake.rf 1440.00000000 50109.99541544991358322 1.00000 7 
 fake.rf 1440.00000000 50119.99011831467521816 1.00000 7 
 fake.rf 1440.00000000 50129.95042928477558064 1.00000 7 
 fake.rf 1440.00000000 50139.88655588950183883 1.00000 7 
 fake.rf 1440.00000000 50149.86225440980302892 1.00000 7 
 fake.rf 1440.00000000 50159.85832369199885861 1.00000 7 
 fake.rf 1440.00000000 50169.82422059450715679 1.00000 7 
 fake.rf 1440.00000000 50179.84489081752186834 1.00000 7 
 fake.rf 1440.00000000 50189.77880595610082182 1.00000 7 
 fake.rf 1440.00000000 50199.80072396459999950 1.00000 7 
 fake.rf 1440.00000000 50209.75453745342963074 1.00000 7 
 fake.rf 1440.00000000 50219.73603770007076719 1.00000 7 
 fake.rf 1440.00000000 50229.65315461692033239 1.00000 7 
 fake.rf 1440.00000000 50239.67980842497119554 1.00000 7 
 fake.rf 1440.00000000 50249.63214863193345039 1.00000 7 
 fake.rf 1440.00000000 50259.62744049829076332 1.00000 7 
 fake.rf 1440.00000000 50269.60188461592967357 1.00000 7 
 fake.rf 1440.00000000 50279.50040398910954664 1.00000 7 
 fake.rf 1440.00000000 50289.53815525291994959 1.00000 7 
 fake.rf 1440.00000000 50299.48629464822125001 1.00000 7 
 fake.rf 1440.00000000 50309.43180867218078944 1.00000 7 
 fake.rf 1440.00000000 50319.42337702923257226 1.00000 7 
 fake.rf 1440.00000000 50329.42245673108925885 1.00000 7 
 fake.rf 1440.00000000 50339.36669233399362966 1.00000 7 
 fake.rf 1440.00000000 50349.34882677360150183 1.00000 7 
 fake.rf 1440.00000000 50359.32408111762020653 1.00000 7 
 fake.rf 1440.00000000 50369.25684412564950421 1.00000 7 
 fake.rf 1440.00000000 50379.28622794744592994 1.00000 7 
 fake.rf 1440.00000000 50389.21902021622775436 1.00000 7 
 fake.rf 1440.00000000 50399.21210026306584240 1.00000 7 
 fake.rf 1440.00000000 50409.16453185123797098 1.00000 7 
 fake.rf 1440.00000000 50419.16803461799730712 1.00000 7 
 fake.rf 1440.00000000 50429.09978857276942676 1.00000 7 
 fake.rf 1440.00000000 50439.12316881525941170 1.00000 7 
 fake.rf 1440.00000000 50449.09010248394257303 1.00000 7 
 fake.rf 1440.00000000 50459.02485928888827260 1.00000 7 
 fake.rf 1440.00000000 50468.98827983007493359 1.00000 7 
 fake.rf 1440.00000000 50479.03174809549056334 1.00000 7 
 fake.rf 1440.00000000 50488.93114610103610573 1.00000 7 
 fake.rf 1440.00000000 50498.93911940406855976 1.00000 7 
 fake.rf 1440.00000000 50508.94847668262479701 1.00000 7 
 fake.rf 1440.00000000 50518.91232587593301062 1.00000 7 
 fake.rf 1440.00000000 50528.84577044519691924 1.00000 7 
 fake.rf 1440.00000000 50538.79954898504274752 1.00000 7 
 fake.rf 1440.00000000 50548.81735627620745177 1.00000 7 
 fake.rf 1440.00000000 50558.81377875447230608 1.00000 7 
 fake.rf 1440.00000000 50568.79015342590697557 1.00000 7 
 fake.rf 1440.00000000 50578.72637585150772921 1.00000 7 
 fake.rf 1440.00000000 50588.73195539395504028 1.00000 7 
 fake.rf 1440.00000000 50598.69005236176481333 1.00000 7 
 fake.rf 1440.00000000 50608.60171853410895437 1.00000 7 
 fake.rf 1440.00000000 50618.58011633834228249 1.00000 7 
 fake.rf 1440.00000000 50628.55708606409067940 1.00000 7 
 fake.rf 1440.00000000 50638.57846952151583153 1.00000 7 
 fake.rf 1440.00000000 50648.52840730455250551 1.00000 7 
 fake.rf 1440.00000000 50658.51481579882674922 1.00000 7 
 fake.rf 1440.00000000 50668.45542461409099388 1.00000 7 
 fake.rf 1440.00000000 50678.44876309035634776 1.00000 7 
 fake.rf 1440.00000000 50688.40852635970918172 1.00000 7 
 fake.rf 1440.00000000 50698.39256516883544990 1.00000 7 
 fake.rf 1440.00000000 50708.40628797980058806 1.00000 7 
 fake.rf 1440.00000000 50718.34578723220300489 1.00000 7 
 fake.rf 1440.00000000 50728.27729976163793069 1.00000 7 
 fake.rf 1440.00000000 50738.25008088546444185 1.00000 7 
 fake.rf 1440.00000000 50748.24026465590129220 1.00000 7 
 fake.rf 1440.00000000 50758.24934858783200653 1.00000 7 
 fake.rf 1440.00000000 50768.18419084463534929 1.00000 7 
 fake.rf 1440.00000000 50778.16509943374478553 1.00000 7 
 fake.rf 1440.00000000 50788.16162265350880034 1.00000 7 
 fake.rf 1440.00000000 50798.10650056731188329 1.00000 7 
 fake.rf 1440.00000000 50808.12268681916475188 1.00000 7 
 fake.rf 1440.00000000 50818.07253830912726755 1.00000 7 
 fake.rf 1440.00000000 50828.00856974482393369 1.00000 7 
 fake.rf 1440.00000000 50837.98550492189934857 1.00000 7 
 fake.rf 1440.00000000 50847.99977261194183242 1.00000 7 
 fake.rf 1440.00000000 50857.98091568372647586 1.00000 7 
 fake.rf 1440.00000000 50867.89824432528745746 1.00000 7 
 fake.rf 1440.00000000 50877.91619101503193079 1.00000 7 
 fake.rf 1440.00000000 50887.86086088089211543 1.00000 7 
 fake.rf 1440.00000000 50897.81107331546675709 1.00000 7 
 fake.rf 1440.00000000 50907.81442135404994787 1.00000 7 
 fake.rf 1440.00000000 50917.78139504708875762 1.00000 7 
 fake.rf 1440.00000000 50927.73730969160212112 1.00000 7 
 fake.rf 1440.00000000 50937.74493170456752722 1.00000 7 
 fake.rf 1440.00000000 50947.67725986142577810 1.00000 7 
 fake.rf 1440.00000000 50957.69374997165352426 1.00000 7 
 fake.rf 1440.00000000 50967.63175147233016204 1.00000 7 
 fake.rf 1440.00000000 50977.61532614804565355 1.00000 7 
 fake.rf 1440.00000000 50987.56912569899318655 1.00000 7 
 fake.rf 1440.00000000 50997.57752813027956407 1.00000 7 
 fake.rf 1440.00000000 51007.57244596277591953 1.00000 7 
 fake.rf 1440.00000000 51017.48393934440831998 1.00000 7 
 fake.rf 1440.00000000 51027.45914534555474873 1.00000 7 
 fake.rf 1440.00000000 51037.49621333395288758 1.00000 7 
 fake.rf 1440.00000000 51047.40779216392704498 1.00000 7 
 fake.rf 1440.00000000 51057.40048633332811434 1.00000 7 
 fake.rf 1440.00000000 51067.39060926286559905 1.00000 7 
 fake.rf 1440.00000000 51077.34766800969915224 1.00000 7 
 fake.rf 1440.00000000 51087.34857510318640195 1.00000 7 
 fake.rf 1440.00000000 51097.27919220937606326 1.00000 7 
 fake.rf 1440.00000000 51107.29176656458453820 1.00000 7 
 fake.rf 1440.00000000 51117.25283088079078198 1.00000 7 
 fake.rf 1440.00000000 51127.24393715963647367 1.00000 7 
 fake.rf 1440.00000000 51137.21984729022461735 1.00000 7 
 fake.rf 1440.00000000 51147.18515115906541979 1.00000 7 
 fake.rf 1440.00000000 51157.13449606401655601 1.00000 7 
 fake.rf 1440.00000000 51167.11885358243029387 1.00000 7 
 fake.rf 1440.00000000 51177.11212377021141862 1.00000 7 
 fake.rf 1440.00000000 51187.02338637602539251 1.00000 7 
 fake.rf 1440.00000000 51197.06305145432990145 1.00000 7 
 fake.rf 1440.00000000 51207.03383841155561740 1.00000 7 
 fake.rf 1440.00000000 51216.97575336205756713 1.00000 7 
 fake.rf 1440.00000000 51226.92636309393088823 1.00000 7 
 fake.rf 1440.00000000 51236.88036903504589503 1.00000 7 
 fake.rf 1440.00000000 51246.85721037599980576 1.00000 7 
 fake.rf 1440.00000000 51256.85078594342535041 1.00000 7 
 fake.rf 1440.00000000 51266.84858634507158115 1.00000 7 
 fake.rf 1440.00000000 51276.79073347212034761 1.00000 7 
 fake.rf 1440.00000000 51286.79518808384771233 1.00000 7 
 fake.rf 1440.00000000 51296.77409233826916690 1.00000 7 
 fake.rf 1440.00000000 51306.75194622060017124 1.00000 7 
 fake.rf 1440.00000000 51316.69528967917176132 1.00000 7 
 fake.rf 1440.00000000 51326.69632499581760499 1.00000 7 
 fake.rf 1440.00000000 51336.67668920990460535 1.00000 7 
 fake.rf 1440.00000000 51346.60107167458211919 1.00000 7 
 fake.rf 1440.00000000 51356.62432346670699701 1.00000 7 
 fake.rf 1440.00000000 51366.54135281903890231 1.00000 7 
 fake.rf 1440.00000000 51376.56649585313469686 1.00000 7 
 fake.rf 1440.00000000 51386.49077741102917116 1.00000 7 
 fake.rf 1440.00000000 51396.51935152754322544 1.00000 7 
 fake.rf 1440.00000000 51406.41908271843487555 1.00000 7 
 fake.rf 1440.00000000 51416.46657624931565778 1.00000 7 
 fake.rf 1440.00000000 51426.40018573983968864 1.00000 7 
 fake.rf 1440.00000000 51436.40166080830418238 1.00000 7 
 fake.rf 1440.00000000 51446.36903548249871321 1.00000 7 
 fake.rf 1440.00000000 51456.29525322103629748 1.00000 7 
 fake.rf 1440.00000000 51466.27337750881077838 1.00000 7 
 fake.rf 1440.00000000 51476.25241403833797094 1.00000 7 
 fake.rf 1440.00000000 51486.19920628109442617 1.00000 7 
 fake.rf 1440.00000000 51496.19923086283854730 1.00000 7 
 fake.rf 1440.00000000 51506.16190345749514989 1.00000 7 
 fake.rf 1440.00000000 51516.19012032561518666 1.00000 7 
 fake.rf 1440.00000000 51526.15936414558474610 1.00000 7 
 fake.rf 1440.00000000 51536.09995087474355913 1.00000 7 
 fake.rf 1440.00000000 51546.10947804193176225 1.00000 7 
 fake.rf 1440.00000000 51556.08286750741761750 1.00000 7 
 fake.rf 1440.00000000 51566.04433408748097634 1.00000 7 
 fake.rf 1440.00000000 51575.99563265227103415 1.00000 7 
 fake.rf 1440.00000000 51585.93847358273046311 1.00000 7 
 fake.rf 1440.00000000 51595.93169917421377590 1.00000 7 
 fake.rf 1440.00000000 51605.88920627650723105 1.00000 7 
 fake.rf 1440.00000000 51615.92053877494643288 1.00000 7 
 fake.rf 1440.00000000 51625.88441212738022656 1.00000 7 
 fake.rf 1440.00000000 51635.78692557544653852 1.00000 7 
 fake.rf 1440.00000000 51645.82592664290053364 1.00000 7 
 fake.rf 1440.00000000 51655.74148675077603698 1.00000 7 
 fake.rf 1440.00000000 51665.77788968705914030 1.00000 7 
 fake.rf 1440.00000000 51675.67789111972383509 1.00000 7 
 fake.rf 1440.00000000 51685.72923191421969591 1.00000 7 
 fake.rf 1440.00000000 51695.63388738729852534 1.00000 7 
 fake.rf 1440.00000000 51705.67310065934943353 1.00000 7 
 fake.rf 1440.00000000 51715.65147688438447915 1.00000 7 
 fake.rf 1440.00000000 51725.54759693771030271 1.00000 7 
 fake.rf 1440.00000000 51735.54772404343082215 1.00000 7 
 fake.rf 1440.00000000 51745.55487966459163829 1.00000 7 
 fake.rf 1440.00000000 51755.52901206733050898 1.00000 7 
 fake.rf 1440.00000000 51765.48266120572559146 1.00000 7 
 fake.rf 1440.00000000 51775.41191215643761225 1.00000 7 
 fake.rf 1440.00000000 51785.39238543377674873 1.00000 7 
 fake.rf 1440.00000000 51795.40346442423356876 1.00000 7 
 fake.rf 1440.00000000 51805.36004429114682424 1.00000 7 
 fake.rf 1440.00000000 51815.33049453758584946 1.00000 7 
 fake.rf 1440.00000000 51825.31376139713669104 1.00000 7 
 fake.rf 1440.00000000 51835.26688942164241780 1.00000 7 
 fake.rf 1440.00000000 51845.28856401539486498 1.00000 7 
 fake.rf 1440.00000000 51855.22532904652974040 1.00000 7 
 fake.rf 1440.00000000 51865.17915090062495764 1.00000 7 
 fake.rf 1440.00000000 51875.18959643165124618 1.00000 7 
 fake.rf 1440.00000000 51885.10496433854488174 1.00000 7 
 fake.rf 1440.00000000 51895.11226479838860826 1.00000 7 
 fake.rf 1440.00000000 51905.05990690173965518 1.00000 7 
 fake.rf 1440.00000000 51915.04341961381049586 1.00000 7 
 fake.rf 1440.00000000 51925.02602355067324780 1.00000 7 
 fake.rf 1440.00000000 51935.04817660878363483 1.00000 7 
 fake.rf 1440.00000000 51944.96150714795857084 1.00000 7 
 fake.rf 1440.00000000 51954.92708317501872273 1.00000 7 
 fake.rf 1440.00000000 51964.89210063912449655 1.00000 7 
 fake.rf 1440.00000000 51974.86913842439044231 1.00000 7 
 fake.rf 1440.00000000 51984.84535359665798637 1.00000 7 
 fake.rf 1440.00000000 51994.80568285587447974 1.00000 7 
 fake.rf 1440.00000000 52004.79801377204227464 1.00000 7 
 fake.rf 1440.00000000 52014.75741316334121223 1.00000 7 
 fake.rf 1440.00000000 52024.72342305389978634 1.00000 7 
 fake.rf 1440.00000000 52034.72251166702874769 1.00000 7 
 fake.rf 1440.00000000 52044.70934247734656353 1.00000 7 
 fake.rf 1440.00000000 52054.70981239529531592 1.00000 7 
 fake.rf 1440.00000000 52064.62700436069053467 1.00000 7 
 fake.rf 1440.00000000 52074.59478865276313542 1.00000 7 
 fake.rf 1440.00000000 52084.63514713134507517 1.00000 7 
 fake.rf 1440.00000000 52094.56011678916448560 1.00000 7 
 fake.rf 1440.00000000 52104.56628436189295783 1.00000 7 
 fake.rf 1440.00000000 52114.50719370531076535 1.00000 7 
 fake.rf 1440.00000000 52124.51325128189167657 1.00000 7 
 fake.rf 1440.00000000 52134.44665671020688791 1.00000 7 
 fake.rf 1440.00000000 52144.45133177221806164 1.00000 7 
 fake.rf 1440.00000000 52154.42303496094338655 1.00000 7 
 fake.rf 1440.00000000 52164.40384304218039446 1.00000 7 
 fake.rf 1440.00000000 52174.38964431762142127 1.00000 7 
 fake.rf 1440.00000000 52184.31576400914104141 1.00000 7 
 fake.rf 1440.00000000 52194.32257766072613592 1.00000 7 
 fake.rf 1440.00000000 52204.25965035905986866 1.00000 7 
 fake.rf 1440.00000000 52214.24404987622972385 1.00000 7 
 fake.rf 1440.00000000 52224.17834722565137540 1.00000 7 
 fake.rf 1440.00000000 52234.20866155634707795 1.00000 7 
 fake.rf 1440.00000000 52244.15918513172031012 1.00000 7 
 fake.rf 1440.00000000 52254.11745067425664502 1.00000 7 
 fake.rf 1440.00000000 52264.14064533734318019 1.00000 7 
 fake.rf 1440.00000000 52274.08349073014261066 1.00000 7 
 fake.rf 1440.00000000 52284.04609839381313563 1.00000 7 
 fake.rf 1440.00000000 52293.98947918199902318 1.00000 7 
 fake.rf 1440.00000000 52304.00329156392800911 1.00000 7 
 fake.rf 1440.00000000 52313.98553446232373076 1.00000 7 
 fake.rf 1440.00000000 52323.91561901132126877 1.00000 7 
 fake.rf 1440.00000000 52333.92274558036488230 1.00000 7 
 fake.rf 1440.00000000 52343.93138141516901385 1.00000 7 
 fake.rf 1440.00000000 52353.87560112235183496 1.00000 7 
 fake.rf 1440.00000000 52363.82716860086852506 1.00000 7 
 fake.rf 1440.00000000 52373.78030079359787408 1.00000 7 
 fake.rf 1440.00000000 52383.80294237735137486 1.00000 7 
 fake.rf 1440.00000000 52393.73883936647276016 1.00000 7 
 fake.rf 1440.00000000 52403.72757886541910821 1.00000 7 
 fake.rf 1440.00000000 52413.70035904582256236 1.00000 7 
 fake.rf 1440.00000000 52423.68780305043509316 1.00000 7 
 fake.rf 1440.00000000 52433.62657111849589242 1.00000 7 
 fake.rf 1440.00000000 52443.64339438864809040 1.00000 7 
 fake.rf 1440.00000000 52453.57948448578577327 1.00000 7 
 fake.rf 1440.00000000 52463.60059333134547543 1.00000 7 
 fake.rf 1440.00000000 52473.54219575640592410 1.00000 7 
 fake.rf 1440.00000000 52483.49139142123570778 1.00000 7 
 fake.rf 1440.00000000 52493.46592435196352611 1.00000 7 
 fake.rf 1440.00000000 52503.44164467907908644 1.00000 7 
 fake.rf 1440.00000000 52513.43855073231287989 1.00000 7 
 fake.rf 1440.00000000 52523.42478751432950546 1.00000 7 
 fake.rf 1440.00000000 52533.36210957153780399 1.00000 7 
 fake.rf 1440.00000000 52543.33330090294581893 1.00000 7 
 fake.rf 1440.00000000 52553.29736561932158168 1.00000 7 
 fake.rf 1440.00000000 52563.30359086183727513 1.00000 7 
 fake.rf 1440.00000000 52573.24194786184915884 1.00000 7 
 fake.rf 1440.00000000 52583.25949562124421632 1.00000 7 
 fake.rf 1440.00000000 52593.17229950704313524 1.00000 7 
 fake.rf 1440.00000000 52603.16467498442770179 1.00000 7 
 fake.rf 1440.00000000 52613.14000620388616625 1.00000 7 
 fake.rf 1440.00000000 52623.14569057611469916 1.00000 7 
 fake.rf 1440.00000000 52633.09545497728598562 1.00000 7 
 fake.rf 1440.00000000 52643.10521708329286028 1.00000 7 
 fake.rf 1440.00000000 52653.06350832098378589 1.00000 7 
 fake.rf 1440.00000000 52662.98479673564530756 1.00000 7 
 fake.rf 1440.00000000 52672.97343063949544018 1.00000 7 
 fake.rf 1440.00000000 52682.99549167639298020 1.00000 7 
 fake.rf 1440.00000000 52692.96672607443374048 1.00000 7 
 fake.rf 1440.00000000 52702.91856132391047041 1.00000 7 
 fake.rf 1440.00000000 52712.87333281297601673 1.00000 7 
 fake.rf 1440.00000000 52722.84465177213390419 1.00000 7 
 fake.rf 1440.00000000 52732.81123531180266539 1.00000 7 
 fake.rf 1440.00000000 52742.81541258239439429 1.00000 7 
 fake.rf 1440.00000000 52752.74752580007965719 1.00000 7 
 fake.rf 1440.00000000 52762.76083707016881164 1.00000 7 
 fake.rf 1440.00000000 52772.73009422525365864 1.00000 7 
 fake.rf 1440.00000000 52782.71444746382841018 1.00000 7 
 fake.rf 1440.00000000 52792.62092547252806440 1.00000 7 
 fake.rf 1440.00000000 52802.67535318928346655 1.00000 7 
 fake.rf 1440.00000000 52812.57939779442636308 1.00000 7 
 fake.rf 1440.00000000 52822.59341943695030253 1.00000 7 
 fake.rf 1440.00000000 52832.57805497763813918 1.00000 7 
 fake.rf 1440.00000000 52842.53005930516280841 1.00000 7 
 fake.rf 1440.00000000 52852.45924332537212109 1.00000 7 
 fake.rf 1440.00000000 52862.43524784238956116 1.00000 7 
 fake.rf 1440.00000000 52872.42078174567531335 1.00000 7 
 fake.rf 1440.00000000 52882.39896043343124887 1.00000 7 
 fake.rf 1440.00000000 52892.41981711628574203 1.00000 7 
 fake.rf 1440.00000000 52902.34545923345224239 1.00000 7 
 fake.rf 1440.00000000 52912.34331774574076945 1.00000 7 
 fake.rf 1440.00000000 52922.28347660888980997 1.00000 7 
 fake.rf 1440.00000000 52932.24210745123164301 1.00000 7 
 fake.rf 1440.00000000 52942.21703465827069124 1.00000 7 
 fake.rf 1440.00000000 52952.19425997741427992 1.00000 7 
 fake.rf 1440.00000000 52962.22181972119724236 1.00000 7 
 fake.rf 1440.00000000 52972.14533965445237484 1.00000 7 
 fake.rf 1440.00000000 52982.13850323319389446 1.00000 7 
 fake.rf 1440.00000000 52992.13209502198076351 1.00000 7 
 fake.rf 1440.00000000 53002.05415369260694902 1.00000 7 
 fake.rf 1440.00000000 53012.02645679488550456 1.00000 7 
 fake.rf 1440.00000000 53022.00212445985897958 1.00000 7 
 fake.rf 1440.00000000 53032.00613971422986737 1.00000 7 
 fake.rf 1440.00000000 53041.97233076782891104 1.00000 7 
 fake.rf 1440.00000000 53051.97947999032027866 1.00000 7 
 fake.rf 1440.00000000 53061.94291280631784602 1.00000 7 
 fake.rf 1440.00000000 53071.86638614148840887 1.00000 7 
 fake.rf 1440.00000000 53081.87009679063370982 1.00000 7 
 fake.rf 1440.00000000 53091.84518720814430992 1.00000 7 
 fake.rf 1440.00000000 53101.78577619483022687 1.00000 7 
 fake.rf 1440.00000000 53111.78788560504341021 1.00000 7 
 fake.rf 1440.00000000 53121.77765827516799035 1.00000 7 
 fake.rf 1440.00000000 53131.75957327243115458 1.00000 7 
 fake.rf 1440.00000000 53141.69028917763774800 1.00000 7 
 fake.rf 1440.00000000 53151.65937054101105019 1.00000 7 
 fake.rf 1440.00000000 53161.68110720829241700 1.00000 7 
 fake.rf 1440.00000000 53171.61513196611314314 1.00000 7 
 fake.rf 1440.00000000 53181.59705156020821448 1.00000 7 
 fake.rf 1440.00000000 53191.54093789458953978 1.00000 7 
 fake.rf 1440.00000000 53201.52312370488610682 1.00000 7 
 fake.rf 1440.00000000 53211.54132308607367463 1.00000 7 
 fake.rf 1440.00000000 53221.51037226497165733 1.00000 7 
 fake.rf 1440.00000000 53231.46002123754741575 1.00000 7 
 fake.rf 1440.00000000 53241.46415582802956123 1.00000 7 
 fake.rf 1440.00000000 53251.43543651154201868 1.00000 7 
 fake.rf 1440.00000000 53261.38961516408621577 1.00000 7 
 fake.rf 1440.00000000 53271.36528046141396331 1.00000 7 
 fake.rf 1440.00000000 53281.28738543825524943 1.00000 7 
 fake.rf 1440.00000000 53291.26203199048357817 1.00000 7 
 fake.rf 1440.00000000 53301.25859341072834852 1.00000 7 
 fake.rf 1440.00000000 53311.21339476496321197 1.00000 7 
 fake.rf 1440.00000000 53321.18764875660138003 1.00000 7 
 fake.rf 1440.00000000 53331.18718219582865103 1.00000 7 
 fake.rf 1440.00000000 53341.17330307768303754 1.00000 7 
 fake.rf 1440.00000000 53351.14105247989876801 1.00000 7 
 fake.rf 1440.00000000 53361.09170612660314603 1.00000 7 
 fake.rf 1440.00000000 53371.06856412873127482 1.00000 7 
 fake.rf 1440.00000000 53381.07042453295135331 1.00000 7 
 fake.rf 1440.00000000 53391.05209322018431095 1.00000 7 
 fake.rf 1440.00000000 53401.03134599481280631 1.00000 7 
 fake.rf 1440.00000000 53411.00109967736464966 1.00000 7 
 fake.rf 1440.00000000 53420.92884876827640994 1.00000 7 
 fake.rf 1440.00000000 53430.92517853210533829 1.00000 7 
 fake.rf 1440.00000000 53440.90415157632929422 1.00000 7 
 fake.rf 1440.00000000 53450.87325421306596240 1.00000 7 
 fake.rf 1440.00000000 53460.86596968983795719 1.00000 7 
 fake.rf 1440.00000000 53470.81065040781140851 1.00000 7 
 fake.rf 1440.00000000 53480.74108219094232197 1.00000 7 
 fake.rf 1440.00000000 53490.74302150822986945 1.00000 7 
 fake.rf 1440.00000000 53500.74222629828744147 1.00000 7 
 fake.rf 1440.00000000 53510.68214817196858135 1.00000 7 
 fake.rf 1440.00000000 53520.64625790364434366 1.00000 7 
 fake.rf 1440.00000000 53530.64181613899956247 1.00000 7 
 fake.rf 1440.00000000 53540.64202473524066761 1.00000 7 
 fake.rf 1440.00000000 53550.55424002693288088 1.00000 7 
 fake.rf 1440.00000000 53560.54838325826404599 1.00000 7 
 fake.rf 1440.00000000 53570.53007483210286566 1.00000 7 
 fake.rf 1440.00000000 53580.52859306833877184 1.00000 7 
 fake.rf 1440.00000000 53590.47214564603438092 1.00000 7 
 fake.rf 1440.00000000 53600.45578808998363129 1.00000 7 
 fake.rf 1440.00000000 53610.39483881199310034 1.00000 7 
 fake.rf 1440.00000000 53620.40383034968035503 1.00000 7 
 fake.rf 1440.00000000 53630.38903116392473791 1.00000 7 
 fake.rf 1440.00000000 53640.35491958739538987 1.00000 7 
 fake.rf 1440.00000000 53650.29400304807142774 1.00000 7 
 fake.rf 1440.00000000 53660.27425756467219387 1.00000 7 
