FORMAT 1
 fake.rf 1440.00000000 50000.28268618568043991 1.00000 7 
 fake.rf 1440.00000000 50010.29253226536125609 1.00000 7 
 fake.rf 1440.00000000 50020.23283488602987745 1.00000 7 
 fake.rf 1440.00000000 50030.20425214849942819 1.00000 7 
 fake.rf 1440.00000000 50040.16751389843632225 1.00000 7 
 fake.rf 1440.00000000 50050.19971754158114763 1.00000 7 
 fake.rf 1440.00000000 50060.16094058701483149 1.00000 7 
 fake.rf 1440.00000000 50070.09755235919930527 1.00000 7 
 fake.rf 1440.00000000 50080.11111927140047939 1.00000 7 
 fake.rf 1440.00000000 50090.06079868101651442 1.00000 7 
 fake.rf 1440.00000000 50100.03987540886472374 1.00000 7 
 fake.rf 1440.00000000 50109.99994826604728360 1.00000 7 
 fake.rf 1440.00000000 50119.99465111126719208 1.00000 7 
 fake.rf 1440.00000000 50129.95496207459196825 1.00000 7 
 fake.rf 1440.00000000 50139.89108870052504230 1.00000 7 
 fake.rf 1440.00000000 50149.86678724147410335 1.00000 7 
 fake.rf 1440.00000000 50159.86285652329065954 1.00000 7 
 fake.rf 1440.00000000 50169.82875342391466589 1.00000 7 
 fake.rf 1440.00000000 50179.84942362601176313 1.00000 7 
 fake.rf 1440.00000000 50189.78333877042789979 1.00000 7 
 fake.rf 1440.00000000 50199.80525679761410274 1.00000 7 
 fake.rf 1440.00000000 50209.75907027368313251 1.00000 7 
 fake.rf 1440.00000000 50219.74057053723252864 1.00000 7 
 fake.rf 1440.00000000 50229.65768744129896461 1.00000 7 
 fake.rf 1440.00000000 50239.68434123279003600 1.00000 7 
 fake.rf 1440.00000000 50249.63668146667565395 1.00000 7 
 fake.rf 1440.00000000 50259.63197329839346139 1.00000 7 
 fake.rf 1440.00000000 50269.60641741959693007 1.00000 7 
 fake.rf 1440.00000000 50279.50493678240357553 1.00000 7 
 fake.rf 1440.00000000 50289.54268809592811706 1.00000 7 
 fake.rf 1440.00000000 50299.49082745620398427 1.00000 7 
 fake.rf 1440.00000000 50309.43634146804308571 1.00000 7 
 fake.rf 1440.00000000 50319.42790985241989787 1.00000 7 
 fake.rf 1440.00000000 50329.42698953444864429 1.00000 7 
 fake.rf 1440.00000000 50339.37122515408757550 1.00000 7 
 fake.rf 1440.00000000 50349.35335956502682819 1.00000 7 
 fake.rf 1440.00000000 50359.32861391182561306 1.00000 7 
 fake.rf 1440.00000000 50369.26137691529376994 1.00000 7 
 fake.rf 1440.00000000 50379.29076076560002306 1.00000 7 
 fake.rf 1440.00000000 50389.22355303498785872 1.00000 7 
 fake.rf 1440.00000000 50399.21663307111115415 1.00000 7 
 fake.rf 1440.00000000 50409.16906467290082716 1.00000 7 
 fake.rf 1440.00000000 50419.17256743747307013 1.00000 7 
 fake.rf 1440.00000000 50429.10432137106360173 1.00000 7 
 fake.rf 1440.00000000 50439.12770159927868008 1.00000 7 
 fake.rf 1440.00000000 50449.09463529027850015 1.00000 7 
 fake.rf 1440.00000000 50459.02939212154618431 1.00000 7 
 fake.rf 1440.00000000 50468.99281262642933754 1.00000 7 
 fake.rf 1440.00000000 50479.03628089983523353 1.00000 7 
 fake.rf 1440.00000000 50488.93567892694982291 1.00000 7 
 fake.rf 1440.00000000 50498.94365221419329970 1.00000 7 
 fake.rf 1440.00000000 50508.95300951841877790 1.00000 7 
 fake.rf 1440.00000000 50518.91685868825553740 1.00000 7 
 fake.rf 1440.00000000 50528.85030326992484362 1.00000 7 
 fake.rf 1440.00000000 50538.80408179556342319 1.00000 7 
 fake.rf 1440.00000000 50548.82188909523541298 1.00000 7 
 fake.rf 1440.00000000 50558.81831156252330217 1.00000 7 
 fake.rf 1440.00000000 50568.79468624472118776 1.00000 7 
 fake.rf 1440.00000000 50578.73090870036864430 1.00000 7 
 fake.rf 1440.00000000 50588.73648818421808926 1.00000 7 
 fake.rf 1440.00000000 50598.69458518511577694 1.00000 7 
 fake.rf 1440.00000000 50608.60625131871366378 1.00000 7 
 fake.rf 1440.00000000 50618.58464916586503435 1.00000 7 
 fake.rf 1440.00000000 50628.56161884063186207 1.00000 7 
 fake.rf 1440.00000000 50638.58300235712729176 1.00000 7 
 fake.rf 1440.00000000 50648.53294014868663098 1.00000 7 
 fake.rf 1440.00000000 50658.51934858481106971 1.00000 7 
 fake.rf 1440.00000000 50668.45995743164942482 1.00000 7 
 fake.rf 1440.00000000 50678.45329590098211270 1.00000 7 
 fake.rf 1440.00000000 50688.41305918146285947 1.00000 7 
 fake.rf 1440.00000000 50698.39709796949068021 1.00000 7 
 fake.rf 1440.00000000 50708.41082082012095000 1.00000 7 
 fake.rf 1440.00000000 50718.35032003378480425 1.00000 7 
 fake.rf 1440.00000000 50728.28183258148922263 1.00000 7 
 fake.rf 1440.00000000 50738.25461368459494338 1.00000 7 
 fake.rf 1440.00000000 50748.24479747128044593 1.00000 7 
 fake.rf 1440.00000000 50758.25388137881382278 1.00000 7 
 fake.rf 1440.00000000 50768.18872363860680608 1.00000 7 
 fake.rf 1440.00000000 50778.16963225636220258 1.00000 7 
 fake.rf 1440.00000000 50788.16615545091966055 1.00000 7 
 fake.rf 1440.00000000 50798.11103339716467531 1.00000 7 
 fake.rf 1440.00000000 50808.12721966719527700 1.00000 7 
 fake.rf 1440.00000000 50818.07707111910780284 1.00000 7 
 fake.rf 1440.00000000 50828.01310256048388680 1.00000 7 
 fake.rf 1440.00000000 50837.99003773236589510 1.00000 7 
 fake.rf 1440.00000000 50848.00430541329308554 1.00000 7 
 fake.rf 1440.00000000 50857.98544849837201909 1.00000 7 
 fake.rf 1440.00000000 50867.90277715233983713 1.00000 7 
 fake.rf 1440.00000000 50877.92072382456244739 1.00000 7 
 fake.rf 1440.00000000 50887.86539366714362487 1.00000 7 
 fake.rf 1440.00000000 50897.81560614981516721 1.00000 7 
 fake.rf 1440.00000000 50907.81895415498676982 1.00000 7 
 fake.rf 1440.00000000 50917.78592783669657962 1.00000 7 
 fake.rf 1440.00000000 50927.74184246607714854 1.00000 7 
 fake.rf 1440.00000000 50937.74946449980903296 1.00000 7 
 fake.rf 1440.00000000 50947.68179268627849865 1.00000 7 
 fake.rf 1440.00000000 50957.69828278640607877 1.00000 7 
 fake.rf 1440.00000000 50967.63628426524273962 1.00000 7 
 fake.rf 1440.00000000 50977.61985895162017712 1.00000 7 
 fake.rf 1440.00000000 50987.57365851308536975 1.00000 7 
 fake.rf 1440.00000000 50997.58206095084817733 1.00000 7 
 fake.rf 1440.00000000 51007.57697876685189087 1.00000 7 
 fake.rf 1440.00000000 51017.48847212811570984 1.00000 7 
 fake.rf 1440.00000000 51027.46367814237981264 1.00000 7 
 fake.rf 1440.00000000 51037.50074618103621660 1.00000 7 
 fake.rf 1440.00000000 51047.41232499357147745 1.00000 7 
 fake.rf 1440.00000000 51057.40501913162772496 1.00000 7 
 fake.rf 1440.00000000 51067.39514206359170601 1.00000 7 
 fake.rf 1440.00000000 51077.35220079682115824 1.00000 7 
 fake.rf 1440.00000000 51087.35310787556415235 1.00000 7 
 fake.rf 1440.00000000 51097.28372501321553045 1.00000 7 
 fake.rf 1440.00000000 51107.29629936658121991 1.00000 7 
 fake.rf 1440.00000000 51117.25736369793770209 1.00000 7 
 fake.rf 1440.00000000 51127.24846997069180077 1.00000 7 
 fake.rf 1440.00000000 51137.22438007062788046 1.00000 7 
 fake.rf 1440.00000000 51147.18968395304917962 1.00000 7 
 fake.rf 1440.00000000 51157.13902886790106805 1.00000 7 
 fake.rf 1440.00000000 51167.12338638781413636 1.00000 7 
 fake.rf 1440.00000000 51177.11665657013262276 1.00000 7 
 fake.rf 1440.00000000 51187.02791918802097371 1.00000 7 
 fake.rf 1440.00000000 51197.06758425148030511 1.00000 7 
 fake.rf 1440.00000000 51207.03837121890943962 1.00000 7 
 fake.rf 1440.00000000 51216.98028618203169771 1.00000 7 
 fake.rf 1440.00000000 51226.93089589321596478 1.00000 7 
 fake.rf 1440.00000000 51236.88490186966592788 1.00000 7 
 fake.rf 1440.00000000 51246.86174318111618931 1.00000 7 
 fake.rf 1440.00000000 51256.85531876897909598 1.00000 7 
 fake.rf 1440.00000000 51266.85311916050378755 1.00000 7 
 fake.rf 1440.00000000 51276.79526628494758356 1.00000 7 
 fake.rf 1440.00000000 51286.79972088629440208 1.00000 7 
 fake.rf 1440.00000000 51296.77862513291388780 1.00000 7 
 fake.rf 1440.00000000 51306.75647905277145000 1.00000 7 
 fake.rf 1440.00000000 51316.69982245555335609 1.00000 7 
 fake.rf 1440.00000000 51326.70085777995635468 1.00000 7 
 fake.rf 1440.00000000 51336.68122204337895553 1.00000 7 
 fake.rf 1440.00000000 51346.60560448188093829 1.00000 7 
 fake.rf 1440.00000000 51356.62885626244926840 1.00000 7 
 fake.rf 1440.00000000 51366.54588563865724993 1.00000 7 
 fake.rf 1440.00000000 51376.57102866829990262 1.00000 7 
 fake.rf 1440.00000000 51386.49531023936454588 1.00000 7 
 fake.rf 1440.00000000 51396.52388434910528048 1.00000 7 
 fake.rf 1440.00000000 51406.42361551325683067 1.00000 7 
 fake.rf 1440.00000000 51416.47110905889193333 1.00000 7 
 fake.rf 1440.00000000 51426.40471854869558044 1.00000 7 
 fake.rf 1440.00000000 51436.40619363281171772 1.00000 7 
 fake.rf 1440.00000000 51446.37356832768382731 1.00000 7 
 fake.rf 1440.00000000 51456.29978600071109796 1.00000 7 
 fake.rf 1440.00000000 51466.27791031708602176 1.00000 7 
 fake.rf 1440.00000000 51476.25694686234584552 1.00000 7 
 fake.rf 1440.00000000 51486.20373909993469042 1.00000 7 
 fake.rf 1440.00000000 51496.20376365019599518 1.00000 7 
 fake.rf 1440.00000000 51506.16643626451439175 1.00000 7 
 fake.rf 1440.00000000 51516.19465314935917277 1.00000 7 
 fake.rf 1440.00000000 51526.16389697299215200 1.00000 7 
 fake.rf 1440.00000000 51536.10448366835633038 1.00000 7 
 fake.rf 1440.00000000 51546.11401082283074260 1.00000 7 
 fake.rf 1440.00000000 51556.08740030887502925 1.00000 7 
 fake.rf 1440.00000000 51566.04886692289619532 1.00000 7 
 fake.rf 1440.00000000 51576.00016547190291050 1.00000 7 
 fake.rf 1440.00000000 51585.94300639247776630 1.00000 7 
 fake.rf 1440.00000000 51595.93623197677736059 1.00000 7 
 fake.rf 1440.00000000 51605.89373912106235309 1.00000 7 
 fake.rf 1440.00000000 51615.92507161233374902 1.00000 7 
 fake.rf 1440.00000000 51625.88894493455311263 1.00000 7 
 fake.rf 1440.00000000 51635.79145836800895708 1.00000 7 
 fake.rf 1440.00000000 51645.83045946669880877 1.00000 7 
 fake.rf 1440.00000000 51655.74601954458450948 1.00000 7 
 fake.rf 1440.00000000 51665.78242246568284202 1.00000 7 
 fake.rf 1440.00000000 51675.68242393969009640 1.00000 7 
 fake.rf 1440.00000000 51685.73376473223951422 1.00000 7 
 fake.rf 1440.00000000 51695.63842020182788062 1.00000 7 
 fake.rf 1440.00000000 51705.67763345913386175 1.00000 7 
 fake.rf 1440.00000000 51715.65600972548527992 1.00000 7 
 fake.rf 1440.00000000 51725.55212975902713168 1.00000 7 
 fake.rf 1440.00000000 51735.55225684287098531 1.00000 7 
 fake.rf 1440.00000000 51745.55941250025842137 1.00000 7 
 fake.rf 1440.00000000 51755.53354490459232196 1.00000 7 
 fake.rf 1440.00000000 51765.48719399154024501 1.00000 7 
 fake.rf 1440.00000000 51775.41644495415123473 1.00000 7 
 fake.rf 1440.00000000 51785.39691825809757120 1.00000 7 
 fake.rf 1440.00000000 51795.40799722813830996 1.00000 7 
 fake.rf 1440.00000000 51805.36457708811781941 1.00000 7 
 fake.rf 1440.00000000 51815.33502736212025397 1.00000 7 
 fake.rf 1440.00000000 51825.31829420762872829 1.00000 7 
 fake.rf 1440.00000000 51835.27142224549580973 1.00000 7 
 fake.rf 1440.00000000 51845.29309685945656483 1.00000 7 
 fake.rf 1440.00000000 51855.22986185256662850 1.00000 7 
 fake.rf 1440.00000000 51865.18368371010210183 1.00000 7 
 fake.rf 1440.00000000 51875.19412924388868547 1.00000 7 
 fake.rf 1440.00000000 51885.10949712998830563 1.00000 7 
 fake.rf 1440.00000000 51895.11679758772106297 1.00000 7 
 fake.rf 1440.00000000 51905.06443971170942575 1.00000 7 
 fake.rf 1440.00000000 51915.04795240671144896 1.00000 7 
 fake.rf 1440.00000000 51925.03055634565696153 1.00000 7 
 fake.rf 1440.00000000 51935.05270943142075524 1.00000 7 
 fake.rf 1440.00000000 51944.96603994687545480 1.00000 7 
 fake.rf 1440.00000000 51954.93161597746060210 1.00000 7 
 fake.rf 1440.00000000 51964.89663347658784076 1.00000 7 
 fake.rf 1440.00000000 51974.87367125506633769 1.00000 7 
 fake.rf 1440.00000000 51984.84988638221451041 1.00000 7 
 fake.rf 1440.00000000 51994.81021566992002647 1.00000 7 
 fake.rf 1440.00000000 52004.80254658856920358 1.00000 7 
 fake.rf 1440.00000000 52014.76194599948338393 1.00000 7 
 fake.rf 1440.00000000 52024.72795585912665217 1.00000 7 
 fake.rf 1440.00000000 52034.72704449394186099 1.00000 7 
 fake.rf 1440.00000000 52044.71387531628712964 1.00000 7 
 fake.rf 1440.00000000 52054.71434518386989865 1.00000 7 
 fake.rf 1440.00000000 52064.63153720286029724 1.00000 7 
 fake.rf 1440.00000000 52074.59932144439599355 1.00000 7 
 fake.rf 1440.00000000 52084.63967997353055495 1.00000 7 
 fake.rf 1440.00000000 52094.56464958909804963 1.00000 7 
 fake.rf 1440.00000000 52104.57081716700011143 1.00000 7 
 fake.rf 1440.00000000 52114.51172654611050206 1.00000 7 
 fake.rf 1440.00000000 52124.51778411664598423 1.00000 7 
 fake.rf 1440.00000000 52134.45118950875862751 1.00000 7 
 fake.rf 1440.00000000 52144.45586460457482048 1.00000 7 
 fake.rf 1440.00000000 52154.42756776434208632 1.00000 7 
 fake.rf 1440.00000000 52164.40837585865508075 1.00000 7 
 fake.rf 1440.00000000 52174.39417711352676932 1.00000 7 
 fake.rf 1440.00000000 52184.32029683529009745 1.00000 7 
 fake.rf 1440.00000000 52194.32711047970940044 1.00000 7 
 fake.rf 1440.00000000 52204.26418319223445863 1.00000 7 
 fake.rf 1440.00000000 52214.24858268653455085 1.00000 7 
 fake.rf 1440.00000000 52224.18288004105484390 1.00000 7 
 fake.rf 1440.00000000 52234.21319436807778303 1.00000 7 
 fake.rf 1440.00000000 52244.16371796021558183 1.00000 7 
 fake.rf 1440.00000000 52254.12198346060974075 1.00000 7 
 fake.rf 1440.00000000 52264.14517814774339755 1.00000 7 
 fake.rf 1440.00000000 52274.08802356210640738 1.00000 7 
 fake.rf 1440.00000000 52284.05063118789512089 1.00000 7 
 fake.rf 1440.00000000 52293.99401201639351555 1.00000 7 
 fake.rf 1440.00000000 52304.00782438584067791 1.00000 7 
 fake.rf 1440.00000000 52313.99006726578613780 1.00000 7 
 fake.rf 1440.00000000 52323.92015181035547045 1.00000 7 
 fake.rf 1440.00000000 52333.92727841777962539 1.00000 7 
 fake.rf 1440.00000000 52343.93591423239863047 1.00000 7 
 fake.rf 1440.00000000 52353.88013393381156035 1.00000 7 
 fake.rf 1440.00000000 52363.83170142698628879 1.00000 7 
 fake.rf 1440.00000000 52373.78483356720493802 1.00000 7 
 fake.rf 1440.00000000 52383.80747521651517218 1.00000 7 
 fake.rf 1440.00000000 52393.74337218556653895 1.00000 7 
 fake.rf 1440.00000000 52403.73211166336125189 1.00000 7 
 fake.rf 1440.00000000 52413.70489188138854075 1.00000 7 
 fake.rf 1440.00000000 52423.69233588549163017 1.00000 7 
 fake.rf 1440.00000000 52433.63110391242739183 1.00000 7 
 fake.rf 1440.00000000 52443.64792721747724613 1.00000 7 
 fake.rf 1440.00000000 52453.58401728139014963 1.00000 7 
 fake.rf 1440.00000000 52463.60512616659816842 1.00000 7 
 fake.rf 1440.00000000 52473.54672853269606847 1.00000 7 
 fake.rf 1440.00000000 52483.49592419966435131 1.00000 7 
 fake.rf 1440.00000000 52493.47045713892642027 1.00000 7 
 fake.rf 1440.00000000 52503.44617750682607138 1.00000 7 
 fake.rf 1440.00000000 52513.44308352542752871 1.00000 7 
 fake.rf 1440.00000000 52523.42932030995991965 1.00000 7 
 fake.rf 1440.00000000 52533.36664236512095982 1.00000 7 
 fake.rf 1440.00000000 52543.33783369725317414 1.00000 7 
 fake.rf 1440.00000000 52553.30189840240439736 1.00000 7 
 fake.rf 1440.00000000 52563.30812364614097731 1.00000 7 
 fake.rf 1440.00000000 52573.24648066736411778 1.00000 7 
 fake.rf 1440.00000000 52583.26402845816545906 1.00000 7 
 fake.rf 1440.00000000 52593.17683231791329135 1.00000 7 
 fake.rf 1440.00000000 52603.16920782152325486 1.00000 7 
 fake.rf 1440.00000000 52613.14453900686433840 1.00000 7 
 fake.rf 1440.00000000 52623.15022339314715083 1.00000 7 
 fake.rf 1440.00000000 52633.09998779023591098 1.00000 7 
 fake.rf 1440.00000000 52643.10974988158304555 1.00000 7 
 fake.rf 1440.00000000 52653.06804110958376342 1.00000 7 
 fake.rf 1440.00000000 52662.98932953909976007 1.00000 7 
 fake.rf 1440.00000000 52672.97796344030428983 1.00000 7 
 fake.rf 1440.00000000 52683.00002451865267261 1.00000 7 
 fake.rf 1440.00000000 52692.97125887985996684 1.00000 7 
 fake.rf 1440.00000000 52702.92309411753946691 1.00000 7 
 fake.rf 1440.00000000 52712.87786566508618336 1.00000 7 
 fake.rf 1440.00000000 52722.84918456513222651 1.00000 7 
 fake.rf 1440.00000000 52732.81576813899791745 1.00000 7 
 fake.rf 1440.00000000 52742.81994538723930077 1.00000 7 
 fake.rf 1440.00000000 52752.75205858655312952 1.00000 7 
 fake.rf 1440.00000000 52762.76536991300103807 1.00000 7 
 fake.rf 1440.00000000 52772.73462700493310962 1.00000 7 
 fake.rf 1440.00000000 52782.71898027701779554 1.00000 7 
 fake.rf 1440.00000000 52792.62545824777116010 1.00000 7 
 fake.rf 1440.00000000 52802.67988597541392082 1.00000 7 
 fake.rf 1440.00000000 52812.58393060701484245 1.00000 7 
 fake.rf 1440.00000000 52822.59795226353245567 1.00000 7 
 fake.rf 1440.00000000 52832.58258778179023807 1.00000 7 
 fake.rf 1440.00000000 52842.53459210487330111 1.00000 7 
 fake.rf 1440.00000000 52852.46377610876385589 1.00000 7 
 fake.rf 1440.00000000 52862.43978067740993154 1.00000 7 
 fake.rf 1440.00000000 52872.42531458875721029 1.00000 7 
 fake.rf 1440.00000000 52882.40349323732834108 1.00000 7 
 fake.rf 1440.00000000 52892.42434994068425880 1.00000 7 
 fake.rf 1440.00000000 52902.34999206116728843 1.00000 7 
 fake.rf 1440.00000000 52912.34785052195579169 1.00000 7 
 fake.rf 1440.00000000 52922.28800941002511493 1.00000 7 
 fake.rf 1440.00000000 52932.24664024035246968 1.00000 7 
 fake.rf 1440.00000000 52942.22156744130556660 1.00000 7 
 fake.rf 1440.00000000 52952.19879276538849311 1.00000 7 
 fake.rf 1440.00000000 52962.22635252294940855 1.00000 7 
 fake.rf 1440.00000000 52972.14987246512118091 1.00000 7 
 fake.rf 1440.00000000 52982.14303603112707108 1.00000 7 
 fake.rf 1440.00000000 52992.13662782516361816 1.00000 7 
 fake.rf 1440.00000000 53002.05868649107812374 1.00000 7 
 fake.rf 1440.00000000 53012.03098961978377446 1.00000 7 
 fake.rf 1440.00000000 53022.00665728466649540 1.00000 7 
 fake.rf 1440.00000000 53032.01067253988231798 1.00000 7 
 fake.rf 1440.00000000 53041.97686357280679914 1.00000 7 
 fake.rf 1440.00000000 53051.98401279048737322 1.00000 7 
 fake.rf 1440.00000000 53061.94744560902364938 1.00000 7 
 fake.rf 1440.00000000 53071.87091894625386601 1.00000 7 
 fake.rf 1440.00000000 53081.87462962213999162 1.00000 7 
 fake.rf 1440.00000000 53091.84972002961685433 1.00000 7 
 fake.rf 1440.00000000 53101.79030902232610956 1.00000 7 
 fake.rf 1440.00000000 53111.79241842757409486 1.00000 7 
 fake.rf 1440.00000000 53121.78219109286522936 1.00000 7 
 fake.rf 1440.00000000 53131.76410609864836943 1.00000 7 
 fake.rf 1440.00000000 53141.69482198693365049 1.00000 7 
 fake.rf 1440.00000000 53151.66390333870606355 1.00000 7 
 fake.rf 1440.00000000 53161.68564001834518962 1.00000 7 
 fake.rf 1440.00000000 53171.61966480553948600 1.00000 7 
 fake.rf 1440.00000000 53181.60158438735686559 1.00000 7 
 fake.rf 1440.00000000 53191.54547073968846149 1.00000 7 
 fake.rf 1440.00000000 53201.52765654600151635 1.00000 7 
 fake.rf 1440.00000000 53211.54585589970976756 1.00000 7 
 fake.rf 1440.00000000 53221.51490506669061276 1.00000 7 
 fake.rf 1440.00000000 53231.46455407360268808 1.00000 7 
 fake.rf 1440.00000000 53241.46868864376121167 1.00000 7 
 fake.rf 1440.00000000 53251.43996931499247793 1.00000 7 
 fake.rf 1440.00000000 53261.39414797527066270 1.00000 7 
 fake.rf 1440.00000000 53271.36981329352797232 1.00000 7 
 fake.rf 1440.00000000 53281.29191826868624915 1.00000 7 
 fake.rf 1440.00000000 53291.26656480078910505 1.00000 7 
 fake.rf 1440.00000000 53301.26312625689077507 1.00000 7 
 fake.rf 1440.00000000 53311.21792756487828768 1.00000 7 
 fake.rf 1440.00000000 53321.19218156899551175 1.00000 7 
 fake.rf 1440.00000000 53331.19171499545441506 1.00000 7 
 fake.rf 1440.00000000 53341.17783588944862316 1.00000 7 
 fake.rf 1440.00000000 53351.14558527246515851 1.00000 7 
 fake.rf 1440.00000000 53361.09623892853723603 1.00000 7 
 fake.rf 1440.00000000 53371.07309695132903826 1.00000 7 
 fake.rf 1440.00000000 53381.07495734942267873 1.00000 7 
 fake.rf 1440.00000000 53391.05662604405025817 1.00000 7 
 fake.rf 1440.00000000 53401.03587878106322862 1.00000 7 
 fake.rf 1440.00000000 53411.00563251439682233 1.00000 7 
 fake.rf 1440.00000000 53420.93338158421205364 1.00000 7 
 fake.rf 1440.00000000 53430.92971132822352232 1.00000 7 
 fake.rf 1440.00000000 53440.90868442340124744 1.00000 7 
 fake.rf 1440.00000000 53450.87778705251625766 1.00000 7 
 fake.rf 1440.00000000 53460.87050248394393037 1.00000 7 
 fake.rf 1440.00000000 53470.81518322652788910 1.00000 7 
 fake.rf 1440.00000000 53480.74561497749725802 1.00000 7 
 fake.rf 1440.00000000 53490.74755432895361551 1.00000 7 
 fake.rf 1440.00000000 53500.74675909193060619 1.00000 7 
 fake.rf 1440.00000000 53510.68668097047058296 1.00000 7 
 fake.rf 1440.00000000 53520.65079073124793041 1.00000 7 
 fake.rf 1440.00000000 53530.64634895112483193 1.00000 7 
 fake.rf 1440.00000000 53540.64655751729745603 1.00000 7 
 fake.rf 1440.00000000 53550.55877280402853913 1.00000 7 
 fake.rf 1440.00000000 53560.55291610105349420 1.00000 7 
 fake.rf 1440.00000000 53570.53460764753567602 1.00000 7 
 fake.rf 1440.00000000 53580.53312589072479710 1.00000 7 
 fake.rf 1440.00000000 53590.47667848636609023 1.00000 7 
 fake.rf 1440.00000000 53600.46032093021085885 1.00000 7 
 fake.rf 1440.00000000 53610.39937162325959719 1.00000 7 
 fake.rf 1440.00000000 53620.40836318321643361 1.00000 7 
 fake.rf 1440.00000000 53630.39356395998124682 1.00000 7 
 fake.rf 1440.00000000 53640.35945242137623978 1.00000 7 
 fake.rf 1440.00000000 53650.29853585844389130 1.00000 7 
 fake.rf 1440.00000000 53660.27879036317037276 1.00000 7 
