FORMAT 1
 fake.rf 1440.00000000 50000.29048330138467549 1.00000 7 
 fake.rf 1440.00000000 50010.30032936732322568 1.00000 7 
 fake.rf 1440.00000000 50020.24063201717261862 1.00000 7 
 fake.rf 1440.00000000 50030.21204927615922387 1.00000 7 
 fake.rf 1440.00000000 50040.17531099174934894 1.00000 7 
 fake.rf 1440.00000000 50050.20751465550618775 1.00000 7 
 fake.rf 1440.00000000 50060.16873772357608274 1.00000 7 
 fake.rf 1440.00000000 50070.10534947915774495 1.00000 7 
 fake.rf 1440.00000000 50080.11891639371986074 1.00000 7 
 fake.rf 1440.00000000 50090.06859578125429877 1.00000 7 
 fake.rf 1440.00000000 50100.04767253407598204 1.00000 7 
 fake.rf 1440.00000000 50110.00774536944517124 1.00000 7 
 fake.rf 1440.00000000 50120.00244823387394177 1.00000 7 
 fake.rf 1440.00000000 50129.96275920148194416 1.00000 7 
 fake.rf 1440.00000000 50139.89888579992636153 1.00000 7 
 fake.rf 1440.00000000 50149.87458435464879614 1.00000 7 
 fake.rf 1440.00000000 50159.87065363822695119 1.00000 7 
 fake.rf 1440.00000000 50169.83655054464654910 1.00000 7 
 fake.rf 1440.00000000 50179.85722073043443103 1.00000 7 
 fake.rf 1440.00000000 50189.79113588136169355 1.00000 7 
 fake.rf 1440.00000000 50199.81305389058180211 1.00000 7 
 fake.rf 1440.00000000 50209.76686737474415523 1.00000 7 
 fake.rf 1440.00000000 50219.74836764908668130 1.00000 7 
 fake.rf 1440.00000000 50229.66548454459375606 1.00000 7 
 fake.rf 1440.00000000 50239.69213835535092727 1.00000 7 
 fake.rf 1440.00000000 50249.64447857096925176 1.00000 7 
 fake.rf 1440.00000000 50259.63977040416687103 1.00000 7 
 fake.rf 1440.00000000 50269.61421454023219013 1.00000 7 
 fake.rf 1440.00000000 50279.51273390390435480 1.00000 7 
 fake.rf 1440.00000000 50289.55048520795641664 1.00000 7 
 fake.rf 1440.00000000 50299.49862458973337809 1.00000 7 
 fake.rf 1440.00000000 50309.44413858840915665 1.00000 7 
 fake.rf 1440.00000000 50319.43570696103743956 1.00000 7 
 fake.rf 1440.00000000 50329.43478665140951378 1.00000 7 
 fake.rf 1440.00000000 50339.37902226448523280 1.00000 7 
 fake.rf 1440.00000000 50349.36115668536459467 1.00000 7 
 fake.rf 1440.00000000 50359.33641102759904840 1.00000 7 
 fake.rf 1440.00000000 50369.26917402960831893 1.00000 7 
 fake.rf 1440.00000000 50379.29855787658442168 1.00000 7 
 fake.rf 1440.00000000 50389.23135013821615047 1.00000 7 
 fake.rf 1440.00000000 50399.22443020437622963 1.00000 7 
 fake.rf 1440.00000000 50409.17686178646388484 1.00000 7 
 fake.rf 1440.00000000 50419.18036455885071945 1.00000 7 
 fake.rf 1440.00000000 50429.11211849998710832 1.00000 7 
 fake.rf 1440.00000000 50439.13549871862571194 1.00000 7 
 fake.rf 1440.00000000 50449.10243241963283012 1.00000 7 
 fake.rf 1440.00000000 50459.03718923297106258 1.00000 7 
 fake.rf 1440.00000000 50469.00060975181075307 1.00000 7 
 fake.rf 1440.00000000 50479.04407801501637465 1.00000 7 
 fake.rf 1440.00000000 50488.94347603511253553 1.00000 7 
 fake.rf 1440.00000000 50498.95144934101780265 1.00000 7 
 fake.rf 1440.00000000 50508.96080663826182189 1.00000 7 
 fake.rf 1440.00000000 50518.92465580048256868 1.00000 7 
 fake.rf 1440.00000000 50528.85810038002918887 1.00000 7 
 fake.rf 1440.00000000 50538.81187890583619549 1.00000 7 
 fake.rf 1440.00000000 50548.82968620074750277 1.00000 7 
 fake.rf 1440.00000000 50558.82610866751288015 1.00000 7 
 fake.rf 1440.00000000 50568.80248336539742837 1.00000 7 
 fake.rf 1440.00000000 50578.73870579917456070 1.00000 7 
 fake.rf 1440.00000000 50588.74428529186377190 1.00000 7 
 fake.rf 1440.00000000 50598.70238228842876893 1.00000 7 
 fake.rf 1440.00000000 50608.61404844289450011 1.00000 7 
 fake.rf 1440.00000000 50618.59244627493018243 1.00000 7 
 fake.rf 1440.00000000 50628.56941596334780442 1.00000 7 
 fake.rf 1440.00000000 50638.59079946496336078 1.00000 7 
 fake.rf 1440.00000000 50648.54073726105498565 1.00000 7 
 fake.rf 1440.00000000 50658.52714570636046076 1.00000 7 
 fake.rf 1440.00000000 50668.46775455619861361 1.00000 7 
 fake.rf 1440.00000000 50678.46109299955659822 1.00000 7 
 fake.rf 1440.00000000 50688.42085631035718762 1.00000 7 
 fake.rf 1440.00000000 50698.40489508020296583 1.00000 7 
 fake.rf 1440.00000000 50708.41861791695712469 1.00000 7 
 fake.rf 1440.00000000 50718.35811715352861384 1.00000 7 
 fake.rf 1440.00000000 50728.28962970158809043 1.00000 7 
 fake.rf 1440.00000000 50738.26241079992990990 1.00000 7 
 fake.rf 1440.00000000 50748.25259459918475002 1.00000 7 
 fake.rf 1440.00000000 50758.26167849615077543 1.00000 7 
 fake.rf 1440.00000000 50768.19652075893404231 1.00000 7 
 fake.rf 1440.00000000 50778.17742939470373642 1.00000 7 
 fake.rf 1440.00000000 50788.17395257183707713 1.00000 7 
 fake.rf 1440.00000000 50798.11883049707416760 1.00000 7 
 fake.rf 1440.00000000 50808.13501676727091194 1.00000 7 
 fake.rf 1440.00000000 50818.08486823893452566 1.00000 7 
 fake.rf 1440.00000000 50828.02089968711559820 1.00000 7 
 fake.rf 1440.00000000 50837.99783486836736301 1.00000 7 
 fake.rf 1440.00000000 50848.01210251902494974 1.00000 7 
 fake.rf 1440.00000000 50857.99324561438567827 1.00000 7 
 fake.rf 1440.00000000 50867.91057425799714764 1.00000 7 
 fake.rf 1440.00000000 50877.92852094773748561 1.00000 7 
 fake.rf 1440.00000000 50887.87319080460887122 1.00000 7 
 fake.rf 1440.00000000 50897.82340326043773615 1.00000 7 
 fake.rf 1440.00000000 50907.82675128017184107 1.00000 7 
 fake.rf 1440.00000000 50917.79372494898199264 1.00000 7 
 fake.rf 1440.00000000 50927.74963958536821451 1.00000 7 
 fake.rf 1440.00000000 50937.75726162481372228 1.00000 7 
 fake.rf 1440.00000000 50947.68958981151960330 1.00000 7 
 fake.rf 1440.00000000 50957.70607991005029191 1.00000 7 
 fake.rf 1440.00000000 50967.64408139032801870 1.00000 7 
 fake.rf 1440.00000000 50977.62765607750886687 1.00000 7 
 fake.rf 1440.00000000 50987.58145561084837283 1.00000 7 
 fake.rf 1440.00000000 50997.58985806167317634 1.00000 7 
 fake.rf 1440.00000000 51007.58477587253648622 1.00000 7 
 fake.rf 1440.00000000 51017.49626925045553705 1.00000 7 
 fake.rf 1440.00000000 51027.47147526119437799 1.00000 7 
 fake.rf 1440.00000000 51037.50854328441128871 1.00000 7 
 fake.rf 1440.00000000 51047.42012211798397558 1.00000 7 
 fake.rf 1440.00000000 51057.41281622982567612 1.00000 7 
 fake.rf 1440.00000000 51067.40293917062689033 1.00000 7 
 fake.rf 1440.00000000 51077.35999792545660014 1.00000 7 
 fake.rf 1440.00000000 51087.36090500210946885 1.00000 7 
 fake.rf 1440.00000000 51097.29152211965410402 1.00000 7 
 fake.rf 1440.00000000 51107.30409646212641661 1.00000 7 
 fake.rf 1440.00000000 51117.26516082710521971 1.00000 7 
 fake.rf 1440.00000000 51127.25626707479633026 1.00000 7 
 fake.rf 1440.00000000 51137.23217720651224383 1.00000 7 
 fake.rf 1440.00000000 51147.19748107423709271 1.00000 7 
 fake.rf 1440.00000000 51157.14682598081516929 1.00000 7 
 fake.rf 1440.00000000 51167.13118350902400877 1.00000 7 
 fake.rf 1440.00000000 51177.12445369572262877 1.00000 7 
 fake.rf 1440.00000000 51187.03571630458065300 1.00000 7 
 fake.rf 1440.00000000 51197.07538135828950843 1.00000 7 
 fake.rf 1440.00000000 51207.04616833858936786 1.00000 7 
 fake.rf 1440.00000000 51216.98808328739420759 1.00000 7 
 fake.rf 1440.00000000 51226.93869301813893102 1.00000 7 
 fake.rf 1440.00000000 51236.89269899281481813 1.00000 7 
 fake.rf 1440.00000000 51246.86954028974888686 1.00000 7 
 fake.rf 1440.00000000 51256.86311587229763020 1.00000 7 
 fake.rf 1440.00000000 51266.86091626323519321 1.00000 7 
 fake.rf 1440.00000000 51276.80306338865678484 1.00000 7 
 fake.rf 1440.00000000 51286.80751798813257025 1.00000 7 
 fake.rf 1440.00000000 51296.78642227181561708 1.00000 7 
 fake.rf 1440.00000000 51306.76427615738322530 1.00000 7 
 fake.rf 1440.00000000 51316.70761959318970824 1.00000 7 
 fake.rf 1440.00000000 51326.70865490408633747 1.00000 7 
 fake.rf 1440.00000000 51336.68901913393963810 1.00000 7 
 fake.rf 1440.00000000 51346.61340158039134707 1.00000 7 
 fake.rf 1440.00000000 51356.63665337599806904 1.00000 7 
 fake.rf 1440.00000000 51366.55368275961563285 1.00000 7 
 fake.rf 1440.00000000 51376.57882580686433371 1.00000 7 
 fake.rf 1440.00000000 51386.50310733568906940 1.00000 7 
 fake.rf 1440.00000000 51396.53168147196914006 1.00000 7 
 fake.rf 1440.00000000 51406.43141262262471614 1.00000 7 
 fake.rf 1440.00000000 51416.47890619626858566 1.00000 7 
 fake.rf 1440.00000000 51426.41251568143553996 1.00000 7 
 fake.rf 1440.00000000 51436.41399074924146717 1.00000 7 
 fake.rf 1440.00000000 51446.38136542585208133 1.00000 7 
 fake.rf 1440.00000000 51456.30758311643533887 1.00000 7 
 fake.rf 1440.00000000 51466.28570741615537898 1.00000 7 
 fake.rf 1440.00000000 51476.26474399150823658 1.00000 7 
 fake.rf 1440.00000000 51486.21153619204635632 1.00000 7 
 fake.rf 1440.00000000 51496.21156076734229501 1.00000 7 
 fake.rf 1440.00000000 51506.17423338408271505 1.00000 7 
 fake.rf 1440.00000000 51516.20245025913216352 1.00000 7 
 fake.rf 1440.00000000 51526.17169408530701702 1.00000 7 
 fake.rf 1440.00000000 51536.11228078183464163 1.00000 7 
 fake.rf 1440.00000000 51546.12180794889100355 1.00000 7 
 fake.rf 1440.00000000 51556.09519743696911220 1.00000 7 
 fake.rf 1440.00000000 51566.05666404052232465 1.00000 7 
 fake.rf 1440.00000000 51576.00796259912924668 1.00000 7 
 fake.rf 1440.00000000 51585.95080352808592039 1.00000 7 
 fake.rf 1440.00000000 51595.94402908638190297 1.00000 7 
 fake.rf 1440.00000000 51605.90153622110705456 1.00000 7 
 fake.rf 1440.00000000 51615.93286873450042052 1.00000 7 
 fake.rf 1440.00000000 51625.89674204027403093 1.00000 7 
 fake.rf 1440.00000000 51635.79925550654012056 1.00000 7 
 fake.rf 1440.00000000 51645.83825657535429343 1.00000 7 
 fake.rf 1440.00000000 51655.75381664988542596 1.00000 7 
 fake.rf 1440.00000000 51665.79021958877597243 1.00000 7 
 fake.rf 1440.00000000 51675.69022105525193922 1.00000 7 
 fake.rf 1440.00000000 51685.74156183851847146 1.00000 7 
 fake.rf 1440.00000000 51695.64621730755600737 1.00000 7 
 fake.rf 1440.00000000 51705.68543056033951544 1.00000 7 
 fake.rf 1440.00000000 51715.66380682305423377 1.00000 7 
 fake.rf 1440.00000000 51725.55992687435939459 1.00000 7 
 fake.rf 1440.00000000 51735.56005395441719230 1.00000 7 
 fake.rf 1440.00000000 51745.56720960181317892 1.00000 7 
 fake.rf 1440.00000000 51755.54134201021684802 1.00000 7 
 fake.rf 1440.00000000 51765.49499111677297236 1.00000 7 
 fake.rf 1440.00000000 51775.42424207721247242 1.00000 7 
 fake.rf 1440.00000000 51785.40471536259638086 1.00000 7 
 fake.rf 1440.00000000 51795.41579435193765946 1.00000 7 
 fake.rf 1440.00000000 51805.37237420488305162 1.00000 7 
 fake.rf 1440.00000000 51815.34282447351029077 1.00000 7 
 fake.rf 1440.00000000 51825.32609131063343710 1.00000 7 
 fake.rf 1440.00000000 51835.27921933514467412 1.00000 7 
 fake.rf 1440.00000000 51845.30089396706589255 1.00000 7 
 fake.rf 1440.00000000 51855.23765896444125900 1.00000 7 
 fake.rf 1440.00000000 51865.19148080316754701 1.00000 7 
 fake.rf 1440.00000000 51875.20192637724592544 1.00000 7 
 fake.rf 1440.00000000 51885.11729425660921322 1.00000 7 
 fake.rf 1440.00000000 51895.12459471265526290 1.00000 7 
 fake.rf 1440.00000000 51905.07223682687884292 1.00000 7 
 fake.rf 1440.00000000 51915.05574953082766498 1.00000 7 
 fake.rf 1440.00000000 51925.03835346584418176 1.00000 7 
 fake.rf 1440.00000000 51935.06050655055175724 1.00000 7 
 fake.rf 1440.00000000 51944.97383705174526014 1.00000 7 
 fake.rf 1440.00000000 51954.93941307951058661 1.00000 7 
 fake.rf 1440.00000000 51964.90443058463476333 1.00000 7 
 fake.rf 1440.00000000 51974.88146835234809018 1.00000 7 
 fake.rf 1440.00000000 51984.85768351496452411 1.00000 7 
 fake.rf 1440.00000000 51994.81801278251646181 1.00000 7 
 fake.rf 1440.00000000 52004.81034370919755361 1.00000 7 
 fake.rf 1440.00000000 52014.76974309655799189 1.00000 7 
 fake.rf 1440.00000000 52024.73575298710060011 1.00000 7 
 fake.rf 1440.00000000 52034.73484159998287168 1.00000 7 
 fake.rf 1440.00000000 52044.72167241367925072 1.00000 7 
 fake.rf 1440.00000000 52054.72214230491463027 1.00000 7 
 fake.rf 1440.00000000 52064.63933432500905241 1.00000 7 
 fake.rf 1440.00000000 52074.60711856870877412 1.00000 7 
 fake.rf 1440.00000000 52084.64747708198702725 1.00000 7 
 fake.rf 1440.00000000 52094.57244672254970297 1.00000 7 
 fake.rf 1440.00000000 52104.57861428458582154 1.00000 7 
 fake.rf 1440.00000000 52114.51952365310548032 1.00000 7 
 fake.rf 1440.00000000 52124.52558121749695985 1.00000 7 
 fake.rf 1440.00000000 52134.45898664025732216 1.00000 7 
 fake.rf 1440.00000000 52144.46366169890590214 1.00000 7 
 fake.rf 1440.00000000 52154.43536487353598474 1.00000 7 
 fake.rf 1440.00000000 52164.41617296441638274 1.00000 7 
 fake.rf 1440.00000000 52174.40197422594352972 1.00000 7 
 fake.rf 1440.00000000 52184.32809395699770860 1.00000 7 
 fake.rf 1440.00000000 52194.33490760724892965 1.00000 7 
 fake.rf 1440.00000000 52204.27198028881209169 1.00000 7 
 fake.rf 1440.00000000 52214.25637981378700658 1.00000 7 
 fake.rf 1440.00000000 52224.19067715179944855 1.00000 7 
 fake.rf 1440.00000000 52234.22099146302915074 1.00000 7 
 fake.rf 1440.00000000 52244.17151505377717058 1.00000 7 
 fake.rf 1440.00000000 52254.12978059686976096 1.00000 7 
 fake.rf 1440.00000000 52264.15297525192477224 1.00000 7 
 fake.rf 1440.00000000 52274.09582067685350992 1.00000 7 
 fake.rf 1440.00000000 52284.05842830576891345 1.00000 7 
 fake.rf 1440.00000000 52294.00180912517084053 1.00000 7 
 fake.rf 1440.00000000 52304.01562149984506078 1.00000 7 
 fake.rf 1440.00000000 52313.99786438484510498 1.00000 7 
 fake.rf 1440.00000000 52323.92794893608242646 1.00000 7 
 fake.rf 1440.00000000 52333.93507553740230165 1.00000 7 
 fake.rf 1440.00000000 52343.94371135492497160 1.00000 7 
 fake.rf 1440.00000000 52353.88793105031401964 1.00000 7 
 fake.rf 1440.00000000 52363.83949853023770871 1.00000 7 
 fake.rf 1440.00000000 52373.79263070579500905 1.00000 7 
 fake.rf 1440.00000000 52383.81527232377088055 1.00000 7 
 fake.rf 1440.00000000 52393.75116931220322769 1.00000 7 
 fake.rf 1440.00000000 52403.73990877300952818 1.00000 7 
 fake.rf 1440.00000000 52413.71268898908479272 1.00000 7 
 fake.rf 1440.00000000 52423.70013300545016932 1.00000 7 
 fake.rf 1440.00000000 52433.63890103272583332 1.00000 7 
 fake.rf 1440.00000000 52443.65572431335015580 1.00000 7 
 fake.rf 1440.00000000 52453.59181440467260771 1.00000 7 
 fake.rf 1440.00000000 52463.61292328133963281 1.00000 7 
 fake.rf 1440.00000000 52473.55452567002716791 1.00000 7 
 fake.rf 1440.00000000 52483.50372131959011313 1.00000 7 
 fake.rf 1440.00000000 52493.47825425795505083 1.00000 7 
 fake.rf 1440.00000000 52503.45397461663327832 1.00000 7 
 fake.rf 1440.00000000 52513.45088066017550332 1.00000 7 
 fake.rf 1440.00000000 52523.43711742451766256 1.00000 7 
 fake.rf 1440.00000000 52533.37443947665076749 1.00000 7 
 fake.rf 1440.00000000 52543.34563081426447795 1.00000 7 
 fake.rf 1440.00000000 52553.30969552246945042 1.00000 7 
 fake.rf 1440.00000000 52563.31592076341873820 1.00000 7 
 fake.rf 1440.00000000 52573.25427776178115380 1.00000 7 
 fake.rf 1440.00000000 52583.27182558137834789 1.00000 7 
 fake.rf 1440.00000000 52593.18462944989144958 1.00000 7 
 fake.rf 1440.00000000 52603.17700492540219415 1.00000 7 
 fake.rf 1440.00000000 52613.15233611065232466 1.00000 7 
 fake.rf 1440.00000000 52623.15802052623930507 1.00000 7 
 fake.rf 1440.00000000 52633.10778489676310343 1.00000 7 
 fake.rf 1440.00000000 52643.11754701558679059 1.00000 7 
 fake.rf 1440.00000000 52653.07583822060542644 1.00000 7 
 fake.rf 1440.00000000 52662.99712665725308014 1.00000 7 
 fake.rf 1440.00000000 52672.98576056361437026 1.00000 7 
 fake.rf 1440.00000000 52683.00782162545426601 1.00000 7 
 fake.rf 1440.00000000 52692.97905599602425752 1.00000 7 
 fake.rf 1440.00000000 52702.93089123989915024 1.00000 7 
 fake.rf 1440.00000000 52712.88566277310009411 1.00000 7 
 fake.rf 1440.00000000 52722.85698168387948215 1.00000 7 
 fake.rf 1440.00000000 52732.82356526795044260 1.00000 7 
 fake.rf 1440.00000000 52742.82774248976545195 1.00000 7 
 fake.rf 1440.00000000 52752.75985569843845724 1.00000 7 
 fake.rf 1440.00000000 52762.77316703407971588 1.00000 7 
 fake.rf 1440.00000000 52772.74242412784171918 1.00000 7 
 fake.rf 1440.00000000 52782.72677740268606783 1.00000 7 
 fake.rf 1440.00000000 52792.63325536983096242 1.00000 7 
 fake.rf 1440.00000000 52802.68768309504230274 1.00000 7 
 fake.rf 1440.00000000 52812.59172770791600726 1.00000 7 
 fake.rf 1440.00000000 52822.60574939728933686 1.00000 7 
 fake.rf 1440.00000000 52832.59038489724060383 1.00000 7 
 fake.rf 1440.00000000 52842.54238921943401763 1.00000 7 
 fake.rf 1440.00000000 52852.47157323217489377 1.00000 7 
 fake.rf 1440.00000000 52862.44757778708789431 1.00000 7 
 fake.rf 1440.00000000 52872.43311169983043740 1.00000 7 
 fake.rf 1440.00000000 52882.41129035778455147 1.00000 7 
 fake.rf 1440.00000000 52892.43214703861458759 1.00000 7 
 fake.rf 1440.00000000 52902.35778915779661347 1.00000 7 
 fake.rf 1440.00000000 52912.35564765052338743 1.00000 7 
 fake.rf 1440.00000000 52922.29580651714364947 1.00000 7 
 fake.rf 1440.00000000 52932.25443737303484681 1.00000 7 
 fake.rf 1440.00000000 52942.22936457428927781 1.00000 7 
 fake.rf 1440.00000000 52952.20658989202452105 1.00000 7 
 fake.rf 1440.00000000 52962.23414961848528293 1.00000 7 
 fake.rf 1440.00000000 52972.15766957718421537 1.00000 7 
 fake.rf 1440.00000000 52982.15083314058471231 1.00000 7 
 fake.rf 1440.00000000 52992.14442493524165201 1.00000 7 
 fake.rf 1440.00000000 53002.06648360171526235 1.00000 7 
 fake.rf 1440.00000000 53012.03878672170385755 1.00000 7 
 fake.rf 1440.00000000 53022.01445439691121564 1.00000 7 
 fake.rf 1440.00000000 53032.01846965601385975 1.00000 7 
 fake.rf 1440.00000000 53041.98466068693704401 1.00000 7 
 fake.rf 1440.00000000 53051.99180991716102440 1.00000 7 
 fake.rf 1440.00000000 53061.95524270771815267 1.00000 7 
 fake.rf 1440.00000000 53071.87871606804141322 1.00000 7 
 fake.rf 1440.00000000 53081.88242674636559570 1.00000 7 
 fake.rf 1440.00000000 53091.85751712656623624 1.00000 7 
 fake.rf 1440.00000000 53101.79810613094604221 1.00000 7 
 fake.rf 1440.00000000 53111.80021553741043405 1.00000 7 
 fake.rf 1440.00000000 53121.78998819746703930 1.00000 7 
 fake.rf 1440.00000000 53131.77190321714705235 1.00000 7 
 fake.rf 1440.00000000 53141.70261911553464174 1.00000 7 
 fake.rf 1440.00000000 53151.67170046407989048 1.00000 7 
 fake.rf 1440.00000000 53161.69343713382577832 1.00000 7 
 fake.rf 1440.00000000 53171.62746190884974595 1.00000 7 
 fake.rf 1440.00000000 53181.60938149708491096 1.00000 7 
 fake.rf 1440.00000000 53191.55326784302079801 1.00000 7 
 fake.rf 1440.00000000 53201.53545365359094887 1.00000 7 
 fake.rf 1440.00000000 53211.55365301138291301 1.00000 7 
 fake.rf 1440.00000000 53221.52270218524276757 1.00000 7 
 fake.rf 1440.00000000 53231.47235118615509819 1.00000 7 
 fake.rf 1440.00000000 53241.47648574784483344 1.00000 7 
 fake.rf 1440.00000000 53251.44776645132565207 1.00000 7 
 fake.rf 1440.00000000 53261.40194508946977336 1.00000 7 
 fake.rf 1440.00000000 53271.37761040154468617 1.00000 7 
 fake.rf 1440.00000000 53281.29971536796066545 1.00000 7 
 fake.rf 1440.00000000 53291.27436192715284591 1.00000 7 
 fake.rf 1440.00000000 53301.27092337050786597 1.00000 7 
 fake.rf 1440.00000000 53311.22572466740740538 1.00000 7 
 fake.rf 1440.00000000 53321.19997867434039662 1.00000 7 
 fake.rf 1440.00000000 53331.19951210708281764 1.00000 7 
 fake.rf 1440.00000000 53341.18563300082341527 1.00000 7 
 fake.rf 1440.00000000 53351.15338239439065404 1.00000 7 
 fake.rf 1440.00000000 53361.10403605136237815 1.00000 7 
 fake.rf 1440.00000000 53371.08089407455968001 1.00000 7 
 fake.rf 1440.00000000 53381.08275446389787788 1.00000 7 
 fake.rf 1440.00000000 53391.06442315075876692 1.00000 7 
 fake.rf 1440.00000000 53401.04367590509674102 1.00000 7 
 fake.rf 1440.00000000 53411.01342963080613302 1.00000 7 
 fake.rf 1440.00000000 53420.94117870568182127 1.00000 7 
 fake.rf 1440.00000000 53430.93750844805366285 1.00000 7 
 fake.rf 1440.00000000 53440.91648151768203689 1.00000 7 
 fake.rf 1440.00000000 53450.88558416555932951 1.00000 7 
 fake.rf 1440.00000000 53460.87829959451170225 1.00000 7 
 fake.rf 1440.00000000 53470.82298034278533905 1.00000 7 
 fake.rf 1440.00000000 53480.75341209716986768 1.00000 7 
 fake.rf 1440.00000000 53490.75535145135088300 1.00000 7 
 fake.rf 1440.00000000 53500.75455620375961985 1.00000 7 
 fake.rf 1440.00000000 53510.69447809085097489 1.00000 7 
 fake.rf 1440.00000000 53520.65858782634230550 1.00000 7 
 fake.rf 1440.00000000 53530.65414606868809955 1.00000 7 
 fake.rf 1440.00000000 53540.65435463377537317 1.00000 7 
 fake.rf 1440.00000000 53550.56656993771504816 1.00000 7 
 fake.rf 1440.00000000 53560.56071320183783158 1.00000 7 
 fake.rf 1440.00000000 53570.54240475645514508 1.00000 7 
 fake.rf 1440.00000000 53580.54092302882929744 1.00000 7 
 fake.rf 1440.00000000 53590.48447559901248383 1.00000 7 
 fake.rf 1440.00000000 53600.46811802821450854 1.00000 7 
 fake.rf 1440.00000000 53610.40716873575941293 1.00000 7 
 fake.rf 1440.00000000 53620.41616028650047099 1.00000 7 
 fake.rf 1440.00000000 53630.40136106624936119 1.00000 7 
 fake.rf 1440.00000000 53640.36724952006875711 1.00000 7 
 fake.rf 1440.00000000 53650.30633298957610933 1.00000 7 
 fake.rf 1440.00000000 53660.28658748425322855 1.00000 7 
