FORMAT 1
 fake.rf 1440.00000000 50000.30434353291247263 1.00000 7 
 fake.rf 1440.00000000 50010.31418958798829166 1.00000 7 
 fake.rf 1440.00000000 50020.25449222624694912 1.00000 7 
 fake.rf 1440.00000000 50030.22590949673930893 1.00000 7 
 fake.rf 1440.00000000 50040.18917120974488100 1.00000 7 
 fake.rf 1440.00000000 50050.22137491097085871 1.00000 7 
 fake.rf 1440.00000000 50060.18259793583792572 1.00000 7 
 fake.rf 1440.00000000 50070.11920970762707483 1.00000 7 
 fake.rf 1440.00000000 50080.13277662511644550 1.00000 7 
 fake.rf 1440.00000000 50090.08245601083437037 1.00000 7 
 fake.rf 1440.00000000 50100.06153275484897947 1.00000 7 
 fake.rf 1440.00000000 50110.02160558638083643 1.00000 7 
 fake.rf 1440.00000000 50120.01630846457437229 1.00000 7 
 fake.rf 1440.00000000 50129.97661942366234911 1.00000 7 
 fake.rf 1440.00000000 50139.91274602460840271 1.00000 7 
 fake.rf 1440.00000000 50149.88844458159193707 1.00000 7 
 fake.rf 1440.00000000 50159.88451386242365970 1.00000 7 
 fake.rf 1440.00000000 50169.85041078071488485 1.00000 7 
 fake.rf 1440.00000000 50179.87108096393221501 1.00000 7 
 fake.rf 1440.00000000 50189.80499610615557771 1.00000 7 
 fake.rf 1440.00000000 50199.82691411351110844 1.00000 7 
 fake.rf 1440.00000000 50209.78072760675689068 1.00000 7 
 fake.rf 1440.00000000 50219.76222788040361067 1.00000 7 
 fake.rf 1440.00000000 50229.67934479690893568 1.00000 7 
 fake.rf 1440.00000000 50239.70599860112422874 1.00000 7 
 fake.rf 1440.00000000 50249.65833881149936246 1.00000 7 
 fake.rf 1440.00000000 50259.65363065495420969 1.00000 7 
 fake.rf 1440.00000000 50269.62807479301074309 1.00000 7 
 fake.rf 1440.00000000 50279.52659414302484464 1.00000 7 
 fake.rf 1440.00000000 50289.56434542027769652 1.00000 7 
 fake.rf 1440.00000000 50299.51248480764812854 1.00000 7 
 fake.rf 1440.00000000 50309.45799882701220085 1.00000 7 
 fake.rf 1440.00000000 50319.44956721363649876 1.00000 7 
 fake.rf 1440.00000000 50329.44864688107095674 1.00000 7 
 fake.rf 1440.00000000 50339.39288250553528670 1.00000 7 
 fake.rf 1440.00000000 50349.37501691411959470 1.00000 7 
 fake.rf 1440.00000000 50359.35027126656613206 1.00000 7 
 fake.rf 1440.00000000 50369.28303426180000102 1.00000 7 
 fake.rf 1440.00000000 50379.31241813499327975 1.00000 7 
 fake.rf 1440.00000000 50389.24521036067028135 1.00000 7 
 fake.rf 1440.00000000 50399.23829044859638415 1.00000 7 
 fake.rf 1440.00000000 50409.19072201909670383 1.00000 7 
 fake.rf 1440.00000000 50419.19422480324414693 1.00000 7 
 fake.rf 1440.00000000 50429.12597874531552122 1.00000 7 
 fake.rf 1440.00000000 50439.14935895059344517 1.00000 7 
 fake.rf 1440.00000000 50449.11629264293292252 1.00000 7 
 fake.rf 1440.00000000 50459.05104945643178738 1.00000 7 
 fake.rf 1440.00000000 50469.01446997086786439 1.00000 7 
 fake.rf 1440.00000000 50479.05793825208997561 1.00000 7 
 fake.rf 1440.00000000 50488.95733626711920650 1.00000 7 
 fake.rf 1440.00000000 50498.96530958440681403 1.00000 7 
 fake.rf 1440.00000000 50508.97466686644526490 1.00000 7 
 fake.rf 1440.00000000 50518.93851601808700025 1.00000 7 
 fake.rf 1440.00000000 50528.87196061309111172 1.00000 7 
 fake.rf 1440.00000000 50538.82573914183822339 1.00000 7 
 fake.rf 1440.00000000 50548.84354644211681418 1.00000 7 
 fake.rf 1440.00000000 50558.83996890230218213 1.00000 7 
 fake.rf 1440.00000000 50568.81634359372104726 1.00000 7 
 fake.rf 1440.00000000 50578.75256604224174239 1.00000 7 
 fake.rf 1440.00000000 50588.75814553832489651 1.00000 7 
 fake.rf 1440.00000000 50598.71624250339745998 1.00000 7 
 fake.rf 1440.00000000 50608.62790868880599504 1.00000 7 
 fake.rf 1440.00000000 50618.60630651986063810 1.00000 7 
 fake.rf 1440.00000000 50628.58327620830339200 1.00000 7 
 fake.rf 1440.00000000 50638.60465970681292802 1.00000 7 
 fake.rf 1440.00000000 50648.55459746875190419 1.00000 7 
 fake.rf 1440.00000000 50658.54100593602413127 1.00000 7 
 fake.rf 1440.00000000 50668.48161477761076554 1.00000 7 
 fake.rf 1440.00000000 50678.47495325229794005 1.00000 7 
 fake.rf 1440.00000000 50688.43471654488423539 1.00000 7 
 fake.rf 1440.00000000 50698.41875530337915379 1.00000 7 
 fake.rf 1440.00000000 50708.43247814179735045 1.00000 7 
 fake.rf 1440.00000000 50718.37197738929157609 1.00000 7 
 fake.rf 1440.00000000 50728.30348991215524279 1.00000 7 
 fake.rf 1440.00000000 50738.27627102717568519 1.00000 7 
 fake.rf 1440.00000000 50748.26645480368246055 1.00000 7 
 fake.rf 1440.00000000 50758.27553872760142184 1.00000 7 
 fake.rf 1440.00000000 50768.21038097981855586 1.00000 7 
 fake.rf 1440.00000000 50778.19128960104152526 1.00000 7 
 fake.rf 1440.00000000 50788.18781279372553428 1.00000 7 
 fake.rf 1440.00000000 50798.13269072542949090 1.00000 7 
 fake.rf 1440.00000000 50808.14887701942210896 1.00000 7 
 fake.rf 1440.00000000 50818.09872849333656220 1.00000 7 
 fake.rf 1440.00000000 50828.03475989580549310 1.00000 7 
 fake.rf 1440.00000000 50838.01169508337229175 1.00000 7 
 fake.rf 1440.00000000 50848.02596277195989671 1.00000 7 
 fake.rf 1440.00000000 50858.00710585194965319 1.00000 7 
 fake.rf 1440.00000000 50867.92443447362571618 1.00000 7 
 fake.rf 1440.00000000 50877.94238117283778067 1.00000 7 
 fake.rf 1440.00000000 50887.88705104250417932 1.00000 7 
 fake.rf 1440.00000000 50897.83726347775390764 1.00000 7 
 fake.rf 1440.00000000 50907.84061149742191432 1.00000 7 
 fake.rf 1440.00000000 50917.80758519341986812 1.00000 7 
 fake.rf 1440.00000000 50927.76349983753027217 1.00000 7 
 fake.rf 1440.00000000 50937.77112184765910996 1.00000 7 
 fake.rf 1440.00000000 50947.70345003776472126 1.00000 7 
 fake.rf 1440.00000000 50957.71994012177464128 1.00000 7 
 fake.rf 1440.00000000 50967.65794163108641612 1.00000 7 
 fake.rf 1440.00000000 50977.64151631183629831 1.00000 7 
 fake.rf 1440.00000000 50987.59531585475322402 1.00000 7 
 fake.rf 1440.00000000 50997.60371829806459587 1.00000 7 
 fake.rf 1440.00000000 51007.59863611879862688 1.00000 7 
 fake.rf 1440.00000000 51017.51012949703901356 1.00000 7 
 fake.rf 1440.00000000 51027.48533549090504735 1.00000 7 
 fake.rf 1440.00000000 51037.52240353408791051 1.00000 7 
 fake.rf 1440.00000000 51047.43398232507711043 1.00000 7 
 fake.rf 1440.00000000 51057.42667646578920326 1.00000 7 
 fake.rf 1440.00000000 51067.41679941430147238 1.00000 7 
 fake.rf 1440.00000000 51077.37385815204413575 1.00000 7 
 fake.rf 1440.00000000 51087.37476522634838716 1.00000 7 
 fake.rf 1440.00000000 51097.30538234802559217 1.00000 7 
 fake.rf 1440.00000000 51107.31795670673222531 1.00000 7 
 fake.rf 1440.00000000 51117.27902104739111877 1.00000 7 
 fake.rf 1440.00000000 51127.27012730380034000 1.00000 7 
 fake.rf 1440.00000000 51137.24603741251853606 1.00000 7 
 fake.rf 1440.00000000 51147.21134131321095495 1.00000 7 
 fake.rf 1440.00000000 51157.16068618925167044 1.00000 7 
 fake.rf 1440.00000000 51167.14504376676302400 1.00000 7 
 fake.rf 1440.00000000 51177.13831394411357678 1.00000 7 
 fake.rf 1440.00000000 51187.04957650866224128 1.00000 7 
 fake.rf 1440.00000000 51197.08924157082379125 1.00000 7 
 fake.rf 1440.00000000 51207.06002859552626205 1.00000 7 
 fake.rf 1440.00000000 51217.00194353269735359 1.00000 7 
 fake.rf 1440.00000000 51226.95255325569169003 1.00000 7 
 fake.rf 1440.00000000 51236.90655923527521054 1.00000 7 
 fake.rf 1440.00000000 51246.88340053234952620 1.00000 7 
 fake.rf 1440.00000000 51256.87697610074282650 1.00000 7 
 fake.rf 1440.00000000 51266.87477647994209207 1.00000 7 
 fake.rf 1440.00000000 51276.81692361635560928 1.00000 7 
 fake.rf 1440.00000000 51286.82137822987112230 1.00000 7 
 fake.rf 1440.00000000 51296.80028247341193648 1.00000 7 
 fake.rf 1440.00000000 51306.77813638927990780 1.00000 7 
 fake.rf 1440.00000000 51316.72147982081241224 1.00000 7 
 fake.rf 1440.00000000 51326.72251512870466428 1.00000 7 
 fake.rf 1440.00000000 51336.70287937366441966 1.00000 7 
 fake.rf 1440.00000000 51346.62726180993884029 1.00000 7 
 fake.rf 1440.00000000 51356.65051359988175150 1.00000 7 
 fake.rf 1440.00000000 51366.56754297284206956 1.00000 7 
 fake.rf 1440.00000000 51376.59268602060643616 1.00000 7 
 fake.rf 1440.00000000 51386.51696756916504327 1.00000 7 
 fake.rf 1440.00000000 51396.54554170167664395 1.00000 7 
 fake.rf 1440.00000000 51406.44527284663491429 1.00000 7 
 fake.rf 1440.00000000 51416.49276643901653117 1.00000 7 
 fake.rf 1440.00000000 51426.42637590510956969 1.00000 7 
 fake.rf 1440.00000000 51436.42785098510218234 1.00000 7 
 fake.rf 1440.00000000 51446.39522565080827476 1.00000 7 
 fake.rf 1440.00000000 51456.32144334059428914 1.00000 7 
 fake.rf 1440.00000000 51466.29956764118799839 1.00000 7 
 fake.rf 1440.00000000 51476.27860421599725527 1.00000 7 
 fake.rf 1440.00000000 51486.22539641538573463 1.00000 7 
 fake.rf 1440.00000000 51496.22542098018835333 1.00000 7 
 fake.rf 1440.00000000 51506.18809360631320260 1.00000 7 
 fake.rf 1440.00000000 51516.21631048155190413 1.00000 7 
 fake.rf 1440.00000000 51526.18555431252120513 1.00000 7 
 fake.rf 1440.00000000 51536.12614103823682044 1.00000 7 
 fake.rf 1440.00000000 51546.13566818847131756 1.00000 7 
 fake.rf 1440.00000000 51556.10905764521271166 1.00000 7 
 fake.rf 1440.00000000 51566.07052425875953361 1.00000 7 
 fake.rf 1440.00000000 51576.02182283402106933 1.00000 7 
 fake.rf 1440.00000000 51585.96466375606259191 1.00000 7 
 fake.rf 1440.00000000 51595.95788930295040942 1.00000 7 
 fake.rf 1440.00000000 51605.91539645662076197 1.00000 7 
 fake.rf 1440.00000000 51615.94672894051749523 1.00000 7 
 fake.rf 1440.00000000 51625.91060227388859971 1.00000 7 
 fake.rf 1440.00000000 51635.81311573621367472 1.00000 7 
 fake.rf 1440.00000000 51645.85211680210825591 1.00000 7 
 fake.rf 1440.00000000 51655.76767688530063438 1.00000 7 
 fake.rf 1440.00000000 51665.80407982708328518 1.00000 7 
 fake.rf 1440.00000000 51675.70408128814991144 1.00000 7 
 fake.rf 1440.00000000 51685.75542206544679402 1.00000 7 
 fake.rf 1440.00000000 51695.66007753020680937 1.00000 7 
 fake.rf 1440.00000000 51705.69929077500487224 1.00000 7 
 fake.rf 1440.00000000 51715.67766707110143898 1.00000 7 
 fake.rf 1440.00000000 51725.57378708741816098 1.00000 7 
 fake.rf 1440.00000000 51735.57391419831882473 1.00000 7 
 fake.rf 1440.00000000 51745.58106983515223831 1.00000 7 
 fake.rf 1440.00000000 51755.55520225257864197 1.00000 7 
 fake.rf 1440.00000000 51765.50885132309441872 1.00000 7 
 fake.rf 1440.00000000 51775.43810231634691377 1.00000 7 
 fake.rf 1440.00000000 51785.41857559536964217 1.00000 7 
 fake.rf 1440.00000000 51795.42965459421712282 1.00000 7 
 fake.rf 1440.00000000 51805.38623443572441118 1.00000 7 
 fake.rf 1440.00000000 51815.35668471071960894 1.00000 7 
 fake.rf 1440.00000000 51825.33995153714765536 1.00000 7 
 fake.rf 1440.00000000 51835.29307958878861484 1.00000 7 
 fake.rf 1440.00000000 51845.31475420544392563 1.00000 7 
 fake.rf 1440.00000000 51855.25151919589858451 1.00000 7 
 fake.rf 1440.00000000 51865.20534104092782712 1.00000 7 
 fake.rf 1440.00000000 51875.21578658560231290 1.00000 7 
 fake.rf 1440.00000000 51885.13115450189058109 1.00000 7 
 fake.rf 1440.00000000 51895.13845492069241416 1.00000 7 
 fake.rf 1440.00000000 51905.08609706864746514 1.00000 7 
 fake.rf 1440.00000000 51915.06960973669703208 1.00000 7 
 fake.rf 1440.00000000 51925.05221368558480677 1.00000 7 
 fake.rf 1440.00000000 51935.07436680520086725 1.00000 7 
 fake.rf 1440.00000000 51944.98769727889335357 1.00000 7 
 fake.rf 1440.00000000 51954.95327333317348462 1.00000 7 
 fake.rf 1440.00000000 51964.91829080212275827 1.00000 7 
 fake.rf 1440.00000000 51974.89532859612570093 1.00000 7 
 fake.rf 1440.00000000 51984.87154373623788928 1.00000 7 
 fake.rf 1440.00000000 51994.83187303555887482 1.00000 7 
 fake.rf 1440.00000000 52004.82420391477205612 1.00000 7 
 fake.rf 1440.00000000 52014.78360332883883999 1.00000 7 
 fake.rf 1440.00000000 52024.74961323518749623 1.00000 7 
 fake.rf 1440.00000000 52034.74870185562425817 1.00000 7 
 fake.rf 1440.00000000 52044.73553263960266690 1.00000 7 
 fake.rf 1440.00000000 52054.73600253323083820 1.00000 7 
 fake.rf 1440.00000000 52064.65319455947848226 1.00000 7 
 fake.rf 1440.00000000 52074.62097879238235976 1.00000 7 
 fake.rf 1440.00000000 52084.66133729363714977 1.00000 7 
 fake.rf 1440.00000000 52094.58630696560998530 1.00000 7 
 fake.rf 1440.00000000 52104.59247453526827698 1.00000 7 
 fake.rf 1440.00000000 52114.53338389338563985 1.00000 7 
 fake.rf 1440.00000000 52124.53944146540498750 1.00000 7 
 fake.rf 1440.00000000 52134.47284686691767419 1.00000 7 
 fake.rf 1440.00000000 52144.47752194316632313 1.00000 7 
 fake.rf 1440.00000000 52154.44922511769411955 1.00000 7 
 fake.rf 1440.00000000 52164.43003322269121469 1.00000 7 
 fake.rf 1440.00000000 52174.41583443566798195 1.00000 7 
 fake.rf 1440.00000000 52184.34195416709446391 1.00000 7 
 fake.rf 1440.00000000 52194.34876783134486899 1.00000 7 
 fake.rf 1440.00000000 52204.28584052660617587 1.00000 7 
 fake.rf 1440.00000000 52214.27024005207714552 1.00000 7 
 fake.rf 1440.00000000 52224.20453738006098732 1.00000 7 
 fake.rf 1440.00000000 52234.23485168176270577 1.00000 7 
 fake.rf 1440.00000000 52244.18537531109065952 1.00000 7 
 fake.rf 1440.00000000 52254.14364083506151104 1.00000 7 
 fake.rf 1440.00000000 52264.16683548890319599 1.00000 7 
 fake.rf 1440.00000000 52274.10968091366121158 1.00000 7 
 fake.rf 1440.00000000 52284.07228855479758778 1.00000 7 
 fake.rf 1440.00000000 52294.01566935777753287 1.00000 7 
 fake.rf 1440.00000000 52304.02948173240120866 1.00000 7 
 fake.rf 1440.00000000 52314.01172462508935368 1.00000 7 
 fake.rf 1440.00000000 52323.94180915293696899 1.00000 7 
 fake.rf 1440.00000000 52333.94893576167885740 1.00000 7 
 fake.rf 1440.00000000 52343.95757159547911286 1.00000 7 
 fake.rf 1440.00000000 52353.90179128663640640 1.00000 7 
 fake.rf 1440.00000000 52363.85335876913538300 1.00000 7 
 fake.rf 1440.00000000 52373.80649094892178397 1.00000 7 
 fake.rf 1440.00000000 52383.82913256645483457 1.00000 7 
 fake.rf 1440.00000000 52393.76502953795002782 1.00000 7 
 fake.rf 1440.00000000 52403.75376902406340207 1.00000 7 
 fake.rf 1440.00000000 52413.72654921435813336 1.00000 7 
 fake.rf 1440.00000000 52423.71399323637639256 1.00000 7 
 fake.rf 1440.00000000 52433.65276124815773429 1.00000 7 
 fake.rf 1440.00000000 52443.66958456462934990 1.00000 7 
 fake.rf 1440.00000000 52453.60567462699194508 1.00000 7 
 fake.rf 1440.00000000 52463.62678353200508852 1.00000 7 
 fake.rf 1440.00000000 52473.56838587763244064 1.00000 7 
 fake.rf 1440.00000000 52483.51758157381862091 1.00000 7 
 fake.rf 1440.00000000 52493.49211451337962941 1.00000 7 
 fake.rf 1440.00000000 52503.46783484741249026 1.00000 7 
 fake.rf 1440.00000000 52513.46474088624281151 1.00000 7 
 fake.rf 1440.00000000 52523.45097764851191258 1.00000 7 
 fake.rf 1440.00000000 52533.38829969725433600 1.00000 7 
 fake.rf 1440.00000000 52543.35949102864131532 1.00000 7 
 fake.rf 1440.00000000 52553.32355576816095777 1.00000 7 
 fake.rf 1440.00000000 52563.32978101992712539 1.00000 7 
 fake.rf 1440.00000000 52573.26813799298146535 1.00000 7 
 fake.rf 1440.00000000 52583.28568581322835129 1.00000 7 
 fake.rf 1440.00000000 52593.19848966839515469 1.00000 7 
 fake.rf 1440.00000000 52603.19086513997918075 1.00000 7 
 fake.rf 1440.00000000 52613.16619635469666960 1.00000 7 
 fake.rf 1440.00000000 52623.17188074093771988 1.00000 7 
 fake.rf 1440.00000000 52633.12164512895955326 1.00000 7 
 fake.rf 1440.00000000 52643.13140723216066519 1.00000 7 
 fake.rf 1440.00000000 52653.08969845359154149 1.00000 7 
 fake.rf 1440.00000000 52663.01098687793194486 1.00000 7 
 fake.rf 1440.00000000 52672.99962078605491200 1.00000 7 
 fake.rf 1440.00000000 52683.02168183424296544 1.00000 7 
 fake.rf 1440.00000000 52692.99291625298084796 1.00000 7 
 fake.rf 1440.00000000 52702.94475146644629504 1.00000 7 
 fake.rf 1440.00000000 52712.89952300251955819 1.00000 7 
 fake.rf 1440.00000000 52722.87084191786133047 1.00000 7 
 fake.rf 1440.00000000 52732.83742550727567533 1.00000 7 
 fake.rf 1440.00000000 52742.84160274490796638 1.00000 7 
 fake.rf 1440.00000000 52752.77371593249901238 1.00000 7 
 fake.rf 1440.00000000 52762.78702727066192679 1.00000 7 
 fake.rf 1440.00000000 52772.75628438171540679 1.00000 7 
 fake.rf 1440.00000000 52782.74063764267353704 1.00000 7 
 fake.rf 1440.00000000 52792.64711562276657020 1.00000 7 
 fake.rf 1440.00000000 52802.70154333441412220 1.00000 7 
 fake.rf 1440.00000000 52812.60558792978700637 1.00000 7 
 fake.rf 1440.00000000 52822.61960961308869145 1.00000 7 
 fake.rf 1440.00000000 52832.60424512100771821 1.00000 7 
 fake.rf 1440.00000000 52842.55624944167011847 1.00000 7 
 fake.rf 1440.00000000 52852.48543344443149650 1.00000 7 
 fake.rf 1440.00000000 52862.46143800066596441 1.00000 7 
 fake.rf 1440.00000000 52872.44697191832534600 1.00000 7 
 fake.rf 1440.00000000 52882.42515059956155099 1.00000 7 
 fake.rf 1440.00000000 52892.44600729765082647 1.00000 7 
 fake.rf 1440.00000000 52902.37164938074930376 1.00000 7 
 fake.rf 1440.00000000 52912.36950786691255288 1.00000 7 
 fake.rf 1440.00000000 52922.30966676541710925 1.00000 7 
 fake.rf 1440.00000000 52932.26829758929835634 1.00000 7 
 fake.rf 1440.00000000 52942.24322478485017029 1.00000 7 
 fake.rf 1440.00000000 52952.22045011371720236 1.00000 7 
 fake.rf 1440.00000000 52962.24800985205267523 1.00000 7 
 fake.rf 1440.00000000 52972.17152982409275452 1.00000 7 
 fake.rf 1440.00000000 52982.16469335634106486 1.00000 7 
 fake.rf 1440.00000000 52992.15828518079498366 1.00000 7 
 fake.rf 1440.00000000 53002.08034381780402100 1.00000 7 
 fake.rf 1440.00000000 53012.05264694514356449 1.00000 7 
 fake.rf 1440.00000000 53022.02831461693423165 1.00000 7 
 fake.rf 1440.00000000 53032.03232989318908963 1.00000 7 
 fake.rf 1440.00000000 53041.99852091967846590 1.00000 7 
 fake.rf 1440.00000000 53052.00567016675940479 1.00000 7 
 fake.rf 1440.00000000 53061.96910293793091640 1.00000 7 
 fake.rf 1440.00000000 53071.89257629851282161 1.00000 7 
 fake.rf 1440.00000000 53081.89628697721963135 1.00000 7 
 fake.rf 1440.00000000 53091.87137736466023341 1.00000 7 
 fake.rf 1440.00000000 53101.81196634519426070 1.00000 7 
 fake.rf 1440.00000000 53111.81407575774262497 1.00000 7 
 fake.rf 1440.00000000 53121.80384844900165930 1.00000 7 
 fake.rf 1440.00000000 53131.78576342854339742 1.00000 7 
 fake.rf 1440.00000000 53141.71647932716584606 1.00000 7 
 fake.rf 1440.00000000 53151.68556066878952038 1.00000 7 
 fake.rf 1440.00000000 53161.70729735719249476 1.00000 7 
 fake.rf 1440.00000000 53171.64132212320803461 1.00000 7 
 fake.rf 1440.00000000 53181.62324173452632436 1.00000 7 
 fake.rf 1440.00000000 53191.56712807011493638 1.00000 7 
 fake.rf 1440.00000000 53201.54931389934501595 1.00000 7 
 fake.rf 1440.00000000 53211.56751324460998021 1.00000 7 
 fake.rf 1440.00000000 53221.53656242365020645 1.00000 7 
 fake.rf 1440.00000000 53231.48621142396411443 1.00000 7 
 fake.rf 1440.00000000 53241.49034599068229312 1.00000 7 
 fake.rf 1440.00000000 53251.46162665986984663 1.00000 7 
 fake.rf 1440.00000000 53261.41580532740434961 1.00000 7 
 fake.rf 1440.00000000 53271.39147062049106296 1.00000 7 
 fake.rf 1440.00000000 53281.31357560384225280 1.00000 7 
 fake.rf 1440.00000000 53291.28822216756200447 1.00000 7 
 fake.rf 1440.00000000 53301.28478359011451104 1.00000 7 
 fake.rf 1440.00000000 53311.23958490517478026 1.00000 7 
 fake.rf 1440.00000000 53321.21383889707637849 1.00000 7 
 fake.rf 1440.00000000 53331.21337235323415626 1.00000 7 
 fake.rf 1440.00000000 53341.19949325506953386 1.00000 7 
 fake.rf 1440.00000000 53351.16724259891930160 1.00000 7 
 fake.rf 1440.00000000 53361.11789629028139359 1.00000 7 
 fake.rf 1440.00000000 53371.09475432690588903 1.00000 7 
 fake.rf 1440.00000000 53381.09661469490044183 1.00000 7 
 fake.rf 1440.00000000 53391.07828337245724271 1.00000 7 
 fake.rf 1440.00000000 53401.05753612526165242 1.00000 7 
 fake.rf 1440.00000000 53411.02728987110617354 1.00000 7 
 fake.rf 1440.00000000 53420.95503893441775034 1.00000 7 
 fake.rf 1440.00000000 53430.95136869157358106 1.00000 7 
 fake.rf 1440.00000000 53440.93034173716527491 1.00000 7 
 fake.rf 1440.00000000 53450.89944441087786586 1.00000 7 
 fake.rf 1440.00000000 53460.89215981309915904 1.00000 7 
 fake.rf 1440.00000000 53470.83684055501321808 1.00000 7 
 fake.rf 1440.00000000 53480.76727231582809807 1.00000 7 
 fake.rf 1440.00000000 53490.76921167263275692 1.00000 7 
 fake.rf 1440.00000000 53500.76841643146264005 1.00000 7 
 fake.rf 1440.00000000 53510.70833832808586550 1.00000 7 
 fake.rf 1440.00000000 53520.67244807606568457 1.00000 7 
 fake.rf 1440.00000000 53530.66800629382212406 1.00000 7 
 fake.rf 1440.00000000 53540.66821486046826095 1.00000 7 
 fake.rf 1440.00000000 53550.58043014807886806 1.00000 7 
 fake.rf 1440.00000000 53560.57457342017650959 1.00000 7 
 fake.rf 1440.00000000 53570.55626500487804975 1.00000 7 
 fake.rf 1440.00000000 53580.55478326882227336 1.00000 7 
 fake.rf 1440.00000000 53590.49833582370272467 1.00000 7 
 fake.rf 1440.00000000 53600.48197826004314592 1.00000 7 
 fake.rf 1440.00000000 53610.42102895765916060 1.00000 7 
 fake.rf 1440.00000000 53620.43002052215936359 1.00000 7 
 fake.rf 1440.00000000 53630.41522128188003649 1.00000 7 
 fake.rf 1440.00000000 53640.38110977757894560 1.00000 7 
 fake.rf 1440.00000000 53650.32019322421935925 1.00000 7 
 fake.rf 1440.00000000 53660.30044771634694101 1.00000 7 
