FORMAT 1
 fake.rf 1440.00000000 50000.30861020313345477 1.00000 7 
 fake.rf 1440.00000000 50010.31845625247825993 1.00000 7 
 fake.rf 1440.00000000 50020.25875889837131894 1.00000 7 
 fake.rf 1440.00000000 50030.23017616196886337 1.00000 7 
 fake.rf 1440.00000000 50040.19343789308577897 1.00000 7 
 fake.rf 1440.00000000 50050.22564157804668739 1.00000 7 
 fake.rf 1440.00000000 50060.18686460385786674 1.00000 7 
 fake.rf 1440.00000000 50070.12347637529142830 1.00000 7 
 fake.rf 1440.00000000 50080.13704328598816318 1.00000 7 
 fake.rf 1440.00000000 50090.08672269895534868 1.00000 7 
 fake.rf 1440.00000000 50100.06579943645208175 1.00000 7 
 fake.rf 1440.00000000 50110.02587226754141980 1.00000 7 
 fake.rf 1440.00000000 50120.02057513579908132 1.00000 7 
 fake.rf 1440.00000000 50129.98088611609444598 1.00000 7 
 fake.rf 1440.00000000 50139.91701269535965224 1.00000 7 
 fake.rf 1440.00000000 50149.89271125345817381 1.00000 7 
 fake.rf 1440.00000000 50159.88878055171029402 1.00000 7 
 fake.rf 1440.00000000 50169.85467744664330070 1.00000 7 
 fake.rf 1440.00000000 50179.87534762228935037 1.00000 7 
 fake.rf 1440.00000000 50189.80926276359486593 1.00000 7 
 fake.rf 1440.00000000 50199.83118078465308542 1.00000 7 
 fake.rf 1440.00000000 50209.78499429922964481 1.00000 7 
 fake.rf 1440.00000000 50219.76649455097874508 1.00000 7 
 fake.rf 1440.00000000 50229.68361143882775011 1.00000 7 
 fake.rf 1440.00000000 50239.71026527104232784 1.00000 7 
 fake.rf 1440.00000000 50249.66260548630794247 1.00000 7 
 fake.rf 1440.00000000 50259.65789732771129295 1.00000 7 
 fake.rf 1440.00000000 50269.63234145461750657 1.00000 7 
 fake.rf 1440.00000000 50279.53086079903615158 1.00000 7 
 fake.rf 1440.00000000 50289.56861210828827780 1.00000 7 
 fake.rf 1440.00000000 50299.51675146925213511 1.00000 7 
 fake.rf 1440.00000000 50309.46226550170555214 1.00000 7 
 fake.rf 1440.00000000 50319.45383386613185550 1.00000 7 
 fake.rf 1440.00000000 50329.45291354116691451 1.00000 7 
 fake.rf 1440.00000000 50339.39714915851051913 1.00000 7 
 fake.rf 1440.00000000 50349.37928357613977326 1.00000 7 
 fake.rf 1440.00000000 50359.35453794361943025 1.00000 7 
 fake.rf 1440.00000000 50369.28730093299023096 1.00000 7 
 fake.rf 1440.00000000 50379.31668479754202750 1.00000 7 
 fake.rf 1440.00000000 50389.24947703716408043 1.00000 7 
 fake.rf 1440.00000000 50399.24255709137734272 1.00000 7 
 fake.rf 1440.00000000 50409.19498869123265195 1.00000 7 
 fake.rf 1440.00000000 50419.19849146365484671 1.00000 7 
 fake.rf 1440.00000000 50429.13024539733848783 1.00000 7 
 fake.rf 1440.00000000 50439.15362562654806311 1.00000 7 
 fake.rf 1440.00000000 50449.12055932996951313 1.00000 7 
 fake.rf 1440.00000000 50459.05531613439661598 1.00000 7 
 fake.rf 1440.00000000 50469.01873663782523138 1.00000 7 
 fake.rf 1440.00000000 50479.06220492756866491 1.00000 7 
 fake.rf 1440.00000000 50488.96160294454331208 1.00000 7 
 fake.rf 1440.00000000 50498.96957623377064905 1.00000 7 
 fake.rf 1440.00000000 50508.97893352367396957 1.00000 7 
 fake.rf 1440.00000000 50518.94278270379496831 1.00000 7 
 fake.rf 1440.00000000 50528.87622726205328405 1.00000 7 
 fake.rf 1440.00000000 50538.83000581491338821 1.00000 7 
 fake.rf 1440.00000000 50548.84781311101540524 1.00000 7 
 fake.rf 1440.00000000 50558.84423557787608416 1.00000 7 
 fake.rf 1440.00000000 50568.82061027397900332 1.00000 7 
 fake.rf 1440.00000000 50578.75683272278448754 1.00000 7 
 fake.rf 1440.00000000 50588.76241219039442498 1.00000 7 
 fake.rf 1440.00000000 50598.72050918832739086 1.00000 7 
 fake.rf 1440.00000000 50608.63217534388092389 1.00000 7 
 fake.rf 1440.00000000 50618.61057318707726793 1.00000 7 
 fake.rf 1440.00000000 50628.58754287361269064 1.00000 7 
 fake.rf 1440.00000000 50638.60892638726356907 1.00000 7 
 fake.rf 1440.00000000 50648.55886417110419018 1.00000 7 
 fake.rf 1440.00000000 50658.54527258825475755 1.00000 7 
 fake.rf 1440.00000000 50668.48588146307072577 1.00000 7 
 fake.rf 1440.00000000 50678.47921992133674607 1.00000 7 
 fake.rf 1440.00000000 50688.43898321750836189 1.00000 7 
 fake.rf 1440.00000000 50698.42302199889255476 1.00000 7 
 fake.rf 1440.00000000 50708.43674484016374393 1.00000 7 
 fake.rf 1440.00000000 50718.37624405192862653 1.00000 7 
 fake.rf 1440.00000000 50728.30775660014304407 1.00000 7 
 fake.rf 1440.00000000 50738.28053769126607264 1.00000 7 
 fake.rf 1440.00000000 50748.27072149119458189 1.00000 7 
 fake.rf 1440.00000000 50758.27980538710325220 1.00000 7 
 fake.rf 1440.00000000 50768.21464764652462165 1.00000 7 
 fake.rf 1440.00000000 50778.19555628946797299 1.00000 7 
 fake.rf 1440.00000000 50788.19207946505154894 1.00000 7 
 fake.rf 1440.00000000 50798.13695739103004456 1.00000 7 
 fake.rf 1440.00000000 50808.15314365979556754 1.00000 7 
 fake.rf 1440.00000000 50818.10299513625874468 1.00000 7 
 fake.rf 1440.00000000 50828.03902658833825612 1.00000 7 
 fake.rf 1440.00000000 50838.01596177307950697 1.00000 7 
 fake.rf 1440.00000000 50848.03022944069888922 1.00000 7 
 fake.rf 1440.00000000 50858.01137252437771252 1.00000 7 
 fake.rf 1440.00000000 50867.92870115704645428 1.00000 7 
 fake.rf 1440.00000000 50877.94664784704619720 1.00000 7 
 fake.rf 1440.00000000 50887.89131769955696782 1.00000 7 
 fake.rf 1440.00000000 50897.84153015918874274 1.00000 7 
 fake.rf 1440.00000000 50907.84487819340553827 1.00000 7 
 fake.rf 1440.00000000 50917.81185184084145945 1.00000 7 
 fake.rf 1440.00000000 50927.76776649823460730 1.00000 7 
 fake.rf 1440.00000000 50937.77538851295442868 1.00000 7 
 fake.rf 1440.00000000 50947.70771670446316293 1.00000 7 
 fake.rf 1440.00000000 50957.72420681435790613 1.00000 7 
 fake.rf 1440.00000000 50967.66220829179612650 1.00000 7 
 fake.rf 1440.00000000 50977.64578296868640805 1.00000 7 
 fake.rf 1440.00000000 50987.59958251499663717 1.00000 7 
 fake.rf 1440.00000000 50997.60798497201630397 1.00000 7 
 fake.rf 1440.00000000 51007.60290278400875863 1.00000 7 
 fake.rf 1440.00000000 51017.51439614811017265 1.00000 7 
 fake.rf 1440.00000000 51027.48960215896555326 1.00000 7 
 fake.rf 1440.00000000 51037.52667020405567300 1.00000 7 
 fake.rf 1440.00000000 51047.43824901964183027 1.00000 7 
 fake.rf 1440.00000000 51057.43094315226256086 1.00000 7 
 fake.rf 1440.00000000 51067.42106607403533758 1.00000 7 
 fake.rf 1440.00000000 51077.37812483127209617 1.00000 7 
 fake.rf 1440.00000000 51087.37903191844525352 1.00000 7 
 fake.rf 1440.00000000 51097.30964901321708638 1.00000 7 
 fake.rf 1440.00000000 51107.32222335719248818 1.00000 7 
 fake.rf 1440.00000000 51117.28328771683900555 1.00000 7 
 fake.rf 1440.00000000 51127.27439397843081892 1.00000 7 
 fake.rf 1440.00000000 51137.25030408807817039 1.00000 7 
 fake.rf 1440.00000000 51147.21560796615535338 1.00000 7 
 fake.rf 1440.00000000 51157.16495286533572795 1.00000 7 
 fake.rf 1440.00000000 51167.14931041894428887 1.00000 7 
 fake.rf 1440.00000000 51177.14258061246402320 1.00000 7 
 fake.rf 1440.00000000 51187.05384319825546768 1.00000 7 
 fake.rf 1440.00000000 51197.09350826017774949 1.00000 7 
 fake.rf 1440.00000000 51207.06429524636429917 1.00000 7 
 fake.rf 1440.00000000 51217.00621020043597653 1.00000 7 
 fake.rf 1440.00000000 51226.95681994091607692 1.00000 7 
 fake.rf 1440.00000000 51236.91082589927032132 1.00000 7 
 fake.rf 1440.00000000 51246.88766720000825217 1.00000 7 
 fake.rf 1440.00000000 51256.88124277741173174 1.00000 7 
 fake.rf 1440.00000000 51266.87904315092699647 1.00000 7 
 fake.rf 1440.00000000 51276.82119029582906222 1.00000 7 
 fake.rf 1440.00000000 51286.82564488578206507 1.00000 7 
 fake.rf 1440.00000000 51296.80454914825241985 1.00000 7 
 fake.rf 1440.00000000 51306.78240305394310283 1.00000 7 
 fake.rf 1440.00000000 51316.72574649800676738 1.00000 7 
 fake.rf 1440.00000000 51326.72678181025181843 1.00000 7 
 fake.rf 1440.00000000 51336.70714605585546408 1.00000 7 
 fake.rf 1440.00000000 51346.63152849466590411 1.00000 7 
 fake.rf 1440.00000000 51356.65478028071143513 1.00000 7 
 fake.rf 1440.00000000 51366.57180966218900764 1.00000 7 
 fake.rf 1440.00000000 51376.59695269958196562 1.00000 7 
 fake.rf 1440.00000000 51386.52123426265012185 1.00000 7 
 fake.rf 1440.00000000 51396.54980838866634585 1.00000 7 
 fake.rf 1440.00000000 51406.44953951127981284 1.00000 7 
 fake.rf 1440.00000000 51416.49703309276585372 1.00000 7 
 fake.rf 1440.00000000 51426.43064256854843208 1.00000 7 
 fake.rf 1440.00000000 51436.43211763718740315 1.00000 7 
 fake.rf 1440.00000000 51446.39949233031838460 1.00000 7 
 fake.rf 1440.00000000 51456.32571003511825936 1.00000 7 
 fake.rf 1440.00000000 51466.30383433483423161 1.00000 7 
 fake.rf 1440.00000000 51476.28287090736288079 1.00000 7 
 fake.rf 1440.00000000 51486.22966310411048241 1.00000 7 
 fake.rf 1440.00000000 51496.22968765938321667 1.00000 7 
 fake.rf 1440.00000000 51506.19236030435510187 1.00000 7 
 fake.rf 1440.00000000 51516.22057715929195965 1.00000 7 
 fake.rf 1440.00000000 51526.18982098735804698 1.00000 7 
 fake.rf 1440.00000000 51536.13040768557995719 1.00000 7 
 fake.rf 1440.00000000 51546.13993484597376948 1.00000 7 
 fake.rf 1440.00000000 51556.11332431431839041 1.00000 7 
 fake.rf 1440.00000000 51566.07479093980795781 1.00000 7 
 fake.rf 1440.00000000 51576.02608950656732745 1.00000 7 
 fake.rf 1440.00000000 51585.96893043140753576 1.00000 7 
 fake.rf 1440.00000000 51595.96215596166229744 1.00000 7 
 fake.rf 1440.00000000 51605.91966312747029733 1.00000 7 
 fake.rf 1440.00000000 51615.95099564086438093 1.00000 7 
 fake.rf 1440.00000000 51625.91486892192076752 1.00000 7 
 fake.rf 1440.00000000 51635.81738238737018420 1.00000 7 
 fake.rf 1440.00000000 51645.85638348749635540 1.00000 7 
 fake.rf 1440.00000000 51655.77194355182667707 1.00000 7 
 fake.rf 1440.00000000 51665.80834648378433371 1.00000 7 
 fake.rf 1440.00000000 51675.70834795644473658 1.00000 7 
 fake.rf 1440.00000000 51685.75968873189248143 1.00000 7 
 fake.rf 1440.00000000 51695.66434422552908856 1.00000 7 
 fake.rf 1440.00000000 51705.70355745040506079 1.00000 7 
 fake.rf 1440.00000000 51715.68193374494301651 1.00000 7 
 fake.rf 1440.00000000 51725.57805378187669376 1.00000 7 
 fake.rf 1440.00000000 51735.57818084962300986 1.00000 7 
 fake.rf 1440.00000000 51745.58533650102281243 1.00000 7 
 fake.rf 1440.00000000 51755.55946889979443171 1.00000 7 
 fake.rf 1440.00000000 51765.51311801279387481 1.00000 7 
 fake.rf 1440.00000000 51775.44236897808066900 1.00000 7 
 fake.rf 1440.00000000 51785.42284227689303933 1.00000 7 
 fake.rf 1440.00000000 51795.43392125076168853 1.00000 7 
 fake.rf 1440.00000000 51805.39050110084689038 1.00000 7 
 fake.rf 1440.00000000 51815.36095137664007027 1.00000 7 
 fake.rf 1440.00000000 51825.34421819896164507 1.00000 7 
 fake.rf 1440.00000000 51835.29734623770542612 1.00000 7 
 fake.rf 1440.00000000 51845.31902086503336946 1.00000 7 
 fake.rf 1440.00000000 51855.25578587260113750 1.00000 7 
 fake.rf 1440.00000000 51865.20960770642888704 1.00000 7 
 fake.rf 1440.00000000 51875.22005328738674379 1.00000 7 
 fake.rf 1440.00000000 51885.13542115501885377 1.00000 7 
 fake.rf 1440.00000000 51895.14272161349041212 1.00000 7 
 fake.rf 1440.00000000 51905.09036373057021763 1.00000 7 
 fake.rf 1440.00000000 51915.07387642317396725 1.00000 7 
 fake.rf 1440.00000000 51925.05648035850488498 1.00000 7 
 fake.rf 1440.00000000 51935.07863347582945579 1.00000 7 
 fake.rf 1440.00000000 51944.99196395815444660 1.00000 7 
 fake.rf 1440.00000000 51954.95753999350608865 1.00000 7 
 fake.rf 1440.00000000 51964.92255749535383913 1.00000 7 
 fake.rf 1440.00000000 51974.89959525160259446 1.00000 7 
 fake.rf 1440.00000000 51984.87581042232018547 1.00000 7 
 fake.rf 1440.00000000 51994.83613968628242574 1.00000 7 
 fake.rf 1440.00000000 52004.82847060722033561 1.00000 7 
 fake.rf 1440.00000000 52014.78787000733136026 1.00000 7 
 fake.rf 1440.00000000 52024.75387989928277932 1.00000 7 
 fake.rf 1440.00000000 52034.75296849225696860 1.00000 7 
 fake.rf 1440.00000000 52044.73979932459072373 1.00000 7 
 fake.rf 1440.00000000 52054.74026920877825830 1.00000 7 
 fake.rf 1440.00000000 52064.65746121687240944 1.00000 7 
 fake.rf 1440.00000000 52074.62524546954946203 1.00000 7 
 fake.rf 1440.00000000 52084.66560396411971468 1.00000 7 
 fake.rf 1440.00000000 52094.59057363566165222 1.00000 7 
 fake.rf 1440.00000000 52104.59674120805527409 1.00000 7 
 fake.rf 1440.00000000 52114.53765054701568005 1.00000 7 
 fake.rf 1440.00000000 52124.54370813295181719 1.00000 7 
 fake.rf 1440.00000000 52134.47711352989684386 1.00000 7 
 fake.rf 1440.00000000 52144.48178860773949594 1.00000 7 
 fake.rf 1440.00000000 52154.45349176804721836 1.00000 7 
 fake.rf 1440.00000000 52164.43429989032372163 1.00000 7 
 fake.rf 1440.00000000 52174.42010113369947888 1.00000 7 
 fake.rf 1440.00000000 52184.34622085675495029 1.00000 7 
 fake.rf 1440.00000000 52194.35303449154605815 1.00000 7 
 fake.rf 1440.00000000 52204.29010721113725424 1.00000 7 
 fake.rf 1440.00000000 52214.27450669358944424 1.00000 7 
 fake.rf 1440.00000000 52224.20880406129345630 1.00000 7 
 fake.rf 1440.00000000 52234.23911835806920934 1.00000 7 
 fake.rf 1440.00000000 52244.18964196468112604 1.00000 7 
 fake.rf 1440.00000000 52254.14790749966296701 1.00000 7 
 fake.rf 1440.00000000 52264.17110216905805586 1.00000 7 
 fake.rf 1440.00000000 52274.11394760334623300 1.00000 7 
 fake.rf 1440.00000000 52284.07655522397673309 1.00000 7 
 fake.rf 1440.00000000 52294.01993603117446696 1.00000 7 
 fake.rf 1440.00000000 52304.03374841557051766 1.00000 7 
 fake.rf 1440.00000000 52314.01599127933570799 1.00000 7 
 fake.rf 1440.00000000 52323.94607584982884063 1.00000 7 
 fake.rf 1440.00000000 52333.95320241479860712 1.00000 7 
 fake.rf 1440.00000000 52343.96183824892305836 1.00000 7 
 fake.rf 1440.00000000 52353.90605797378101727 1.00000 7 
 fake.rf 1440.00000000 52363.85762542896357630 1.00000 7 
 fake.rf 1440.00000000 52373.81075759947331960 1.00000 7 
 fake.rf 1440.00000000 52383.83339924067312765 1.00000 7 
 fake.rf 1440.00000000 52393.76929619743062716 1.00000 7 
 fake.rf 1440.00000000 52403.75803567291166019 1.00000 7 
 fake.rf 1440.00000000 52413.73081589823760496 1.00000 7 
 fake.rf 1440.00000000 52423.71825989367219023 1.00000 7 
 fake.rf 1440.00000000 52433.65702793286125427 1.00000 7 
 fake.rf 1440.00000000 52443.67385123589630780 1.00000 7 
 fake.rf 1440.00000000 52453.60994130437464733 1.00000 7 
 fake.rf 1440.00000000 52463.63105017805895613 1.00000 7 
 fake.rf 1440.00000000 52473.57265254753614414 1.00000 7 
 fake.rf 1440.00000000 52483.52184821478537202 1.00000 7 
 fake.rf 1440.00000000 52493.49638117291295458 1.00000 7 
 fake.rf 1440.00000000 52503.47210153500885710 1.00000 7 
 fake.rf 1440.00000000 52513.46900753802877304 1.00000 7 
 fake.rf 1440.00000000 52523.45524432509510149 1.00000 7 
 fake.rf 1440.00000000 52533.39256637958941809 1.00000 7 
 fake.rf 1440.00000000 52543.36375770871783430 1.00000 7 
 fake.rf 1440.00000000 52553.32782243542529699 1.00000 7 
 fake.rf 1440.00000000 52563.33404767063686691 1.00000 7 
 fake.rf 1440.00000000 52573.27240466881919545 1.00000 7 
 fake.rf 1440.00000000 52583.28995248375584026 1.00000 7 
 fake.rf 1440.00000000 52593.20275633575127827 1.00000 7 
 fake.rf 1440.00000000 52603.19513182037428223 1.00000 7 
 fake.rf 1440.00000000 52613.17046301184485557 1.00000 7 
 fake.rf 1440.00000000 52623.17614741783588528 1.00000 7 
 fake.rf 1440.00000000 52633.12591180776564315 1.00000 7 
 fake.rf 1440.00000000 52643.13567391123211436 1.00000 7 
 fake.rf 1440.00000000 52653.09396513427406461 1.00000 7 
 fake.rf 1440.00000000 52663.01525356207904238 1.00000 7 
 fake.rf 1440.00000000 52673.00388746766305914 1.00000 7 
 fake.rf 1440.00000000 52683.02594851660328246 1.00000 7 
 fake.rf 1440.00000000 52692.99718291381779167 1.00000 7 
 fake.rf 1440.00000000 52702.94901814659403172 1.00000 7 
 fake.rf 1440.00000000 52712.90378965172697789 1.00000 7 
 fake.rf 1440.00000000 52722.87510857550163124 1.00000 7 
 fake.rf 1440.00000000 52732.84169216078442943 1.00000 7 
 fake.rf 1440.00000000 52742.84586940420395251 1.00000 7 
 fake.rf 1440.00000000 52752.77798261747355113 1.00000 7 
 fake.rf 1440.00000000 52762.79129394316251833 1.00000 7 
 fake.rf 1440.00000000 52772.76055104483304703 1.00000 7 
 fake.rf 1440.00000000 52782.74490428371009187 1.00000 7 
 fake.rf 1440.00000000 52792.65138226648151232 1.00000 7 
 fake.rf 1440.00000000 52802.70580998599953659 1.00000 7 
 fake.rf 1440.00000000 52812.60985463283154928 1.00000 7 
 fake.rf 1440.00000000 52822.62387630159117435 1.00000 7 
 fake.rf 1440.00000000 52832.60851178017139063 1.00000 7 
 fake.rf 1440.00000000 52842.56051611283818659 1.00000 7 
 fake.rf 1440.00000000 52852.48970012092484438 1.00000 7 
 fake.rf 1440.00000000 52862.46570468225716155 1.00000 7 
 fake.rf 1440.00000000 52872.45123860404011751 1.00000 7 
 fake.rf 1440.00000000 52882.42941727447996669 1.00000 7 
 fake.rf 1440.00000000 52892.45027394606602655 1.00000 7 
 fake.rf 1440.00000000 52902.37591605258214145 1.00000 7 
 fake.rf 1440.00000000 52912.37377454117854114 1.00000 7 
 fake.rf 1440.00000000 52922.31393343334779900 1.00000 7 
 fake.rf 1440.00000000 52932.27256427903875036 1.00000 7 
 fake.rf 1440.00000000 52942.24749145866297795 1.00000 7 
 fake.rf 1440.00000000 52952.22471679555262369 1.00000 7 
 fake.rf 1440.00000000 52962.25227652660971600 1.00000 7 
 fake.rf 1440.00000000 52972.17579648202282527 1.00000 7 
 fake.rf 1440.00000000 52982.16896004376521034 1.00000 7 
 fake.rf 1440.00000000 52992.16255182940718882 1.00000 7 
 fake.rf 1440.00000000 53002.08461049083370042 1.00000 7 
 fake.rf 1440.00000000 53012.05691362659921140 1.00000 7 
 fake.rf 1440.00000000 53022.03258131589079483 1.00000 7 
 fake.rf 1440.00000000 53032.03659655773934745 1.00000 7 
 fake.rf 1440.00000000 53042.00278759218741698 1.00000 7 
 fake.rf 1440.00000000 53052.00993682372505589 1.00000 7 
 fake.rf 1440.00000000 53061.97336962738233268 1.00000 7 
 fake.rf 1440.00000000 53071.89684296903331173 1.00000 7 
 fake.rf 1440.00000000 53081.90055365818588129 1.00000 7 
 fake.rf 1440.00000000 53091.87564404751273983 1.00000 7 
 fake.rf 1440.00000000 53101.81623303750629361 1.00000 7 
 fake.rf 1440.00000000 53111.81834242531571277 1.00000 7 
 fake.rf 1440.00000000 53121.80811509829746697 1.00000 7 
 fake.rf 1440.00000000 53131.79003009813702008 1.00000 7 
 fake.rf 1440.00000000 53141.72074599649700133 1.00000 7 
 fake.rf 1440.00000000 53151.68982735264343731 1.00000 7 
 fake.rf 1440.00000000 53161.71156401655630575 1.00000 7 
 fake.rf 1440.00000000 53171.64558882009588814 1.00000 7 
 fake.rf 1440.00000000 53181.62750840428173049 1.00000 7 
 fake.rf 1440.00000000 53191.57139476099996145 1.00000 7 
 fake.rf 1440.00000000 53201.55358053962712006 1.00000 7 
 fake.rf 1440.00000000 53211.57177991831849795 1.00000 7 
 fake.rf 1440.00000000 53221.54082907481866371 1.00000 7 
 fake.rf 1440.00000000 53231.49047810774205658 1.00000 7 
 fake.rf 1440.00000000 53241.49461266283984529 1.00000 7 
 fake.rf 1440.00000000 53251.46589335234860485 1.00000 7 
 fake.rf 1440.00000000 53261.42007200972726366 1.00000 7 
 fake.rf 1440.00000000 53271.39573728375629003 1.00000 7 
 fake.rf 1440.00000000 53281.31784228811452664 1.00000 7 
 fake.rf 1440.00000000 53291.29248884282123555 1.00000 7 
 fake.rf 1440.00000000 53301.28905024713419891 1.00000 7 
 fake.rf 1440.00000000 53311.24385156157021015 1.00000 7 
 fake.rf 1440.00000000 53321.21810558944612168 1.00000 7 
 fake.rf 1440.00000000 53331.21763901422013276 1.00000 7 
 fake.rf 1440.00000000 53341.20375991571557961 1.00000 7 
 fake.rf 1440.00000000 53351.17150929462450648 1.00000 7 
 fake.rf 1440.00000000 53361.12216295188760284 1.00000 7 
 fake.rf 1440.00000000 53371.09902098629526890 1.00000 7 
 fake.rf 1440.00000000 53381.10088138473756558 1.00000 7 
 fake.rf 1440.00000000 53391.08255005927120251 1.00000 7 
 fake.rf 1440.00000000 53401.06180279787668042 1.00000 7 
 fake.rf 1440.00000000 53411.03155653344134990 1.00000 7 
 fake.rf 1440.00000000 53420.95930561882329357 1.00000 7 
 fake.rf 1440.00000000 53430.95563536538192650 1.00000 7 
 fake.rf 1440.00000000 53440.93460843127260063 1.00000 7 
 fake.rf 1440.00000000 53450.90371106605638829 1.00000 7 
 fake.rf 1440.00000000 53460.89642649697812260 1.00000 7 
 fake.rf 1440.00000000 53470.84110722917647607 1.00000 7 
 fake.rf 1440.00000000 53480.77153900207031256 1.00000 7 
 fake.rf 1440.00000000 53490.77347835632350481 1.00000 7 
 fake.rf 1440.00000000 53500.77268312191152333 1.00000 7 
 fake.rf 1440.00000000 53510.71260499891911522 1.00000 7 
 fake.rf 1440.00000000 53520.67671472865142590 1.00000 7 
 fake.rf 1440.00000000 53530.67227297259908525 1.00000 7 
 fake.rf 1440.00000000 53540.67248154548816785 1.00000 7 
 fake.rf 1440.00000000 53550.58469682733424833 1.00000 7 
 fake.rf 1440.00000000 53560.57884011701842653 1.00000 7 
 fake.rf 1440.00000000 53570.56053166051756520 1.00000 7 
 fake.rf 1440.00000000 53580.55904991341375876 1.00000 7 
 fake.rf 1440.00000000 53590.50260251671552325 1.00000 7 
 fake.rf 1440.00000000 53600.48624492503077121 1.00000 7 
 fake.rf 1440.00000000 53610.42529562579484903 1.00000 7 
 fake.rf 1440.00000000 53620.43428720567518297 1.00000 7 
 fake.rf 1440.00000000 53630.41948797200437227 1.00000 7 
 fake.rf 1440.00000000 53640.38537642255846194 1.00000 7 
 fake.rf 1440.00000000 53650.32445988420345984 1.00000 7 
 fake.rf 1440.00000000 53660.30471438198028622 1.00000 7 
