FORMAT 1
 fake.rf 1440.00000000 50000.31657412347799507 1.00000 7 
 fake.rf 1440.00000000 50010.32642017459711070 1.00000 7 
 fake.rf 1440.00000000 50020.26672281425996758 1.00000 7 
 fake.rf 1440.00000000 50030.23814012602637646 1.00000 7 
 fake.rf 1440.00000000 50040.20140178289648603 1.00000 7 
 fake.rf 1440.00000000 50050.23360549715623691 1.00000 7 
 fake.rf 1440.00000000 50060.19482852634019920 1.00000 7 
 fake.rf 1440.00000000 50070.13144031956845836 1.00000 7 
 fake.rf 1440.00000000 50080.14500723884276212 1.00000 7 
 fake.rf 1440.00000000 50090.09468661075837659 1.00000 7 
 fake.rf 1440.00000000 50100.07376332646641259 1.00000 7 
 fake.rf 1440.00000000 50110.03383620670082976 1.00000 7 
 fake.rf 1440.00000000 50120.02853904982976374 1.00000 7 
 fake.rf 1440.00000000 50129.98885003645962755 1.00000 7 
 fake.rf 1440.00000000 50139.92497658917698189 1.00000 7 
 fake.rf 1440.00000000 50149.90067519364638571 1.00000 7 
 fake.rf 1440.00000000 50159.89674443492798517 1.00000 7 
 fake.rf 1440.00000000 50169.86264139821268060 1.00000 7 
 fake.rf 1440.00000000 50179.88331152442385275 1.00000 7 
 fake.rf 1440.00000000 50189.81722666045533643 1.00000 7 
 fake.rf 1440.00000000 50199.83914470553079923 1.00000 7 
 fake.rf 1440.00000000 50209.79295823567974821 1.00000 7 
 fake.rf 1440.00000000 50219.77445849980049886 1.00000 7 
 fake.rf 1440.00000000 50229.69157539908094279 1.00000 7 
 fake.rf 1440.00000000 50239.71822920298341941 1.00000 7 
 fake.rf 1440.00000000 50249.67056942921394480 1.00000 7 
 fake.rf 1440.00000000 50259.66586119515533326 1.00000 7 
 fake.rf 1440.00000000 50269.64030539979420809 1.00000 7 
 fake.rf 1440.00000000 50279.53882469310821079 1.00000 7 
 fake.rf 1440.00000000 50289.57657603937676427 1.00000 7 
 fake.rf 1440.00000000 50299.52471543338732118 1.00000 7 
 fake.rf 1440.00000000 50309.47022942327802397 1.00000 7 
 fake.rf 1440.00000000 50319.46179776305357123 1.00000 7 
 fake.rf 1440.00000000 50329.46087743226901168 1.00000 7 
 fake.rf 1440.00000000 50339.40511312334547611 1.00000 7 
 fake.rf 1440.00000000 50349.38724748355871697 1.00000 7 
 fake.rf 1440.00000000 50359.36250189701920021 1.00000 7 
 fake.rf 1440.00000000 50369.29526485314799800 1.00000 7 
 fake.rf 1440.00000000 50379.32464873698959096 1.00000 7 
 fake.rf 1440.00000000 50389.25744096618430135 1.00000 7 
 fake.rf 1440.00000000 50399.25052103157147343 1.00000 7 
 fake.rf 1440.00000000 50409.20295258663444571 1.00000 7 
 fake.rf 1440.00000000 50419.20645537434490535 1.00000 7 
 fake.rf 1440.00000000 50429.13820927423416407 1.00000 7 
 fake.rf 1440.00000000 50439.16158952672702043 1.00000 7 
 fake.rf 1440.00000000 50449.12852325841121015 1.00000 7 
 fake.rf 1440.00000000 50459.06328006793467722 1.00000 7 
 fake.rf 1440.00000000 50469.02670054247587217 1.00000 7 
 fake.rf 1440.00000000 50479.07016879203048987 1.00000 7 
 fake.rf 1440.00000000 50488.96956685930785014 1.00000 7 
 fake.rf 1440.00000000 50498.97754016257789189 1.00000 7 
 fake.rf 1440.00000000 50508.98689748890927476 1.00000 7 
 fake.rf 1440.00000000 50518.95074659781607451 1.00000 7 
 fake.rf 1440.00000000 50528.88419120793533068 1.00000 7 
 fake.rf 1440.00000000 50538.83796974749634856 1.00000 7 
 fake.rf 1440.00000000 50548.85577707074362408 1.00000 7 
 fake.rf 1440.00000000 50558.85219952087306794 1.00000 7 
 fake.rf 1440.00000000 50568.82857415271746149 1.00000 7 
 fake.rf 1440.00000000 50578.76479661749014483 1.00000 7 
 fake.rf 1440.00000000 50588.77037613633229896 1.00000 7 
 fake.rf 1440.00000000 50598.72847315419816994 1.00000 7 
 fake.rf 1440.00000000 50608.64013925359964929 1.00000 7 
 fake.rf 1440.00000000 50618.61853708372494154 1.00000 7 
 fake.rf 1440.00000000 50628.59550681395286276 1.00000 7 
 fake.rf 1440.00000000 50638.61689026497473165 1.00000 7 
 fake.rf 1440.00000000 50648.56682812021034223 1.00000 7 
 fake.rf 1440.00000000 50658.55323649292386889 1.00000 7 
 fake.rf 1440.00000000 50668.49384539333631139 1.00000 7 
 fake.rf 1440.00000000 50678.48718382689384043 1.00000 7 
 fake.rf 1440.00000000 50688.44694716554876024 1.00000 7 
 fake.rf 1440.00000000 50698.43098586958858576 1.00000 7 
 fake.rf 1440.00000000 50708.44470874377510583 1.00000 7 
 fake.rf 1440.00000000 50718.38420801147792361 1.00000 7 
 fake.rf 1440.00000000 50728.31572048456004609 1.00000 7 
 fake.rf 1440.00000000 50738.28850162351002240 1.00000 7 
 fake.rf 1440.00000000 50748.27868537665824178 1.00000 7 
 fake.rf 1440.00000000 50758.28776933132050786 1.00000 7 
 fake.rf 1440.00000000 50768.22261154713591225 1.00000 7 
 fake.rf 1440.00000000 50778.20352025073357893 1.00000 7 
 fake.rf 1440.00000000 50788.20004334687227754 1.00000 7 
 fake.rf 1440.00000000 50798.14492136481641538 1.00000 7 
 fake.rf 1440.00000000 50808.16110755858971615 1.00000 7 
 fake.rf 1440.00000000 50818.11095907922027948 1.00000 7 
 fake.rf 1440.00000000 50828.04699053584737456 1.00000 7 
 fake.rf 1440.00000000 50838.02392572693968376 1.00000 7 
 fake.rf 1440.00000000 50848.03819331928758984 1.00000 7 
 fake.rf 1440.00000000 50858.01933643866554746 1.00000 7 
 fake.rf 1440.00000000 50867.93666508353147293 1.00000 7 
 fake.rf 1440.00000000 50877.95461179200065871 1.00000 7 
 fake.rf 1440.00000000 50887.89928164528598842 1.00000 7 
 fake.rf 1440.00000000 50897.84949406654723703 1.00000 7 
 fake.rf 1440.00000000 50907.85284210448317666 1.00000 7 
 fake.rf 1440.00000000 50917.81981572944866343 1.00000 7 
 fake.rf 1440.00000000 50927.77573040901086543 1.00000 7 
 fake.rf 1440.00000000 50937.78335246058238894 1.00000 7 
 fake.rf 1440.00000000 50947.71568065453042351 1.00000 7 
 fake.rf 1440.00000000 50957.73217069309097482 1.00000 7 
 fake.rf 1440.00000000 50967.67017216683667513 1.00000 7 
 fake.rf 1440.00000000 50977.65374692742037865 1.00000 7 
 fake.rf 1440.00000000 50987.60754643993479363 1.00000 7 
 fake.rf 1440.00000000 50997.61594888374863643 1.00000 7 
 fake.rf 1440.00000000 51007.61086673992604901 1.00000 7 
 fake.rf 1440.00000000 51017.52236010992416126 1.00000 7 
 fake.rf 1440.00000000 51027.49756604727581433 1.00000 7 
 fake.rf 1440.00000000 51037.53463411109012426 1.00000 7 
 fake.rf 1440.00000000 51047.44621292350985797 1.00000 7 
 fake.rf 1440.00000000 51057.43890710327658411 1.00000 7 
 fake.rf 1440.00000000 51067.42903000285406279 1.00000 7 
 fake.rf 1440.00000000 51077.38608869872755136 1.00000 7 
 fake.rf 1440.00000000 51087.38699583371210267 1.00000 7 
 fake.rf 1440.00000000 51097.31761293335784657 1.00000 7 
 fake.rf 1440.00000000 51107.33018727711416318 1.00000 7 
 fake.rf 1440.00000000 51117.29125168377157351 1.00000 7 
 fake.rf 1440.00000000 51127.28235786863351109 1.00000 7 
 fake.rf 1440.00000000 51137.25826802909216084 1.00000 7 
 fake.rf 1440.00000000 51147.22357184882153902 1.00000 7 
 fake.rf 1440.00000000 51157.17291679849091679 1.00000 7 
 fake.rf 1440.00000000 51167.15727431093576527 1.00000 7 
 fake.rf 1440.00000000 51177.15054452786603534 1.00000 7 
 fake.rf 1440.00000000 51187.06180712520323439 1.00000 7 
 fake.rf 1440.00000000 51197.10147220920122990 1.00000 7 
 fake.rf 1440.00000000 51207.07225915722060705 1.00000 7 
 fake.rf 1440.00000000 51217.01417408863892078 1.00000 7 
 fake.rf 1440.00000000 51226.96478385410294720 1.00000 7 
 fake.rf 1440.00000000 51236.91878977587310473 1.00000 7 
 fake.rf 1440.00000000 51246.89563107754408122 1.00000 7 
 fake.rf 1440.00000000 51256.88920670399653545 1.00000 7 
 fake.rf 1440.00000000 51266.88700706761976278 1.00000 7 
 fake.rf 1440.00000000 51276.82915423691933299 1.00000 7 
 fake.rf 1440.00000000 51286.83360879177211444 1.00000 7 
 fake.rf 1440.00000000 51296.81251304451451034 1.00000 7 
 fake.rf 1440.00000000 51306.79036700676934757 1.00000 7 
 fake.rf 1440.00000000 51316.73371040363652185 1.00000 7 
 fake.rf 1440.00000000 51326.73474567953687497 1.00000 7 
 fake.rf 1440.00000000 51336.71510995157195723 1.00000 7 
 fake.rf 1440.00000000 51346.63949236981833479 1.00000 7 
 fake.rf 1440.00000000 51356.66274421502250291 1.00000 7 
 fake.rf 1440.00000000 51366.57977357618900172 1.00000 7 
 fake.rf 1440.00000000 51376.60491663558037345 1.00000 7 
 fake.rf 1440.00000000 51386.52919812324572035 1.00000 7 
 fake.rf 1440.00000000 51396.55777228559149350 1.00000 7 
 fake.rf 1440.00000000 51406.45750344810291921 1.00000 7 
 fake.rf 1440.00000000 51416.50499704263737044 1.00000 7 
 fake.rf 1440.00000000 51426.43860647450061663 1.00000 7 
 fake.rf 1440.00000000 51436.44008155819019024 1.00000 7 
 fake.rf 1440.00000000 51446.40745627447972055 1.00000 7 
 fake.rf 1440.00000000 51456.33367395865447591 1.00000 7 
 fake.rf 1440.00000000 51466.31179827768731627 1.00000 7 
 fake.rf 1440.00000000 51476.29083477296286731 1.00000 7 
 fake.rf 1440.00000000 51486.23762702314327200 1.00000 7 
 fake.rf 1440.00000000 51496.23765161884584529 1.00000 7 
 fake.rf 1440.00000000 51506.20032425506490625 1.00000 7 
 fake.rf 1440.00000000 51516.22854111312006964 1.00000 7 
 fake.rf 1440.00000000 51526.19778494746335085 1.00000 7 
 fake.rf 1440.00000000 51536.13837157771800790 1.00000 7 
 fake.rf 1440.00000000 51546.14789881138895211 1.00000 7 
 fake.rf 1440.00000000 51556.12128826697972883 1.00000 7 
 fake.rf 1440.00000000 51566.08275485990851550 1.00000 7 
 fake.rf 1440.00000000 51576.03405338304841621 1.00000 7 
 fake.rf 1440.00000000 51585.97689436808859398 1.00000 7 
 fake.rf 1440.00000000 51595.97011994096770593 1.00000 7 
 fake.rf 1440.00000000 51605.92762705083416108 1.00000 7 
 fake.rf 1440.00000000 51615.95895955849197989 1.00000 7 
 fake.rf 1440.00000000 51625.92283288880932801 1.00000 7 
 fake.rf 1440.00000000 51635.82534631446320006 1.00000 7 
 fake.rf 1440.00000000 51645.86434742707902146 1.00000 7 
 fake.rf 1440.00000000 51655.77990751668892599 1.00000 7 
 fake.rf 1440.00000000 51665.81631037673597362 1.00000 7 
 fake.rf 1440.00000000 51675.71631186439344319 1.00000 7 
 fake.rf 1440.00000000 51685.76765267004746107 1.00000 7 
 fake.rf 1440.00000000 51695.67230813453549132 1.00000 7 
 fake.rf 1440.00000000 51705.71152142847758526 1.00000 7 
 fake.rf 1440.00000000 51715.68989769482669061 1.00000 7 
 fake.rf 1440.00000000 51725.58601769813820681 1.00000 7 
 fake.rf 1440.00000000 51735.58614479485333959 1.00000 7 
 fake.rf 1440.00000000 51745.59330039434206583 1.00000 7 
 fake.rf 1440.00000000 51755.56743286793944137 1.00000 7 
 fake.rf 1440.00000000 51765.52108193902820332 1.00000 7 
 fake.rf 1440.00000000 51775.45033288972066998 1.00000 7 
 fake.rf 1440.00000000 51785.43080621217647064 1.00000 7 
 fake.rf 1440.00000000 51795.44188514986955241 1.00000 7 
 fake.rf 1440.00000000 51805.39846506226598777 1.00000 7 
 fake.rf 1440.00000000 51815.36891528520866501 1.00000 7 
 fake.rf 1440.00000000 51825.35218214948311299 1.00000 7 
 fake.rf 1440.00000000 51835.30531012633157673 1.00000 7 
 fake.rf 1440.00000000 51845.32698476077473870 1.00000 7 
 fake.rf 1440.00000000 51855.26374982511838851 1.00000 7 
 fake.rf 1440.00000000 51865.21757165491657204 1.00000 7 
 fake.rf 1440.00000000 51875.22801717598465387 1.00000 7 
 fake.rf 1440.00000000 51885.14338505344120733 1.00000 7 
 fake.rf 1440.00000000 51895.15068549107462204 1.00000 7 
 fake.rf 1440.00000000 51905.09832767581712432 1.00000 7 
 fake.rf 1440.00000000 51915.08184032442289890 1.00000 7 
 fake.rf 1440.00000000 51925.06444427521558538 1.00000 7 
 fake.rf 1440.00000000 51935.08659738040444154 1.00000 7 
 fake.rf 1440.00000000 51944.99992791910219836 1.00000 7 
 fake.rf 1440.00000000 51954.96550387739385712 1.00000 7 
 fake.rf 1440.00000000 51964.93052138344351576 1.00000 7 
 fake.rf 1440.00000000 51974.90755915918865426 1.00000 7 
 fake.rf 1440.00000000 51984.88377435932662962 1.00000 7 
 fake.rf 1440.00000000 51994.84410363616619222 1.00000 7 
 fake.rf 1440.00000000 52004.83643451604248398 1.00000 7 
 fake.rf 1440.00000000 52014.79583392745138326 1.00000 7 
 fake.rf 1440.00000000 52024.76184384959823248 1.00000 7 
 fake.rf 1440.00000000 52034.76093242162074759 1.00000 7 
 fake.rf 1440.00000000 52044.74776320915851358 1.00000 7 
 fake.rf 1440.00000000 52054.74823310624885764 1.00000 7 
 fake.rf 1440.00000000 52064.66542517468559481 1.00000 7 
 fake.rf 1440.00000000 52074.63320938672642768 1.00000 7 
 fake.rf 1440.00000000 52084.67356793335891041 1.00000 7 
 fake.rf 1440.00000000 52094.59853754304913664 1.00000 7 
 fake.rf 1440.00000000 52104.60470515561668137 1.00000 7 
 fake.rf 1440.00000000 52114.54561447600093160 1.00000 7 
 fake.rf 1440.00000000 52124.55167205708016809 1.00000 7 
 fake.rf 1440.00000000 52134.48507742453872282 1.00000 7 
 fake.rf 1440.00000000 52144.48975250439183426 1.00000 7 
 fake.rf 1440.00000000 52154.46145566637081004 1.00000 7 
 fake.rf 1440.00000000 52164.44226377763999380 1.00000 7 
 fake.rf 1440.00000000 52174.42806507889135403 1.00000 7 
 fake.rf 1440.00000000 52184.35418481183086925 1.00000 7 
 fake.rf 1440.00000000 52194.36099842020936990 1.00000 7 
 fake.rf 1440.00000000 52204.29807113566214838 1.00000 7 
 fake.rf 1440.00000000 52214.28247062290803626 1.00000 7 
 fake.rf 1440.00000000 52224.21676799974521899 1.00000 7 
 fake.rf 1440.00000000 52234.24708232541090780 1.00000 7 
 fake.rf 1440.00000000 52244.19760587601392743 1.00000 7 
 fake.rf 1440.00000000 52254.15587137625517755 1.00000 7 
 fake.rf 1440.00000000 52264.17906611503798686 1.00000 7 
 fake.rf 1440.00000000 52274.12191150391397443 1.00000 7 
 fake.rf 1440.00000000 52284.08451909235711597 1.00000 7 
 fake.rf 1440.00000000 52294.02789997099336361 1.00000 7 
 fake.rf 1440.00000000 52304.04171230631246559 1.00000 7 
 fake.rf 1440.00000000 52314.02395515630628609 1.00000 7 
 fake.rf 1440.00000000 52323.95403971939083831 1.00000 7 
 fake.rf 1440.00000000 52333.96116636366863162 1.00000 7 
 fake.rf 1440.00000000 52343.96980220423642649 1.00000 7 
 fake.rf 1440.00000000 52353.91402192092108336 1.00000 7 
 fake.rf 1440.00000000 52363.86558937444023343 1.00000 7 
 fake.rf 1440.00000000 52373.81872154697571631 1.00000 7 
 fake.rf 1440.00000000 52383.84136312681462400 1.00000 7 
 fake.rf 1440.00000000 52393.77726010978865645 1.00000 7 
 fake.rf 1440.00000000 52403.76599964642262464 1.00000 7 
 fake.rf 1440.00000000 52413.73877979238115898 1.00000 7 
 fake.rf 1440.00000000 52423.72622378687889722 1.00000 7 
 fake.rf 1440.00000000 52433.66499184694638558 1.00000 7 
 fake.rf 1440.00000000 52443.68181515036141604 1.00000 7 
 fake.rf 1440.00000000 52453.61790524416751680 1.00000 7 
 fake.rf 1440.00000000 52463.63901406933788962 1.00000 7 
 fake.rf 1440.00000000 52473.58061645325238942 1.00000 7 
 fake.rf 1440.00000000 52483.52981216850272972 1.00000 7 
 fake.rf 1440.00000000 52493.50434512723207803 1.00000 7 
 fake.rf 1440.00000000 52503.48006544325026823 1.00000 7 
 fake.rf 1440.00000000 52513.47697143502928441 1.00000 7 
 fake.rf 1440.00000000 52523.46320824250645742 1.00000 7 
 fake.rf 1440.00000000 52533.40053032332443905 1.00000 7 
 fake.rf 1440.00000000 52543.37172166368986836 1.00000 7 
 fake.rf 1440.00000000 52553.33578635144640145 1.00000 7 
 fake.rf 1440.00000000 52563.34201157048500974 1.00000 7 
 fake.rf 1440.00000000 52573.28036859817788695 1.00000 7 
 fake.rf 1440.00000000 52583.29791638571463608 1.00000 7 
 fake.rf 1440.00000000 52593.21072026197157712 1.00000 7 
 fake.rf 1440.00000000 52603.20309571886832600 1.00000 7 
 fake.rf 1440.00000000 52613.17842696947476711 1.00000 7 
 fake.rf 1440.00000000 52623.18411130570827794 1.00000 7 
 fake.rf 1440.00000000 52633.13387570898063217 1.00000 7 
 fake.rf 1440.00000000 52643.14363781022206368 1.00000 7 
 fake.rf 1440.00000000 52653.10192901331090098 1.00000 7 
 fake.rf 1440.00000000 52663.02321751346356038 1.00000 7 
 fake.rf 1440.00000000 52673.01185142763519664 1.00000 7 
 fake.rf 1440.00000000 52683.03391248152142978 1.00000 7 
 fake.rf 1440.00000000 52693.00514685023971140 1.00000 7 
 fake.rf 1440.00000000 52702.95698203679163996 1.00000 7 
 fake.rf 1440.00000000 52712.91175358105172322 1.00000 7 
 fake.rf 1440.00000000 52722.88307253819058218 1.00000 7 
 fake.rf 1440.00000000 52732.84965609062052394 1.00000 7 
 fake.rf 1440.00000000 52742.85383328854229035 1.00000 7 
 fake.rf 1440.00000000 52752.78594654392441754 1.00000 7 
 fake.rf 1440.00000000 52762.79925783423567864 1.00000 7 
 fake.rf 1440.00000000 52772.76851491665546234 1.00000 7 
 fake.rf 1440.00000000 52782.75286818053883664 1.00000 7 
 fake.rf 1440.00000000 52792.65934621545326522 1.00000 7 
 fake.rf 1440.00000000 52802.71377395873586735 1.00000 7 
 fake.rf 1440.00000000 52812.61781851368003160 1.00000 7 
 fake.rf 1440.00000000 52822.63184017402193859 1.00000 7 
 fake.rf 1440.00000000 52832.61647570901549997 1.00000 7 
 fake.rf 1440.00000000 52842.56848001977811080 1.00000 7 
 fake.rf 1440.00000000 52852.49766409002700485 1.00000 7 
 fake.rf 1440.00000000 52862.47366862127503140 1.00000 7 
 fake.rf 1440.00000000 52872.45920249444316497 1.00000 7 
 fake.rf 1440.00000000 52882.43738115790369747 1.00000 7 
 fake.rf 1440.00000000 52892.45823787104180269 1.00000 7 
 fake.rf 1440.00000000 52902.38387996739042407 1.00000 7 
 fake.rf 1440.00000000 52912.38173844790179601 1.00000 7 
 fake.rf 1440.00000000 52922.32189736906663313 1.00000 7 
 fake.rf 1440.00000000 52932.28052815265822773 1.00000 7 
 fake.rf 1440.00000000 52942.25545542540910660 1.00000 7 
 fake.rf 1440.00000000 52952.23268073071345441 1.00000 7 
 fake.rf 1440.00000000 52962.26024048029032443 1.00000 7 
 fake.rf 1440.00000000 52972.18376039171296199 1.00000 7 
 fake.rf 1440.00000000 52982.17692393043999743 1.00000 7 
 fake.rf 1440.00000000 52992.17051580154853596 1.00000 7 
 fake.rf 1440.00000000 53002.09257445260031005 1.00000 7 
 fake.rf 1440.00000000 53012.06487756780826714 1.00000 7 
 fake.rf 1440.00000000 53022.04054520726781874 1.00000 7 
 fake.rf 1440.00000000 53032.04456049311619381 1.00000 7 
 fake.rf 1440.00000000 53042.01075153427616371 1.00000 7 
 fake.rf 1440.00000000 53052.01790070750096007 1.00000 7 
 fake.rf 1440.00000000 53061.98133357071860772 1.00000 7 
 fake.rf 1440.00000000 53071.90480691768452814 1.00000 7 
 fake.rf 1440.00000000 53081.90851759664415255 1.00000 7 
 fake.rf 1440.00000000 53091.88360795761500555 1.00000 7 
 fake.rf 1440.00000000 53101.82419694154765821 1.00000 7 
 fake.rf 1440.00000000 53111.82630631517385922 1.00000 7 
 fake.rf 1440.00000000 53121.81607904994582015 1.00000 7 
 fake.rf 1440.00000000 53131.79799405776327603 1.00000 7 
 fake.rf 1440.00000000 53141.72870993279628138 1.00000 7 
 fake.rf 1440.00000000 53151.69779124489988931 1.00000 7 
 fake.rf 1440.00000000 53161.71952793166416740 1.00000 7 
 fake.rf 1440.00000000 53171.65355274354270065 1.00000 7 
 fake.rf 1440.00000000 53181.63547235503222055 1.00000 7 
 fake.rf 1440.00000000 53191.57935865623352001 1.00000 7 
 fake.rf 1440.00000000 53201.56154450752305252 1.00000 7 
 fake.rf 1440.00000000 53211.57974385303374021 1.00000 7 
 fake.rf 1440.00000000 53221.54879302863509949 1.00000 7 
 fake.rf 1440.00000000 53231.49844197372225096 1.00000 7 
 fake.rf 1440.00000000 53241.50257661403383835 1.00000 7 
 fake.rf 1440.00000000 53251.47385722568203548 1.00000 7 
 fake.rf 1440.00000000 53261.42803590270078118 1.00000 7 
 fake.rf 1440.00000000 53271.40370122435349032 1.00000 7 
 fake.rf 1440.00000000 53281.32580617168692427 1.00000 7 
 fake.rf 1440.00000000 53291.30045276250403674 1.00000 7 
 fake.rf 1440.00000000 53301.29701419382262273 1.00000 7 
 fake.rf 1440.00000000 53311.25181551811296643 1.00000 7 
 fake.rf 1440.00000000 53321.22606947855291892 1.00000 7 
 fake.rf 1440.00000000 53331.22560290596008770 1.00000 7 
 fake.rf 1440.00000000 53341.21172381418181274 1.00000 7 
 fake.rf 1440.00000000 53351.17947321757036860 1.00000 7 
 fake.rf 1440.00000000 53361.13012687694821778 1.00000 7 
 fake.rf 1440.00000000 53371.10698493724513014 1.00000 7 
 fake.rf 1440.00000000 53381.10884529762514106 1.00000 7 
 fake.rf 1440.00000000 53391.09051398546796818 1.00000 7 
 fake.rf 1440.00000000 53401.06976670280858954 1.00000 7 
 fake.rf 1440.00000000 53411.03952041008870921 1.00000 7 
 fake.rf 1440.00000000 53420.96726953872190435 1.00000 7 
 fake.rf 1440.00000000 53430.96359926007113117 1.00000 7 
 fake.rf 1440.00000000 53440.94257235591446076 1.00000 7 
 fake.rf 1440.00000000 53450.91167496826718519 1.00000 7 
 fake.rf 1440.00000000 53460.90439046741203555 1.00000 7 
 fake.rf 1440.00000000 53470.84907114693477226 1.00000 7 
 fake.rf 1440.00000000 53480.77950287776046068 1.00000 7 
 fake.rf 1440.00000000 53490.78144231803746678 1.00000 7 
 fake.rf 1440.00000000 53500.78064705631044262 1.00000 7 
 fake.rf 1440.00000000 53510.72056889893804765 1.00000 7 
 fake.rf 1440.00000000 53520.68467862486335207 1.00000 7 
 fake.rf 1440.00000000 53530.68023692970422545 1.00000 7 
 fake.rf 1440.00000000 53540.68044545000587320 1.00000 7 
 fake.rf 1440.00000000 53550.59266076405255674 1.00000 7 
 fake.rf 1440.00000000 53560.58680402971113921 1.00000 7 
 fake.rf 1440.00000000 53570.56849555869542456 1.00000 7 
 fake.rf 1440.00000000 53580.56701383785182102 1.00000 7 
 fake.rf 1440.00000000 53590.51056643668858825 1.00000 7 
 fake.rf 1440.00000000 53600.49420888031203347 1.00000 7 
 fake.rf 1440.00000000 53610.43325956199346294 1.00000 7 
 fake.rf 1440.00000000 53620.44225108403173152 1.00000 7 
 fake.rf 1440.00000000 53630.42745190348100692 1.00000 7 
 fake.rf 1440.00000000 53640.39334032911495598 1.00000 7 
 fake.rf 1440.00000000 53650.33242380979040220 1.00000 7 
 fake.rf 1440.00000000 53660.31267830617684211 1.00000 7 
