FORMAT 1
 fake.rf 1440.00000000 50000.32510312970616440 1.00000 7 
 fake.rf 1440.00000000 50010.33494919945646018 1.00000 7 
 fake.rf 1440.00000000 50020.27525185537466967 1.00000 7 
 fake.rf 1440.00000000 50030.24666909207779142 1.00000 7 
 fake.rf 1440.00000000 50040.20993084246830662 1.00000 7 
 fake.rf 1440.00000000 50050.24213451058935220 1.00000 7 
 fake.rf 1440.00000000 50060.20335753092195219 1.00000 7 
 fake.rf 1440.00000000 50070.13996931725581518 1.00000 7 
 fake.rf 1440.00000000 50080.15353620332900064 1.00000 7 
 fake.rf 1440.00000000 50090.10321563051935456 1.00000 7 
 fake.rf 1440.00000000 50100.08229234607843239 1.00000 7 
 fake.rf 1440.00000000 50110.04236520194568527 1.00000 7 
 fake.rf 1440.00000000 50120.03706805953539671 1.00000 7 
 fake.rf 1440.00000000 50129.99737902258222633 1.00000 7 
 fake.rf 1440.00000000 50139.93350564895738586 1.00000 7 
 fake.rf 1440.00000000 50149.90920416539201199 1.00000 7 
 fake.rf 1440.00000000 50159.90527348333248625 1.00000 7 
 fake.rf 1440.00000000 50169.87117037796172525 1.00000 7 
 fake.rf 1440.00000000 50179.89184055768754433 1.00000 7 
 fake.rf 1440.00000000 50189.82575570927226138 1.00000 7 
 fake.rf 1440.00000000 50199.84767370935094633 1.00000 7 
 fake.rf 1440.00000000 50209.80148720576129762 1.00000 7 
 fake.rf 1440.00000000 50219.78298747288831549 1.00000 7 
 fake.rf 1440.00000000 50229.70010436063543935 1.00000 7 
 fake.rf 1440.00000000 50239.72675818087723343 1.00000 7 
 fake.rf 1440.00000000 50249.67909839920435289 1.00000 7 
 fake.rf 1440.00000000 50259.67439025755584581 1.00000 7 
 fake.rf 1440.00000000 50269.64883436916173309 1.00000 7 
 fake.rf 1440.00000000 50279.54735372563307294 1.00000 7 
 fake.rf 1440.00000000 50289.58510503595299213 1.00000 7 
 fake.rf 1440.00000000 50299.53324443044338921 1.00000 7 
 fake.rf 1440.00000000 50309.47875842558393344 1.00000 7 
 fake.rf 1440.00000000 50319.47032677661645650 1.00000 7 
 fake.rf 1440.00000000 50329.46940647779417333 1.00000 7 
 fake.rf 1440.00000000 50339.41364208391353330 1.00000 7 
 fake.rf 1440.00000000 50349.39577651025638616 1.00000 7 
 fake.rf 1440.00000000 50359.37103084998536318 1.00000 7 
 fake.rf 1440.00000000 50369.30379387151759119 1.00000 7 
 fake.rf 1440.00000000 50379.33317770236276800 1.00000 7 
 fake.rf 1440.00000000 50389.26596998705464614 1.00000 7 
 fake.rf 1440.00000000 50399.25905001227443591 1.00000 7 
 fake.rf 1440.00000000 50409.21148163318613911 1.00000 7 
 fake.rf 1440.00000000 50419.21498438912678708 1.00000 7 
 fake.rf 1440.00000000 50429.14673831737793108 1.00000 7 
 fake.rf 1440.00000000 50439.17011856265939329 1.00000 7 
 fake.rf 1440.00000000 50449.13705223615910000 1.00000 7 
 fake.rf 1440.00000000 50459.07180904943744437 1.00000 7 
 fake.rf 1440.00000000 50469.03522958850113156 1.00000 7 
 fake.rf 1440.00000000 50479.07869782486492127 1.00000 7 
 fake.rf 1440.00000000 50488.97809586821369621 1.00000 7 
 fake.rf 1440.00000000 50498.98606915882814050 1.00000 7 
 fake.rf 1440.00000000 50508.99542646409675584 1.00000 7 
 fake.rf 1440.00000000 50518.95927560888448937 1.00000 7 
 fake.rf 1440.00000000 50528.89272018775326245 1.00000 7 
 fake.rf 1440.00000000 50538.84649871881555327 1.00000 7 
 fake.rf 1440.00000000 50548.86430604861864779 1.00000 7 
 fake.rf 1440.00000000 50558.86072850886705865 1.00000 7 
 fake.rf 1440.00000000 50568.83710317626331232 1.00000 7 
 fake.rf 1440.00000000 50578.77332563108920027 1.00000 7 
 fake.rf 1440.00000000 50588.77890514592374060 1.00000 7 
 fake.rf 1440.00000000 50598.73700213585171781 1.00000 7 
 fake.rf 1440.00000000 50608.64866825246044613 1.00000 7 
 fake.rf 1440.00000000 50618.62706612160226882 1.00000 7 
 fake.rf 1440.00000000 50628.60403578664985247 1.00000 7 
 fake.rf 1440.00000000 50638.62541929986929645 1.00000 7 
 fake.rf 1440.00000000 50648.57535709072003982 1.00000 7 
 fake.rf 1440.00000000 50658.56176552694755699 1.00000 7 
 fake.rf 1440.00000000 50668.50237439113790572 1.00000 7 
 fake.rf 1440.00000000 50678.49571281377693666 1.00000 7 
 fake.rf 1440.00000000 50688.45547612004935090 1.00000 7 
 fake.rf 1440.00000000 50698.43951492186431551 1.00000 7 
 fake.rf 1440.00000000 50708.45323777099346430 1.00000 7 
 fake.rf 1440.00000000 50718.39273698748228014 1.00000 7 
 fake.rf 1440.00000000 50728.32424950594635504 1.00000 7 
 fake.rf 1440.00000000 50738.29703062116099943 1.00000 7 
 fake.rf 1440.00000000 50748.28721443293210669 1.00000 7 
 fake.rf 1440.00000000 50758.29629831268655593 1.00000 7 
 fake.rf 1440.00000000 50768.23114057130460708 1.00000 7 
 fake.rf 1440.00000000 50778.21204923399425724 1.00000 7 
 fake.rf 1440.00000000 50788.20857241071782440 1.00000 7 
 fake.rf 1440.00000000 50798.15345031756089966 1.00000 7 
 fake.rf 1440.00000000 50808.16963659336220616 1.00000 7 
 fake.rf 1440.00000000 50818.11948807818576412 1.00000 7 
 fake.rf 1440.00000000 50828.05551952168253749 1.00000 7 
 fake.rf 1440.00000000 50838.03245468702323606 1.00000 7 
 fake.rf 1440.00000000 50848.04672236433108168 1.00000 7 
 fake.rf 1440.00000000 50858.02786543992198531 1.00000 7 
 fake.rf 1440.00000000 50867.94519406920299787 1.00000 7 
 fake.rf 1440.00000000 50877.96314076852200969 1.00000 7 
 fake.rf 1440.00000000 50887.90781063306596721 1.00000 7 
 fake.rf 1440.00000000 50897.85802310501068746 1.00000 7 
 fake.rf 1440.00000000 50907.86137111452959303 1.00000 7 
 fake.rf 1440.00000000 50917.82834476085188413 1.00000 7 
 fake.rf 1440.00000000 50927.78425941172452696 1.00000 7 
 fake.rf 1440.00000000 50937.79188145104075502 1.00000 7 
 fake.rf 1440.00000000 50947.72420963379536474 1.00000 7 
 fake.rf 1440.00000000 50957.74069974791009230 1.00000 7 
 fake.rf 1440.00000000 50967.67870121629035651 1.00000 7 
 fake.rf 1440.00000000 50977.66227588812648719 1.00000 7 
 fake.rf 1440.00000000 50987.61607542766012813 1.00000 7 
 fake.rf 1440.00000000 50997.62447788470634791 1.00000 7 
 fake.rf 1440.00000000 51007.61939571411361172 1.00000 7 
 fake.rf 1440.00000000 51017.53088907469203761 1.00000 7 
 fake.rf 1440.00000000 51027.50609511617371794 1.00000 7 
 fake.rf 1440.00000000 51037.54316310607276463 1.00000 7 
 fake.rf 1440.00000000 51047.45474193448697520 1.00000 7 
 fake.rf 1440.00000000 51057.44743605523679264 1.00000 7 
 fake.rf 1440.00000000 51067.43755898743309629 1.00000 7 
 fake.rf 1440.00000000 51077.39461775301102620 1.00000 7 
 fake.rf 1440.00000000 51087.39552484770513630 1.00000 7 
 fake.rf 1440.00000000 51097.32614192525461050 1.00000 7 
 fake.rf 1440.00000000 51107.33871629864857056 1.00000 7 
 fake.rf 1440.00000000 51117.29978064569322882 1.00000 7 
 fake.rf 1440.00000000 51127.29088689875428742 1.00000 7 
 fake.rf 1440.00000000 51137.26679704249673364 1.00000 7 
 fake.rf 1440.00000000 51147.23210089574592985 1.00000 7 
 fake.rf 1440.00000000 51157.18144579494514446 1.00000 7 
 fake.rf 1440.00000000 51167.16580335211971686 1.00000 7 
 fake.rf 1440.00000000 51177.15907352818080511 1.00000 7 
 fake.rf 1440.00000000 51187.07033612457412275 1.00000 7 
 fake.rf 1440.00000000 51197.11000117136275733 1.00000 7 
 fake.rf 1440.00000000 51207.08078817716714326 1.00000 7 
 fake.rf 1440.00000000 51217.02270312470668401 1.00000 7 
 fake.rf 1440.00000000 51226.97331285634138354 1.00000 7 
 fake.rf 1440.00000000 51236.92731879851351096 1.00000 7 
 fake.rf 1440.00000000 51246.90416011802327390 1.00000 7 
 fake.rf 1440.00000000 51256.89773571057924073 1.00000 7 
 fake.rf 1440.00000000 51266.89553610604091460 1.00000 7 
 fake.rf 1440.00000000 51276.83768322393883565 1.00000 7 
 fake.rf 1440.00000000 51286.84213784442643203 1.00000 7 
 fake.rf 1440.00000000 51296.82104207718733591 1.00000 7 
 fake.rf 1440.00000000 51306.79889600341442701 1.00000 7 
 fake.rf 1440.00000000 51316.74223940325897786 1.00000 7 
 fake.rf 1440.00000000 51326.74327471452601301 1.00000 7 
 fake.rf 1440.00000000 51336.72363897105975283 1.00000 7 
 fake.rf 1440.00000000 51346.64802143216679298 1.00000 7 
 fake.rf 1440.00000000 51356.67127321603777546 1.00000 7 
 fake.rf 1440.00000000 51366.58830259548744479 1.00000 7 
 fake.rf 1440.00000000 51376.61344561056274216 1.00000 7 
 fake.rf 1440.00000000 51386.53772717068600429 1.00000 7 
 fake.rf 1440.00000000 51396.56630131016871132 1.00000 7 
 fake.rf 1440.00000000 51406.46603245865707166 1.00000 7 
 fake.rf 1440.00000000 51416.51352603425938170 1.00000 7 
 fake.rf 1440.00000000 51426.44713549327921953 1.00000 7 
 fake.rf 1440.00000000 51436.44861055344621548 1.00000 7 
 fake.rf 1440.00000000 51446.41598524345598520 1.00000 7 
 fake.rf 1440.00000000 51456.34220296208528111 1.00000 7 
 fake.rf 1440.00000000 51466.32032724939398705 1.00000 7 
 fake.rf 1440.00000000 51476.29936382397153949 1.00000 7 
 fake.rf 1440.00000000 51486.24615601601022519 1.00000 7 
 fake.rf 1440.00000000 51496.24618059021779715 1.00000 7 
 fake.rf 1440.00000000 51506.20885321397221190 1.00000 7 
 fake.rf 1440.00000000 51516.23707007369158362 1.00000 7 
 fake.rf 1440.00000000 51526.20631390677223749 1.00000 7 
 fake.rf 1440.00000000 51536.14690061822873446 1.00000 7 
 fake.rf 1440.00000000 51546.15642778316614780 1.00000 7 
 fake.rf 1440.00000000 51556.12981726024396067 1.00000 7 
 fake.rf 1440.00000000 51566.09128387549414541 1.00000 7 
 fake.rf 1440.00000000 51576.04258243121726224 1.00000 7 
 fake.rf 1440.00000000 51585.98542334531016706 1.00000 7 
 fake.rf 1440.00000000 51595.97864890618249589 1.00000 7 
 fake.rf 1440.00000000 51605.93615605467068974 1.00000 7 
 fake.rf 1440.00000000 51615.96748853893855724 1.00000 7 
 fake.rf 1440.00000000 51625.93136184588588122 1.00000 7 
 fake.rf 1440.00000000 51635.83387531105922719 1.00000 7 
 fake.rf 1440.00000000 51645.87287642762731821 1.00000 7 
 fake.rf 1440.00000000 51655.78843649114813275 1.00000 7 
 fake.rf 1440.00000000 51665.82483942137450583 1.00000 7 
 fake.rf 1440.00000000 51675.72484086672345782 1.00000 7 
 fake.rf 1440.00000000 51685.77618166975825531 1.00000 7 
 fake.rf 1440.00000000 51695.68083712459361934 1.00000 7 
 fake.rf 1440.00000000 51705.72005041118915258 1.00000 7 
 fake.rf 1440.00000000 51715.69842664057527415 1.00000 7 
 fake.rf 1440.00000000 51725.59454668886348117 1.00000 7 
 fake.rf 1440.00000000 51735.59467378460875508 1.00000 7 
 fake.rf 1440.00000000 51745.60182942531529804 1.00000 7 
 fake.rf 1440.00000000 51755.57596185463845018 1.00000 7 
 fake.rf 1440.00000000 51765.52961095285587234 1.00000 7 
 fake.rf 1440.00000000 51775.45886189039743286 1.00000 7 
 fake.rf 1440.00000000 51785.43933519308670910 1.00000 7 
 fake.rf 1440.00000000 51795.45041417133923645 1.00000 7 
 fake.rf 1440.00000000 51805.40699402694136566 1.00000 7 
 fake.rf 1440.00000000 51815.37744429250205513 1.00000 7 
 fake.rf 1440.00000000 51825.36071113572642943 1.00000 7 
 fake.rf 1440.00000000 51835.31383918703436819 1.00000 7 
 fake.rf 1440.00000000 51845.33551379738226572 1.00000 7 
 fake.rf 1440.00000000 51855.27227877914177867 1.00000 7 
 fake.rf 1440.00000000 51865.22610063543443459 1.00000 7 
 fake.rf 1440.00000000 51875.23654620469439536 1.00000 7 
 fake.rf 1440.00000000 51885.15191409193608507 1.00000 7 
 fake.rf 1440.00000000 51895.15921452287584970 1.00000 7 
 fake.rf 1440.00000000 51905.10685663185800820 1.00000 7 
 fake.rf 1440.00000000 51915.09036934455758328 1.00000 7 
 fake.rf 1440.00000000 51925.07297329584707768 1.00000 7 
 fake.rf 1440.00000000 51935.09512637351579301 1.00000 7 
 fake.rf 1440.00000000 51945.00845687917515647 1.00000 7 
 fake.rf 1440.00000000 51954.97403291411452386 1.00000 7 
 fake.rf 1440.00000000 51964.93905041850186777 1.00000 7 
 fake.rf 1440.00000000 51974.91608819993548707 1.00000 7 
 fake.rf 1440.00000000 51984.89230335109926173 1.00000 7 
 fake.rf 1440.00000000 51994.85263261763310183 1.00000 7 
 fake.rf 1440.00000000 52004.84496354043066191 1.00000 7 
 fake.rf 1440.00000000 52014.80436294409976838 1.00000 7 
 fake.rf 1440.00000000 52024.77037281258875012 1.00000 7 
 fake.rf 1440.00000000 52034.76946143763962738 1.00000 7 
 fake.rf 1440.00000000 52044.75629225914835274 1.00000 7 
 fake.rf 1440.00000000 52054.75676213780800694 1.00000 7 
 fake.rf 1440.00000000 52064.67395415457782448 1.00000 7 
 fake.rf 1440.00000000 52074.64173839098434726 1.00000 7 
 fake.rf 1440.00000000 52084.68209691465910538 1.00000 7 
 fake.rf 1440.00000000 52094.60706656735891684 1.00000 7 
 fake.rf 1440.00000000 52104.61323412402538580 1.00000 7 
 fake.rf 1440.00000000 52114.55414350282092428 1.00000 7 
 fake.rf 1440.00000000 52124.56020104862386688 1.00000 7 
 fake.rf 1440.00000000 52134.49360644927019592 1.00000 7 
 fake.rf 1440.00000000 52144.49828153424006771 1.00000 7 
 fake.rf 1440.00000000 52154.46998469126778275 1.00000 7 
 fake.rf 1440.00000000 52164.45079280599346561 1.00000 7 
 fake.rf 1440.00000000 52174.43659403006459740 1.00000 7 
 fake.rf 1440.00000000 52184.36271378002945198 1.00000 7 
 fake.rf 1440.00000000 52194.36952743396256338 1.00000 7 
 fake.rf 1440.00000000 52204.30660012810160353 1.00000 7 
 fake.rf 1440.00000000 52214.29099964089788344 1.00000 7 
 fake.rf 1440.00000000 52224.22529700321324597 1.00000 7 
 fake.rf 1440.00000000 52234.25561130613446892 1.00000 7 
 fake.rf 1440.00000000 52244.20613488683132886 1.00000 7 
 fake.rf 1440.00000000 52254.16440042540349253 1.00000 7 
 fake.rf 1440.00000000 52264.18759508622613552 1.00000 7 
 fake.rf 1440.00000000 52274.13044052984098542 1.00000 7 
 fake.rf 1440.00000000 52284.09304814044157794 1.00000 7 
 fake.rf 1440.00000000 52294.03642897054169580 1.00000 7 
 fake.rf 1440.00000000 52304.05024134561865523 1.00000 7 
 fake.rf 1440.00000000 52314.03248420474936964 1.00000 7 
 fake.rf 1440.00000000 52323.96256875027582822 1.00000 7 
 fake.rf 1440.00000000 52333.96969536761297448 1.00000 7 
 fake.rf 1440.00000000 52343.97833119301927596 1.00000 7 
 fake.rf 1440.00000000 52353.92255088719343092 1.00000 7 
 fake.rf 1440.00000000 52363.87411835727942488 1.00000 7 
 fake.rf 1440.00000000 52373.82725053412176308 1.00000 7 
 fake.rf 1440.00000000 52383.84989216479036855 1.00000 7 
 fake.rf 1440.00000000 52393.78578913709505471 1.00000 7 
 fake.rf 1440.00000000 52403.77452861786098381 1.00000 7 
 fake.rf 1440.00000000 52413.74730882042750224 1.00000 7 
 fake.rf 1440.00000000 52423.73475283577961292 1.00000 7 
 fake.rf 1440.00000000 52433.67352086543040812 1.00000 7 
 fake.rf 1440.00000000 52443.69034413899962033 1.00000 7 
 fake.rf 1440.00000000 52453.62643423929138464 1.00000 7 
 fake.rf 1440.00000000 52463.64754310078382815 1.00000 7 
 fake.rf 1440.00000000 52473.58914549814622319 1.00000 7 
 fake.rf 1440.00000000 52483.53834113121381932 1.00000 7 
 fake.rf 1440.00000000 52493.51287408030429305 1.00000 7 
 fake.rf 1440.00000000 52503.48859445754342445 1.00000 7 
 fake.rf 1440.00000000 52513.48550047606662972 1.00000 7 
 fake.rf 1440.00000000 52523.47173724855543497 1.00000 7 
 fake.rf 1440.00000000 52533.40905933170298781 1.00000 7 
 fake.rf 1440.00000000 52543.38025065521000556 1.00000 7 
 fake.rf 1440.00000000 52553.34431535838935545 1.00000 7 
 fake.rf 1440.00000000 52563.35054058960943735 1.00000 7 
 fake.rf 1440.00000000 52573.28889758659007114 1.00000 7 
 fake.rf 1440.00000000 52583.30644540134683140 1.00000 7 
 fake.rf 1440.00000000 52593.21924928244540354 1.00000 7 
 fake.rf 1440.00000000 52603.21162475572658224 1.00000 7 
 fake.rf 1440.00000000 52613.18695592990900423 1.00000 7 
 fake.rf 1440.00000000 52623.19264036030324405 1.00000 7 
 fake.rf 1440.00000000 52633.14240474059325336 1.00000 7 
 fake.rf 1440.00000000 52643.15216684872261155 1.00000 7 
 fake.rf 1440.00000000 52653.11045804237907575 1.00000 7 
 fake.rf 1440.00000000 52663.03174648065063934 1.00000 7 
 fake.rf 1440.00000000 52673.02038038632282735 1.00000 7 
 fake.rf 1440.00000000 52683.04244143033874082 1.00000 7 
 fake.rf 1440.00000000 52693.01367585134057236 1.00000 7 
 fake.rf 1440.00000000 52702.96551104396473164 1.00000 7 
 fake.rf 1440.00000000 52712.92028261351244467 1.00000 7 
 fake.rf 1440.00000000 52722.89160150142609496 1.00000 7 
 fake.rf 1440.00000000 52732.85818509140300492 1.00000 7 
 fake.rf 1440.00000000 52742.86236230973975836 1.00000 7 
 fake.rf 1440.00000000 52752.79447552924257892 1.00000 7 
 fake.rf 1440.00000000 52762.80778683567809750 1.00000 7 
 fake.rf 1440.00000000 52772.77704396080215332 1.00000 7 
 fake.rf 1440.00000000 52782.76139723054775388 1.00000 7 
 fake.rf 1440.00000000 52792.66787519002263096 1.00000 7 
 fake.rf 1440.00000000 52802.72230293045893035 1.00000 7 
 fake.rf 1440.00000000 52812.62634756385678259 1.00000 7 
 fake.rf 1440.00000000 52822.64036922439419541 1.00000 7 
 fake.rf 1440.00000000 52832.62500472826121367 1.00000 7 
 fake.rf 1440.00000000 52842.57700907194165652 1.00000 7 
 fake.rf 1440.00000000 52852.50619304084462513 1.00000 7 
 fake.rf 1440.00000000 52862.48219759179717059 1.00000 7 
 fake.rf 1440.00000000 52872.46773151663110113 1.00000 7 
 fake.rf 1440.00000000 52882.44591019109659058 1.00000 7 
 fake.rf 1440.00000000 52892.46676688157944568 1.00000 7 
 fake.rf 1440.00000000 52902.39240897744979009 1.00000 7 
 fake.rf 1440.00000000 52912.39026749000950645 1.00000 7 
 fake.rf 1440.00000000 52922.33042634627065581 1.00000 7 
 fake.rf 1440.00000000 52932.28905718459569130 1.00000 7 
 fake.rf 1440.00000000 52942.26398437910621553 1.00000 7 
 fake.rf 1440.00000000 52952.24120971108238720 1.00000 7 
 fake.rf 1440.00000000 52962.26876943515716434 1.00000 7 
 fake.rf 1440.00000000 52972.19228940932649863 1.00000 7 
 fake.rf 1440.00000000 52982.18545298292242762 1.00000 7 
 fake.rf 1440.00000000 52992.17904475039850354 1.00000 7 
 fake.rf 1440.00000000 53002.10110342390287386 1.00000 7 
 fake.rf 1440.00000000 53012.07340656859174288 1.00000 7 
 fake.rf 1440.00000000 53022.04907420639570148 1.00000 7 
 fake.rf 1440.00000000 53032.05308948856495732 1.00000 7 
 fake.rf 1440.00000000 53042.01928051876972603 1.00000 7 
 fake.rf 1440.00000000 53052.02642973662274528 1.00000 7 
 fake.rf 1440.00000000 53061.98986255131345757 1.00000 7 
 fake.rf 1440.00000000 53071.91333589651802427 1.00000 7 
 fake.rf 1440.00000000 53081.91704659151184487 1.00000 7 
 fake.rf 1440.00000000 53091.89213695144382399 1.00000 7 
 fake.rf 1440.00000000 53101.83272597567189877 1.00000 7 
 fake.rf 1440.00000000 53111.83483533870604987 1.00000 7 
 fake.rf 1440.00000000 53121.82460803820490725 1.00000 7 
 fake.rf 1440.00000000 53131.80652303868111375 1.00000 7 
 fake.rf 1440.00000000 53141.73723892379947387 1.00000 7 
 fake.rf 1440.00000000 53151.70632029910347427 1.00000 7 
 fake.rf 1440.00000000 53161.72805696341001180 1.00000 7 
 fake.rf 1440.00000000 53171.66208173193717101 1.00000 7 
 fake.rf 1440.00000000 53181.64400134733989844 1.00000 7 
 fake.rf 1440.00000000 53191.58788767799496355 1.00000 7 
 fake.rf 1440.00000000 53201.57007348866473251 1.00000 7 
 fake.rf 1440.00000000 53211.58827284770861610 1.00000 7 
 fake.rf 1440.00000000 53221.55732201039348794 1.00000 7 
 fake.rf 1440.00000000 53231.50697100388740068 1.00000 7 
 fake.rf 1440.00000000 53241.51110558419663477 1.00000 7 
 fake.rf 1440.00000000 53251.48238626161483111 1.00000 7 
 fake.rf 1440.00000000 53261.43656490859985908 1.00000 7 
 fake.rf 1440.00000000 53271.41223024359060290 1.00000 7 
 fake.rf 1440.00000000 53281.33433519723523020 1.00000 7 
 fake.rf 1440.00000000 53291.30898176960934265 1.00000 7 
 fake.rf 1440.00000000 53301.30554317469849934 1.00000 7 
 fake.rf 1440.00000000 53311.26034451180496987 1.00000 7 
 fake.rf 1440.00000000 53321.23459852456011632 1.00000 7 
 fake.rf 1440.00000000 53331.23413194245682334 1.00000 7 
 fake.rf 1440.00000000 53341.22025284736696449 1.00000 7 
 fake.rf 1440.00000000 53351.18800221048839205 1.00000 7 
 fake.rf 1440.00000000 53361.13865587599556406 1.00000 7 
 fake.rf 1440.00000000 53371.11551389338642792 1.00000 7 
 fake.rf 1440.00000000 53381.11737428955380125 1.00000 7 
 fake.rf 1440.00000000 53391.09904297567933185 1.00000 7 
 fake.rf 1440.00000000 53401.07829573829290837 1.00000 7 
 fake.rf 1440.00000000 53411.04804945509872383 1.00000 7 
 fake.rf 1440.00000000 53420.97579853808191075 1.00000 7 
 fake.rf 1440.00000000 53430.97212829578190707 1.00000 7 
 fake.rf 1440.00000000 53440.95110136787428701 1.00000 7 
 fake.rf 1440.00000000 53450.92020399339087788 1.00000 7 
 fake.rf 1440.00000000 53460.91291944433058703 1.00000 7 
 fake.rf 1440.00000000 53470.85760017836452462 1.00000 7 
 fake.rf 1440.00000000 53480.78803193051467346 1.00000 7 
 fake.rf 1440.00000000 53490.78997127857946481 1.00000 7 
 fake.rf 1440.00000000 53500.78917601590494257 1.00000 7 
 fake.rf 1440.00000000 53510.72909792220549718 1.00000 7 
 fake.rf 1440.00000000 53520.69320765730538980 1.00000 7 
 fake.rf 1440.00000000 53530.68876589545408962 1.00000 7 
 fake.rf 1440.00000000 53540.68897445390108913 1.00000 7 
 fake.rf 1440.00000000 53550.60118975412218134 1.00000 7 
 fake.rf 1440.00000000 53560.59533303978746233 1.00000 7 
 fake.rf 1440.00000000 53570.57702459130098305 1.00000 7 
 fake.rf 1440.00000000 53580.57554286410231370 1.00000 7 
 fake.rf 1440.00000000 53590.51909541356652866 1.00000 7 
 fake.rf 1440.00000000 53600.50273788204930270 1.00000 7 
 fake.rf 1440.00000000 53610.44178857677739813 1.00000 7 
 fake.rf 1440.00000000 53620.45078012184587024 1.00000 7 
 fake.rf 1440.00000000 53630.43598090591433802 1.00000 7 
 fake.rf 1440.00000000 53640.40186934323779511 1.00000 7 
 fake.rf 1440.00000000 53650.34095281213183171 1.00000 7 
 fake.rf 1440.00000000 53660.32120728827731782 1.00000 7 
