FORMAT 1
 fake.rf 1440.00000000 50000.33415497962630525 1.00000 7 
 fake.rf 1440.00000000 50010.34400105464468922 1.00000 7 
 fake.rf 1440.00000000 50020.28430367225058717 1.00000 7 
 fake.rf 1440.00000000 50030.25572094612590845 1.00000 7 
 fake.rf 1440.00000000 50040.21898268405200838 1.00000 7 
 fake.rf 1440.00000000 50050.25118634823868646 1.00000 7 
 fake.rf 1440.00000000 50060.21240939467359254 1.00000 7 
 fake.rf 1440.00000000 50070.14902114676325340 1.00000 7 
 fake.rf 1440.00000000 50080.16258807026727595 1.00000 7 
 fake.rf 1440.00000000 50090.11226745483028111 1.00000 7 
 fake.rf 1440.00000000 50100.09134421294999129 1.00000 7 
 fake.rf 1440.00000000 50110.05141704881663856 1.00000 7 
 fake.rf 1440.00000000 50120.04611991230116175 1.00000 7 
 fake.rf 1440.00000000 50130.00643088076417087 1.00000 7 
 fake.rf 1440.00000000 50139.94255746772751081 1.00000 7 
 fake.rf 1440.00000000 50149.91825604315227238 1.00000 7 
 fake.rf 1440.00000000 50159.91432530772567944 1.00000 7 
 fake.rf 1440.00000000 50169.88022222772507774 1.00000 7 
 fake.rf 1440.00000000 50179.90089240674690885 1.00000 7 
 fake.rf 1440.00000000 50189.83480753914690098 1.00000 7 
 fake.rf 1440.00000000 50199.85672557479866285 1.00000 7 
 fake.rf 1440.00000000 50209.81053906386908636 1.00000 7 
 fake.rf 1440.00000000 50219.79203933314953900 1.00000 7 
 fake.rf 1440.00000000 50229.70915622514490906 1.00000 7 
 fake.rf 1440.00000000 50239.73581001953654379 1.00000 7 
 fake.rf 1440.00000000 50249.68815024897459409 1.00000 7 
 fake.rf 1440.00000000 50259.68344209061614336 1.00000 7 
 fake.rf 1440.00000000 50269.65788621262627700 1.00000 7 
 fake.rf 1440.00000000 50279.55640559224428543 1.00000 7 
 fake.rf 1440.00000000 50289.59415687991960908 1.00000 7 
 fake.rf 1440.00000000 50299.54229625197698184 1.00000 7 
 fake.rf 1440.00000000 50309.48781028564282636 1.00000 7 
 fake.rf 1440.00000000 50319.47937862619093963 1.00000 7 
 fake.rf 1440.00000000 50329.47845833086563871 1.00000 7 
 fake.rf 1440.00000000 50339.42269394877300925 1.00000 7 
 fake.rf 1440.00000000 50349.40482836674346601 1.00000 7 
 fake.rf 1440.00000000 50359.38008270344109008 1.00000 7 
 fake.rf 1440.00000000 50369.31284570507831333 1.00000 7 
 fake.rf 1440.00000000 50379.34222956669904292 1.00000 7 
 fake.rf 1440.00000000 50389.27502180780991381 1.00000 7 
 fake.rf 1440.00000000 50399.26810187855221912 1.00000 7 
 fake.rf 1440.00000000 50409.22053346228918969 1.00000 7 
 fake.rf 1440.00000000 50419.22403624402185329 1.00000 7 
 fake.rf 1440.00000000 50429.15579018036496706 1.00000 7 
 fake.rf 1440.00000000 50439.17917039187088335 1.00000 7 
 fake.rf 1440.00000000 50449.14610409114888512 1.00000 7 
 fake.rf 1440.00000000 50459.08086092693338998 1.00000 7 
 fake.rf 1440.00000000 50469.04428143510544302 1.00000 7 
 fake.rf 1440.00000000 50479.08774967962017399 1.00000 7 
 fake.rf 1440.00000000 50488.98714771175900751 1.00000 7 
 fake.rf 1440.00000000 50498.99512101324232916 1.00000 7 
 fake.rf 1440.00000000 50509.00447831005238442 1.00000 7 
 fake.rf 1440.00000000 50518.96832747748833015 1.00000 7 
 fake.rf 1440.00000000 50528.90177204359027030 1.00000 7 
 fake.rf 1440.00000000 50538.85555059052246918 1.00000 7 
 fake.rf 1440.00000000 50548.87335787914932794 1.00000 7 
 fake.rf 1440.00000000 50558.86978034503524171 1.00000 7 
 fake.rf 1440.00000000 50568.84615505492689280 1.00000 7 
 fake.rf 1440.00000000 50578.78237748163770959 1.00000 7 
 fake.rf 1440.00000000 50588.78795697523384334 1.00000 7 
 fake.rf 1440.00000000 50598.74605397370038062 1.00000 7 
 fake.rf 1440.00000000 50608.65772012686439041 1.00000 7 
 fake.rf 1440.00000000 50618.63611796757163575 1.00000 7 
 fake.rf 1440.00000000 50628.61308763336279526 1.00000 7 
 fake.rf 1440.00000000 50638.63447115889994166 1.00000 7 
 fake.rf 1440.00000000 50648.58440893849155273 1.00000 7 
 fake.rf 1440.00000000 50658.57081739664711861 1.00000 7 
 fake.rf 1440.00000000 50668.51142623109063123 1.00000 7 
 fake.rf 1440.00000000 50678.50476468184748313 1.00000 7 
 fake.rf 1440.00000000 50688.46452797299338044 1.00000 7 
 fake.rf 1440.00000000 50698.44856675903723797 1.00000 7 
 fake.rf 1440.00000000 50708.46228960117042206 1.00000 7 
 fake.rf 1440.00000000 50718.40178883612681204 1.00000 7 
 fake.rf 1440.00000000 50728.33330138840646484 1.00000 7 
 fake.rf 1440.00000000 50738.30608247778647879 1.00000 7 
 fake.rf 1440.00000000 50748.29626627328710953 1.00000 7 
 fake.rf 1440.00000000 50758.30535018038281692 1.00000 7 
 fake.rf 1440.00000000 50768.24019242543960573 1.00000 7 
 fake.rf 1440.00000000 50778.22110106302375598 1.00000 7 
 fake.rf 1440.00000000 50788.21762425478561909 1.00000 7 
 fake.rf 1440.00000000 50798.16250217344093087 1.00000 7 
 fake.rf 1440.00000000 50808.17868843768598097 1.00000 7 
 fake.rf 1440.00000000 50818.12853992054835572 1.00000 7 
 fake.rf 1440.00000000 50828.06457137710165028 1.00000 7 
 fake.rf 1440.00000000 50838.04150653775759494 1.00000 7 
 fake.rf 1440.00000000 50848.05577421434690777 1.00000 7 
 fake.rf 1440.00000000 50858.03691727128386191 1.00000 7 
 fake.rf 1440.00000000 50867.95424593499668120 1.00000 7 
 fake.rf 1440.00000000 50877.97219262042192511 1.00000 7 
 fake.rf 1440.00000000 50887.91686248370146828 1.00000 7 
 fake.rf 1440.00000000 50897.86707494605477820 1.00000 7 
 fake.rf 1440.00000000 50907.87042294837614165 1.00000 7 
 fake.rf 1440.00000000 50917.83739663957649668 1.00000 7 
 fake.rf 1440.00000000 50927.79331126721583090 1.00000 7 
 fake.rf 1440.00000000 50937.80093330314604572 1.00000 7 
 fake.rf 1440.00000000 50947.73326149160256193 1.00000 7 
 fake.rf 1440.00000000 50957.74975156626458173 1.00000 7 
 fake.rf 1440.00000000 50967.68775305577208812 1.00000 7 
 fake.rf 1440.00000000 50977.67132776434038632 1.00000 7 
 fake.rf 1440.00000000 50987.62512731105495689 1.00000 7 
 fake.rf 1440.00000000 50997.63352973500293785 1.00000 7 
 fake.rf 1440.00000000 51007.62844754427634086 1.00000 7 
 fake.rf 1440.00000000 51017.53994093947747857 1.00000 7 
 fake.rf 1440.00000000 51027.51514693266943468 1.00000 7 
 fake.rf 1440.00000000 51037.55221495946256383 1.00000 7 
 fake.rf 1440.00000000 51047.46379379860864489 1.00000 7 
 fake.rf 1440.00000000 51057.45648790885199375 1.00000 7 
 fake.rf 1440.00000000 51067.44661085839083725 1.00000 7 
 fake.rf 1440.00000000 51077.40366958093111549 1.00000 7 
 fake.rf 1440.00000000 51087.40457668824775084 1.00000 7 
 fake.rf 1440.00000000 51097.33519378654747101 1.00000 7 
 fake.rf 1440.00000000 51107.34776814395465649 1.00000 7 
 fake.rf 1440.00000000 51117.30883249085735898 1.00000 7 
 fake.rf 1440.00000000 51127.29993875647154766 1.00000 7 
 fake.rf 1440.00000000 51137.27584886553421484 1.00000 7 
 fake.rf 1440.00000000 51147.24115275190311536 1.00000 7 
 fake.rf 1440.00000000 51157.19049764823585846 1.00000 7 
 fake.rf 1440.00000000 51167.17485520110031061 1.00000 7 
 fake.rf 1440.00000000 51177.16812538512265363 1.00000 7 
 fake.rf 1440.00000000 51187.07938797309179790 1.00000 7 
 fake.rf 1440.00000000 51197.11905304470993627 1.00000 7 
 fake.rf 1440.00000000 51207.08984003942746810 1.00000 7 
 fake.rf 1440.00000000 51217.03175496602067440 1.00000 7 
 fake.rf 1440.00000000 51226.98236471414665871 1.00000 7 
 fake.rf 1440.00000000 51236.93637067325706269 1.00000 7 
 fake.rf 1440.00000000 51246.91321197007760091 1.00000 7 
 fake.rf 1440.00000000 51256.90678755604337269 1.00000 7 
 fake.rf 1440.00000000 51266.90458794168532819 1.00000 7 
 fake.rf 1440.00000000 51276.84673506882319671 1.00000 7 
 fake.rf 1440.00000000 51286.85118968361743086 1.00000 7 
 fake.rf 1440.00000000 51296.83009393941075160 1.00000 7 
 fake.rf 1440.00000000 51306.80794783399719350 1.00000 7 
 fake.rf 1440.00000000 51316.75129126256890899 1.00000 7 
 fake.rf 1440.00000000 51326.75232656371583673 1.00000 7 
 fake.rf 1440.00000000 51336.73269083119463119 1.00000 7 
 fake.rf 1440.00000000 51346.65707327708129881 1.00000 7 
 fake.rf 1440.00000000 51356.68032504985607289 1.00000 7 
 fake.rf 1440.00000000 51366.59735444257329107 1.00000 7 
 fake.rf 1440.00000000 51376.62249748855451870 1.00000 7 
 fake.rf 1440.00000000 51386.54677902581230242 1.00000 7 
 fake.rf 1440.00000000 51396.57535314714559149 1.00000 7 
 fake.rf 1440.00000000 51406.47508431035960896 1.00000 7 
 fake.rf 1440.00000000 51416.52257785510070676 1.00000 7 
 fake.rf 1440.00000000 51426.45618735953724965 1.00000 7 
 fake.rf 1440.00000000 51436.45766243137377316 1.00000 7 
 fake.rf 1440.00000000 51446.42503711579225367 1.00000 7 
 fake.rf 1440.00000000 51456.35125479861989106 1.00000 7 
 fake.rf 1440.00000000 51466.32937911489806382 1.00000 7 
 fake.rf 1440.00000000 51476.30841568269305242 1.00000 7 
 fake.rf 1440.00000000 51486.25520788148709883 1.00000 7 
 fake.rf 1440.00000000 51496.25523244041894699 1.00000 7 
 fake.rf 1440.00000000 51506.21790506811736421 1.00000 7 
 fake.rf 1440.00000000 51516.24612192218995688 1.00000 7 
 fake.rf 1440.00000000 51526.21536577264322432 1.00000 7 
 fake.rf 1440.00000000 51536.15595248054971833 1.00000 7 
 fake.rf 1440.00000000 51546.16547961672233313 1.00000 7 
 fake.rf 1440.00000000 51556.13886909264022407 1.00000 7 
 fake.rf 1440.00000000 51566.10033572885371100 1.00000 7 
 fake.rf 1440.00000000 51576.05163426278213024 1.00000 7 
 fake.rf 1440.00000000 51585.99447521036850617 1.00000 7 
 fake.rf 1440.00000000 51595.98770075342713781 1.00000 7 
 fake.rf 1440.00000000 51605.94520791704752583 1.00000 7 
 fake.rf 1440.00000000 51615.97654041170618200 1.00000 7 
 fake.rf 1440.00000000 51625.94041371938244467 1.00000 7 
 fake.rf 1440.00000000 51635.84292717808589046 1.00000 7 
 fake.rf 1440.00000000 51645.88192826652204914 1.00000 7 
 fake.rf 1440.00000000 51655.79748834101513566 1.00000 7 
 fake.rf 1440.00000000 51665.83389125643212481 1.00000 7 
 fake.rf 1440.00000000 51675.73389272322345178 1.00000 7 
 fake.rf 1440.00000000 51685.78523349686773258 1.00000 7 
 fake.rf 1440.00000000 51695.68988897132584270 1.00000 7 
 fake.rf 1440.00000000 51705.72910223194919510 1.00000 7 
 fake.rf 1440.00000000 51715.70747849520811812 1.00000 7 
 fake.rf 1440.00000000 51725.60359856389978006 1.00000 7 
 fake.rf 1440.00000000 51735.60372562547595976 1.00000 7 
 fake.rf 1440.00000000 51745.61088129414250147 1.00000 7 
 fake.rf 1440.00000000 51755.58501368031765821 1.00000 7 
 fake.rf 1440.00000000 51765.53866277620280201 1.00000 7 
 fake.rf 1440.00000000 51775.46791374860012525 1.00000 7 
 fake.rf 1440.00000000 51785.44838703594563611 1.00000 7 
 fake.rf 1440.00000000 51795.45946602104058698 1.00000 7 
 fake.rf 1440.00000000 51805.41604589355311106 1.00000 7 
 fake.rf 1440.00000000 51815.38649615283500793 1.00000 7 
 fake.rf 1440.00000000 51825.36976298079519410 1.00000 7 
 fake.rf 1440.00000000 51835.32289103279379106 1.00000 7 
 fake.rf 1440.00000000 51845.34456562370673538 1.00000 7 
 fake.rf 1440.00000000 51855.28133064077264791 1.00000 7 
 fake.rf 1440.00000000 51865.23515248329469784 1.00000 7 
 fake.rf 1440.00000000 51875.24559803644516265 1.00000 7 
 fake.rf 1440.00000000 51885.16096592889921268 1.00000 7 
 fake.rf 1440.00000000 51895.16826638921826387 1.00000 7 
 fake.rf 1440.00000000 51905.11590850769801975 1.00000 7 
 fake.rf 1440.00000000 51915.09942118894421981 1.00000 7 
 fake.rf 1440.00000000 51925.08202513817477808 1.00000 7 
 fake.rf 1440.00000000 51935.10417823497967404 1.00000 7 
 fake.rf 1440.00000000 51945.01750875157686949 1.00000 7 
 fake.rf 1440.00000000 51954.98308475823798247 1.00000 7 
 fake.rf 1440.00000000 51964.94810226332869973 1.00000 7 
 fake.rf 1440.00000000 51974.92514002167426312 1.00000 7 
 fake.rf 1440.00000000 51984.90135518139577187 1.00000 7 
 fake.rf 1440.00000000 51994.86168446171797797 1.00000 7 
 fake.rf 1440.00000000 52004.85401536765895614 1.00000 7 
 fake.rf 1440.00000000 52014.81341479021936891 1.00000 7 
 fake.rf 1440.00000000 52024.77942466578060277 1.00000 7 
 fake.rf 1440.00000000 52034.77851328379400186 1.00000 7 
 fake.rf 1440.00000000 52044.76534409938832582 1.00000 7 
 fake.rf 1440.00000000 52054.76581396465795493 1.00000 7 
 fake.rf 1440.00000000 52064.68300599323882238 1.00000 7 
 fake.rf 1440.00000000 52074.65079024813737973 1.00000 7 
 fake.rf 1440.00000000 52084.69114876774736800 1.00000 7 
 fake.rf 1440.00000000 52094.61611841202004669 1.00000 7 
 fake.rf 1440.00000000 52104.62228595674009668 1.00000 7 
 fake.rf 1440.00000000 52114.56319532259911043 1.00000 7 
 fake.rf 1440.00000000 52124.56925288682366215 1.00000 7 
 fake.rf 1440.00000000 52134.50265832042484604 1.00000 7 
 fake.rf 1440.00000000 52144.50733337061911143 1.00000 7 
 fake.rf 1440.00000000 52154.47903656259761007 1.00000 7 
 fake.rf 1440.00000000 52164.45984464710276995 1.00000 7 
 fake.rf 1440.00000000 52174.44564591154096078 1.00000 7 
 fake.rf 1440.00000000 52184.37176564196378337 1.00000 7 
 fake.rf 1440.00000000 52194.37857928390771534 1.00000 7 
 fake.rf 1440.00000000 52204.31565196145582775 1.00000 7 
 fake.rf 1440.00000000 52214.30005149377073437 1.00000 7 
 fake.rf 1440.00000000 52224.23434883635249903 1.00000 7 
 fake.rf 1440.00000000 52234.26466315041118094 1.00000 7 
 fake.rf 1440.00000000 52244.21518673695023693 1.00000 7 
 fake.rf 1440.00000000 52254.17345227221020920 1.00000 7 
 fake.rf 1440.00000000 52264.19664692926616922 1.00000 7 
 fake.rf 1440.00000000 52274.13949235547972094 1.00000 7 
 fake.rf 1440.00000000 52284.10209999124185742 1.00000 7 
 fake.rf 1440.00000000 52294.04548081079345323 1.00000 7 
 fake.rf 1440.00000000 52304.05929319981135350 1.00000 7 
 fake.rf 1440.00000000 52314.04153607074777810 1.00000 7 
 fake.rf 1440.00000000 52323.97162061423193080 1.00000 7 
 fake.rf 1440.00000000 52333.97874721598236647 1.00000 7 
 fake.rf 1440.00000000 52343.98738304043091318 1.00000 7 
 fake.rf 1440.00000000 52353.93160274163821910 1.00000 7 
 fake.rf 1440.00000000 52363.88317021578494703 1.00000 7 
 fake.rf 1440.00000000 52373.83630238006721314 1.00000 7 
 fake.rf 1440.00000000 52383.85894402123094338 1.00000 7 
 fake.rf 1440.00000000 52393.79484099465451763 1.00000 7 
 fake.rf 1440.00000000 52403.78358047528558572 1.00000 7 
 fake.rf 1440.00000000 52413.75636067062583479 1.00000 7 
 fake.rf 1440.00000000 52423.74380468052039816 1.00000 7 
 fake.rf 1440.00000000 52433.68257271786692186 1.00000 7 
 fake.rf 1440.00000000 52443.69939598956358040 1.00000 7 
 fake.rf 1440.00000000 52453.63548609355082064 1.00000 7 
 fake.rf 1440.00000000 52463.65659496148560592 1.00000 7 
 fake.rf 1440.00000000 52473.59819732806791492 1.00000 7 
 fake.rf 1440.00000000 52483.54739301189316336 1.00000 7 
 fake.rf 1440.00000000 52493.52192595615264992 1.00000 7 
 fake.rf 1440.00000000 52503.49764631155967010 1.00000 7 
 fake.rf 1440.00000000 52513.49455233805332099 1.00000 7 
 fake.rf 1440.00000000 52523.48078909813915160 1.00000 7 
 fake.rf 1440.00000000 52533.41811117122500008 1.00000 7 
 fake.rf 1440.00000000 52543.38930250815959866 1.00000 7 
 fake.rf 1440.00000000 52553.35336720137325628 1.00000 7 
 fake.rf 1440.00000000 52563.35959244988667649 1.00000 7 
 fake.rf 1440.00000000 52573.29794946309053927 1.00000 7 
 fake.rf 1440.00000000 52583.31549724759515385 1.00000 7 
 fake.rf 1440.00000000 52593.22830112961993976 1.00000 7 
 fake.rf 1440.00000000 52603.22067661929811067 1.00000 7 
 fake.rf 1440.00000000 52613.19600780517635386 1.00000 7 
 fake.rf 1440.00000000 52623.20169218953394008 1.00000 7 
 fake.rf 1440.00000000 52633.15145657465871665 1.00000 7 
 fake.rf 1440.00000000 52643.16121869608736006 1.00000 7 
 fake.rf 1440.00000000 52653.11950990206812051 1.00000 7 
 fake.rf 1440.00000000 52663.04079831846405568 1.00000 7 
 fake.rf 1440.00000000 52673.02943223444139420 1.00000 7 
 fake.rf 1440.00000000 52683.05149328867959113 1.00000 7 
 fake.rf 1440.00000000 52693.02272769851699863 1.00000 7 
 fake.rf 1440.00000000 52702.97456290038808646 1.00000 7 
 fake.rf 1440.00000000 52712.92933443557983608 1.00000 7 
 fake.rf 1440.00000000 52722.90065336748933333 1.00000 7 
 fake.rf 1440.00000000 52732.86723693680400515 1.00000 7 
 fake.rf 1440.00000000 52742.87141417293536705 1.00000 7 
 fake.rf 1440.00000000 52752.80352737018496967 1.00000 7 
 fake.rf 1440.00000000 52762.81683869159899913 1.00000 7 
 fake.rf 1440.00000000 52772.78609582896892505 1.00000 7 
 fake.rf 1440.00000000 52782.77044907534291696 1.00000 7 
 fake.rf 1440.00000000 52792.67692706812580994 1.00000 7 
 fake.rf 1440.00000000 52802.73135476840450764 1.00000 7 
 fake.rf 1440.00000000 52812.63539940091541780 1.00000 7 
 fake.rf 1440.00000000 52822.64942107611855349 1.00000 7 
 fake.rf 1440.00000000 52832.63405656775609742 1.00000 7 
 fake.rf 1440.00000000 52842.58606089951519991 1.00000 7 
 fake.rf 1440.00000000 52852.51524489333252177 1.00000 7 
 fake.rf 1440.00000000 52862.49124946674160341 1.00000 7 
 fake.rf 1440.00000000 52872.47678335454620324 1.00000 7 
 fake.rf 1440.00000000 52882.45496205216099739 1.00000 7 
 fake.rf 1440.00000000 52892.47581872497795530 1.00000 7 
 fake.rf 1440.00000000 52902.40146084034660134 1.00000 7 
 fake.rf 1440.00000000 52912.39931933559132915 1.00000 7 
 fake.rf 1440.00000000 52922.33947819758291686 1.00000 7 
 fake.rf 1440.00000000 52932.29810905000708487 1.00000 7 
 fake.rf 1440.00000000 52942.27303626204763276 1.00000 7 
 fake.rf 1440.00000000 52952.25026157381261527 1.00000 7 
 fake.rf 1440.00000000 52962.27782130384803949 1.00000 7 
 fake.rf 1440.00000000 52972.20134125915014778 1.00000 7 
 fake.rf 1440.00000000 52982.19450482739468455 1.00000 7 
 fake.rf 1440.00000000 52992.18809661205970230 1.00000 7 
 fake.rf 1440.00000000 53002.11015527310003392 1.00000 7 
 fake.rf 1440.00000000 53012.08245841834776968 1.00000 7 
 fake.rf 1440.00000000 53022.05812607649218648 1.00000 7 
 fake.rf 1440.00000000 53032.06214133670525257 1.00000 7 
 fake.rf 1440.00000000 53042.02833235467311468 1.00000 7 
 fake.rf 1440.00000000 53052.03548159375310789 1.00000 7 
 fake.rf 1440.00000000 53061.99891438678860567 1.00000 7 
 fake.rf 1440.00000000 53071.92238775214536872 1.00000 7 
 fake.rf 1440.00000000 53081.92609841597874265 1.00000 7 
 fake.rf 1440.00000000 53091.90118879902194138 1.00000 7 
 fake.rf 1440.00000000 53101.84177780457923390 1.00000 7 
 fake.rf 1440.00000000 53111.84388719806372592 1.00000 7 
 fake.rf 1440.00000000 53121.83365988634594501 1.00000 7 
 fake.rf 1440.00000000 53131.81557488303640824 1.00000 7 
 fake.rf 1440.00000000 53141.74629078817394401 1.00000 7 
 fake.rf 1440.00000000 53151.71537215026244638 1.00000 7 
 fake.rf 1440.00000000 53161.73710880485162278 1.00000 7 
 fake.rf 1440.00000000 53171.67113360310836256 1.00000 7 
 fake.rf 1440.00000000 53181.65305317639541016 1.00000 7 
 fake.rf 1440.00000000 53191.59693952955990781 1.00000 7 
 fake.rf 1440.00000000 53201.57912533458638649 1.00000 7 
 fake.rf 1440.00000000 53211.59732469899276452 1.00000 7 
 fake.rf 1440.00000000 53221.56637385672924268 1.00000 7 
 fake.rf 1440.00000000 53231.51602287865416230 1.00000 7 
 fake.rf 1440.00000000 53241.52015741974786422 1.00000 7 
 fake.rf 1440.00000000 53251.49143811090021572 1.00000 7 
 fake.rf 1440.00000000 53261.44561677553584289 1.00000 7 
 fake.rf 1440.00000000 53271.42128206945627511 1.00000 7 
 fake.rf 1440.00000000 53281.34338706773497307 1.00000 7 
 fake.rf 1440.00000000 53291.31803360536027725 1.00000 7 
 fake.rf 1440.00000000 53301.31459502637699543 1.00000 7 
 fake.rf 1440.00000000 53311.26939634822506875 1.00000 7 
 fake.rf 1440.00000000 53321.24365036535609264 1.00000 7 
 fake.rf 1440.00000000 53331.24318378412094432 1.00000 7 
 fake.rf 1440.00000000 53341.22930467785740660 1.00000 7 
 fake.rf 1440.00000000 53351.19705404958816430 1.00000 7 
 fake.rf 1440.00000000 53361.14770773153432870 1.00000 7 
 fake.rf 1440.00000000 53371.12456574126455777 1.00000 7 
 fake.rf 1440.00000000 53381.12642616534293794 1.00000 7 
 fake.rf 1440.00000000 53391.10809481474985105 1.00000 7 
 fake.rf 1440.00000000 53401.08734757005156624 1.00000 7 
 fake.rf 1440.00000000 53411.05710130118083612 1.00000 7 
 fake.rf 1440.00000000 53420.98485036979837304 1.00000 7 
 fake.rf 1440.00000000 53430.98118013872448984 1.00000 7 
 fake.rf 1440.00000000 53440.96015318807189232 1.00000 7 
 fake.rf 1440.00000000 53450.92925583164524994 1.00000 7 
 fake.rf 1440.00000000 53460.92197127726427297 1.00000 7 
 fake.rf 1440.00000000 53470.86665200975322776 1.00000 7 
 fake.rf 1440.00000000 53480.79708376763850808 1.00000 7 
 fake.rf 1440.00000000 53490.79902312842695977 1.00000 7 
 fake.rf 1440.00000000 53500.79822786993563355 1.00000 7 
 fake.rf 1440.00000000 53510.73814977494054190 1.00000 7 
 fake.rf 1440.00000000 53520.70225952654382695 1.00000 7 
 fake.rf 1440.00000000 53530.69781774805034402 1.00000 7 
 fake.rf 1440.00000000 53540.69802631015900829 1.00000 7 
 fake.rf 1440.00000000 53550.61024161383298292 1.00000 7 
 fake.rf 1440.00000000 53560.60438489834101716 1.00000 7 
 fake.rf 1440.00000000 53570.58607642160917095 1.00000 7 
 fake.rf 1440.00000000 53580.58459470683638770 1.00000 7 
 fake.rf 1440.00000000 53590.52814727882337920 1.00000 7 
 fake.rf 1440.00000000 53600.51178970740292939 1.00000 7 
 fake.rf 1440.00000000 53610.45084042432523219 1.00000 7 
 fake.rf 1440.00000000 53620.45983198117559354 1.00000 7 
 fake.rf 1440.00000000 53630.44503275198044179 1.00000 7 
 fake.rf 1440.00000000 53640.41092121469396403 1.00000 7 
 fake.rf 1440.00000000 53650.35000466119812401 1.00000 7 
 fake.rf 1440.00000000 53660.33025914484075258 1.00000 7 
