FORMAT 1
 fake.rf 1440.00000000 50000.40231865851427173 1.00000 7 
 fake.rf 1440.00000000 50010.41216472853994190 1.00000 7 
 fake.rf 1440.00000000 50020.35246735366208526 1.00000 7 
 fake.rf 1440.00000000 50030.32388464332861844 1.00000 7 
 fake.rf 1440.00000000 50040.28714638173270401 1.00000 7 
 fake.rf 1440.00000000 50050.31934999411064524 1.00000 7 
 fake.rf 1440.00000000 50060.28057306219190536 1.00000 7 
 fake.rf 1440.00000000 50070.21718481580688120 1.00000 7 
 fake.rf 1440.00000000 50080.23075172081500028 1.00000 7 
 fake.rf 1440.00000000 50090.18043114485291767 1.00000 7 
 fake.rf 1440.00000000 50100.15950786277970508 1.00000 7 
 fake.rf 1440.00000000 50110.11958073386605861 1.00000 7 
 fake.rf 1440.00000000 50120.11428357249999976 1.00000 7 
 fake.rf 1440.00000000 50130.07459457471189879 1.00000 7 
 fake.rf 1440.00000000 50140.01072116977193716 1.00000 7 
 fake.rf 1440.00000000 50149.98641969943440344 1.00000 7 
 fake.rf 1440.00000000 50159.98248899347313312 1.00000 7 
 fake.rf 1440.00000000 50169.94838586872171149 1.00000 7 
 fake.rf 1440.00000000 50179.96905608491554318 1.00000 7 
 fake.rf 1440.00000000 50189.90297123414122993 1.00000 7 
 fake.rf 1440.00000000 50199.92488923016407298 1.00000 7 
 fake.rf 1440.00000000 50209.87870273286106126 1.00000 7 
 fake.rf 1440.00000000 50219.86020300814110939 1.00000 7 
 fake.rf 1440.00000000 50229.77731988481814795 1.00000 7 
 fake.rf 1440.00000000 50239.80397373492368729 1.00000 7 
 fake.rf 1440.00000000 50249.75631391577407570 1.00000 7 
 fake.rf 1440.00000000 50259.75160576802706558 1.00000 7 
 fake.rf 1440.00000000 50269.72604992489112519 1.00000 7 
 fake.rf 1440.00000000 50279.62456924640803280 1.00000 7 
 fake.rf 1440.00000000 50289.66232056176751897 1.00000 7 
 fake.rf 1440.00000000 50299.61045994749746413 1.00000 7 
 fake.rf 1440.00000000 50309.55597397547874650 1.00000 7 
 fake.rf 1440.00000000 50319.54754230949212257 1.00000 7 
 fake.rf 1440.00000000 50329.54662198309156196 1.00000 7 
 fake.rf 1440.00000000 50339.49085761187797416 1.00000 7 
 fake.rf 1440.00000000 50349.47299205948510092 1.00000 7 
 fake.rf 1440.00000000 50359.44824640533121496 1.00000 7 
 fake.rf 1440.00000000 50369.38100939215325980 1.00000 7 
 fake.rf 1440.00000000 50379.41039323208104150 1.00000 7 
 fake.rf 1440.00000000 50389.34318551189387847 1.00000 7 
 fake.rf 1440.00000000 50399.33626556641106831 1.00000 7 
 fake.rf 1440.00000000 50409.28869717082579172 1.00000 7 
 fake.rf 1440.00000000 50419.29219992798348216 1.00000 7 
 fake.rf 1440.00000000 50429.22395383683688763 1.00000 7 
 fake.rf 1440.00000000 50439.24733410612931195 1.00000 7 
 fake.rf 1440.00000000 50449.21426780169869275 1.00000 7 
 fake.rf 1440.00000000 50459.14902458768149174 1.00000 7 
 fake.rf 1440.00000000 50469.11244512237334447 1.00000 7 
 fake.rf 1440.00000000 50479.15591335518817573 1.00000 7 
 fake.rf 1440.00000000 50489.05531137827837540 1.00000 7 
 fake.rf 1440.00000000 50499.06328466677371125 1.00000 7 
 fake.rf 1440.00000000 50509.07264198329792393 1.00000 7 
 fake.rf 1440.00000000 50519.03649113466063270 1.00000 7 
 fake.rf 1440.00000000 50528.96993572936231587 1.00000 7 
 fake.rf 1440.00000000 50538.92371425730901535 1.00000 7 
 fake.rf 1440.00000000 50548.94152158487655768 1.00000 7 
 fake.rf 1440.00000000 50558.93794404610030568 1.00000 7 
 fake.rf 1440.00000000 50568.91431871335009163 1.00000 7 
 fake.rf 1440.00000000 50578.85054114619415344 1.00000 7 
 fake.rf 1440.00000000 50588.85612067908892442 1.00000 7 
 fake.rf 1440.00000000 50598.81421766107047233 1.00000 7 
 fake.rf 1440.00000000 50608.72588377247174307 1.00000 7 
 fake.rf 1440.00000000 50618.70428163948199440 1.00000 7 
 fake.rf 1440.00000000 50628.68125134701751833 1.00000 7 
 fake.rf 1440.00000000 50638.70263481885665158 1.00000 7 
 fake.rf 1440.00000000 50648.65257259835861348 1.00000 7 
 fake.rf 1440.00000000 50658.63898104780347964 1.00000 7 
 fake.rf 1440.00000000 50668.57958992498517503 1.00000 7 
 fake.rf 1440.00000000 50678.57292834748352561 1.00000 7 
 fake.rf 1440.00000000 50688.53269168060332106 1.00000 7 
 fake.rf 1440.00000000 50698.51673041440826140 1.00000 7 
 fake.rf 1440.00000000 50708.53045328271590009 1.00000 7 
 fake.rf 1440.00000000 50718.46995253725259190 1.00000 7 
 fake.rf 1440.00000000 50728.40146508062067809 1.00000 7 
 fake.rf 1440.00000000 50738.37424616486594786 1.00000 7 
 fake.rf 1440.00000000 50748.36442995707862735 1.00000 7 
 fake.rf 1440.00000000 50758.37351385218514110 1.00000 7 
 fake.rf 1440.00000000 50768.30835611017320730 1.00000 7 
 fake.rf 1440.00000000 50778.28926472497926881 1.00000 7 
 fake.rf 1440.00000000 50788.28578794255598439 1.00000 7 
 fake.rf 1440.00000000 50798.23066583601552182 1.00000 7 
 fake.rf 1440.00000000 50808.24685211660696282 1.00000 7 
 fake.rf 1440.00000000 50818.19670360094790595 1.00000 7 
 fake.rf 1440.00000000 50828.13273501565050339 1.00000 7 
 fake.rf 1440.00000000 50838.10967020867759203 1.00000 7 
 fake.rf 1440.00000000 50848.12393786022248321 1.00000 7 
 fake.rf 1440.00000000 50858.10508094456900707 1.00000 7 
 fake.rf 1440.00000000 50868.02240961908728778 1.00000 7 
 fake.rf 1440.00000000 50878.04035631462628331 1.00000 7 
 fake.rf 1440.00000000 50887.98502616445735924 1.00000 7 
 fake.rf 1440.00000000 50897.93523863371065730 1.00000 7 
 fake.rf 1440.00000000 50907.93858663388780172 1.00000 7 
 fake.rf 1440.00000000 50917.90556028435656444 1.00000 7 
 fake.rf 1440.00000000 50927.86147495589804990 1.00000 7 
 fake.rf 1440.00000000 50937.86909700717914262 1.00000 7 
 fake.rf 1440.00000000 50947.80142513774334745 1.00000 7 
 fake.rf 1440.00000000 50957.81791524528757620 1.00000 7 
 fake.rf 1440.00000000 50967.75591671938615335 1.00000 7 
 fake.rf 1440.00000000 50977.73949142546994295 1.00000 7 
 fake.rf 1440.00000000 50987.69329099585667819 1.00000 7 
 fake.rf 1440.00000000 50997.70169341943671881 1.00000 7 
 fake.rf 1440.00000000 51007.69661123186184781 1.00000 7 
 fake.rf 1440.00000000 51017.60810460403115840 1.00000 7 
 fake.rf 1440.00000000 51027.58331060281690128 1.00000 7 
 fake.rf 1440.00000000 51037.62037862723296300 1.00000 7 
 fake.rf 1440.00000000 51047.53195746578733605 1.00000 7 
 fake.rf 1440.00000000 51057.52465161363958046 1.00000 7 
 fake.rf 1440.00000000 51067.51477455309120757 1.00000 7 
 fake.rf 1440.00000000 51077.47183328087164966 1.00000 7 
 fake.rf 1440.00000000 51087.47274037079037612 1.00000 7 
 fake.rf 1440.00000000 51097.40335746601887124 1.00000 7 
 fake.rf 1440.00000000 51107.41593184710301045 1.00000 7 
 fake.rf 1440.00000000 51117.37699620230754149 1.00000 7 
 fake.rf 1440.00000000 51127.36810243030508261 1.00000 7 
 fake.rf 1440.00000000 51137.34401257777801675 1.00000 7 
 fake.rf 1440.00000000 51147.30931640432723029 1.00000 7 
 fake.rf 1440.00000000 51157.25866133907635458 1.00000 7 
 fake.rf 1440.00000000 51167.24301889967084733 1.00000 7 
 fake.rf 1440.00000000 51177.23628907147006828 1.00000 7 
 fake.rf 1440.00000000 51187.14755167330588037 1.00000 7 
 fake.rf 1440.00000000 51197.18721672348258522 1.00000 7 
 fake.rf 1440.00000000 51207.15800369905060663 1.00000 7 
 fake.rf 1440.00000000 51217.09991866513005476 1.00000 7 
 fake.rf 1440.00000000 51227.05052837782833564 1.00000 7 
 fake.rf 1440.00000000 51237.00453437095576703 1.00000 7 
 fake.rf 1440.00000000 51246.98137565258200610 1.00000 7 
 fake.rf 1440.00000000 51256.97495125012153139 1.00000 7 
 fake.rf 1440.00000000 51266.97275162107607116 1.00000 7 
 fake.rf 1440.00000000 51276.91489872896134372 1.00000 7 
 fake.rf 1440.00000000 51286.91935332831930339 1.00000 7 
 fake.rf 1440.00000000 51296.89825760109292574 1.00000 7 
 fake.rf 1440.00000000 51306.87611150438539198 1.00000 7 
 fake.rf 1440.00000000 51316.81945495237819088 1.00000 7 
 fake.rf 1440.00000000 51326.82049027744259106 1.00000 7 
 fake.rf 1440.00000000 51336.80085449866484737 1.00000 7 
 fake.rf 1440.00000000 51346.72523696030461338 1.00000 7 
 fake.rf 1440.00000000 51356.74848873608576483 1.00000 7 
 fake.rf 1440.00000000 51366.66551813968101570 1.00000 7 
 fake.rf 1440.00000000 51376.69066114989150407 1.00000 7 
 fake.rf 1440.00000000 51386.61494270926416306 1.00000 7 
 fake.rf 1440.00000000 51396.64351683436266427 1.00000 7 
 fake.rf 1440.00000000 51406.54324797844541095 1.00000 7 
 fake.rf 1440.00000000 51416.59074156623276153 1.00000 7 
 fake.rf 1440.00000000 51426.52435103711365727 1.00000 7 
 fake.rf 1440.00000000 51436.52582612066225920 1.00000 7 
 fake.rf 1440.00000000 51446.49320080735352079 1.00000 7 
 fake.rf 1440.00000000 51456.41941850206578124 1.00000 7 
 fake.rf 1440.00000000 51466.39754276501430041 1.00000 7 
 fake.rf 1440.00000000 51476.37657932916725301 1.00000 7 
 fake.rf 1440.00000000 51486.32337155808781048 1.00000 7 
 fake.rf 1440.00000000 51496.32339614599594668 1.00000 7 
 fake.rf 1440.00000000 51506.28606876449165597 1.00000 7 
 fake.rf 1440.00000000 51516.31428562645312752 1.00000 7 
 fake.rf 1440.00000000 51526.28352946947888924 1.00000 7 
 fake.rf 1440.00000000 51536.22411613570176669 1.00000 7 
 fake.rf 1440.00000000 51546.23364331423050189 1.00000 7 
 fake.rf 1440.00000000 51556.20703276034942775 1.00000 7 
 fake.rf 1440.00000000 51566.16849940895682991 1.00000 7 
 fake.rf 1440.00000000 51576.11979792098202324 1.00000 7 
 fake.rf 1440.00000000 51586.06263889908765918 1.00000 7 
 fake.rf 1440.00000000 51596.05586444532554324 1.00000 7 
 fake.rf 1440.00000000 51606.01337156066275114 1.00000 7 
 fake.rf 1440.00000000 51616.04470407697944623 1.00000 7 
 fake.rf 1440.00000000 51626.00857738381721518 1.00000 7 
 fake.rf 1440.00000000 51635.91109088256909487 1.00000 7 
 fake.rf 1440.00000000 51645.95009190911675745 1.00000 7 
 fake.rf 1440.00000000 51655.86565199648063640 1.00000 7 
 fake.rf 1440.00000000 51665.90205495284586945 1.00000 7 
 fake.rf 1440.00000000 51675.80205639700566422 1.00000 7 
 fake.rf 1440.00000000 51685.85339717498359491 1.00000 7 
 fake.rf 1440.00000000 51695.75805266143368755 1.00000 7 
 fake.rf 1440.00000000 51705.79726594289261143 1.00000 7 
 fake.rf 1440.00000000 51715.77564217335276808 1.00000 7 
 fake.rf 1440.00000000 51725.67176222896668847 1.00000 7 
 fake.rf 1440.00000000 51735.67188931264904284 1.00000 7 
 fake.rf 1440.00000000 51745.67904498988803041 1.00000 7 
 fake.rf 1440.00000000 51755.65317738411318160 1.00000 7 
 fake.rf 1440.00000000 51765.60682645703954208 1.00000 7 
 fake.rf 1440.00000000 51775.53607740984866226 1.00000 7 
 fake.rf 1440.00000000 51785.51655071650506912 1.00000 7 
 fake.rf 1440.00000000 51795.52762972822327470 1.00000 7 
 fake.rf 1440.00000000 51805.48420954350638823 1.00000 7 
 fake.rf 1440.00000000 51815.45465980001224793 1.00000 7 
 fake.rf 1440.00000000 51825.43792668925242495 1.00000 7 
 fake.rf 1440.00000000 51835.39105469338771570 1.00000 7 
 fake.rf 1440.00000000 51845.41272932002371476 1.00000 7 
 fake.rf 1440.00000000 51855.34949432267894665 1.00000 7 
 fake.rf 1440.00000000 51865.30331614647097993 1.00000 7 
 fake.rf 1440.00000000 51875.31376171692807020 1.00000 7 
 fake.rf 1440.00000000 51885.22912960908785607 1.00000 7 
 fake.rf 1440.00000000 51895.23643006012869350 1.00000 7 
 fake.rf 1440.00000000 51905.18407219394790886 1.00000 7 
 fake.rf 1440.00000000 51915.16758490223752176 1.00000 7 
 fake.rf 1440.00000000 51925.15018881688932595 1.00000 7 
 fake.rf 1440.00000000 51935.17234189032649994 1.00000 7 
 fake.rf 1440.00000000 51945.08567242241870687 1.00000 7 
 fake.rf 1440.00000000 51955.05124844144355123 1.00000 7 
 fake.rf 1440.00000000 51965.01626595438348488 1.00000 7 
 fake.rf 1440.00000000 51974.99330372738261730 1.00000 7 
 fake.rf 1440.00000000 51984.96951886735334014 1.00000 7 
 fake.rf 1440.00000000 51994.92984816928943204 1.00000 7 
 fake.rf 1440.00000000 52004.92217906937301564 1.00000 7 
 fake.rf 1440.00000000 52014.88157844586229217 1.00000 7 
 fake.rf 1440.00000000 52024.84758834288622253 1.00000 7 
 fake.rf 1440.00000000 52034.84667697901841166 1.00000 7 
 fake.rf 1440.00000000 52044.83350780540873970 1.00000 7 
 fake.rf 1440.00000000 52054.83397766114874372 1.00000 7 
 fake.rf 1440.00000000 52064.75116968646641880 1.00000 7 
 fake.rf 1440.00000000 52074.71895393454343548 1.00000 7 
 fake.rf 1440.00000000 52084.75931245092811395 1.00000 7 
 fake.rf 1440.00000000 52094.68428207258078189 1.00000 7 
 fake.rf 1440.00000000 52104.69044962143764721 1.00000 7 
 fake.rf 1440.00000000 52114.63135902134268562 1.00000 7 
 fake.rf 1440.00000000 52124.63741656059728413 1.00000 7 
 fake.rf 1440.00000000 52134.57082199486495000 1.00000 7 
 fake.rf 1440.00000000 52144.57549705739371504 1.00000 7 
 fake.rf 1440.00000000 52154.54720023503254467 1.00000 7 
 fake.rf 1440.00000000 52164.52800831311027707 1.00000 7 
 fake.rf 1440.00000000 52174.51380957360503388 1.00000 7 
 fake.rf 1440.00000000 52184.43992928927234942 1.00000 7 
 fake.rf 1440.00000000 52194.44674293381603292 1.00000 7 
 fake.rf 1440.00000000 52204.38381567695105190 1.00000 7 
 fake.rf 1440.00000000 52214.36821519015573401 1.00000 7 
 fake.rf 1440.00000000 52224.30251251465472961 1.00000 7 
 fake.rf 1440.00000000 52234.33282683406381608 1.00000 7 
 fake.rf 1440.00000000 52244.28335043690380957 1.00000 7 
 fake.rf 1440.00000000 52254.24161596105639305 1.00000 7 
 fake.rf 1440.00000000 52264.26481060269195211 1.00000 7 
 fake.rf 1440.00000000 52274.20765606901526468 1.00000 7 
 fake.rf 1440.00000000 52284.17026365841889302 1.00000 7 
 fake.rf 1440.00000000 52294.11364451194146952 1.00000 7 
 fake.rf 1440.00000000 52304.12745685496172143 1.00000 7 
 fake.rf 1440.00000000 52314.10969972878798373 1.00000 7 
 fake.rf 1440.00000000 52324.03978429009377038 1.00000 7 
 fake.rf 1440.00000000 52334.04691087251171666 1.00000 7 
 fake.rf 1440.00000000 52344.05554673327382886 1.00000 7 
 fake.rf 1440.00000000 52353.99976642688150363 1.00000 7 
 fake.rf 1440.00000000 52363.95133386556860700 1.00000 7 
 fake.rf 1440.00000000 52373.90446602960750866 1.00000 7 
 fake.rf 1440.00000000 52383.92710768137023081 1.00000 7 
 fake.rf 1440.00000000 52393.86300465714558072 1.00000 7 
 fake.rf 1440.00000000 52403.85174415493213473 1.00000 7 
 fake.rf 1440.00000000 52413.82452434758256388 1.00000 7 
 fake.rf 1440.00000000 52423.81196833731270601 1.00000 7 
 fake.rf 1440.00000000 52433.75073641675569291 1.00000 7 
 fake.rf 1440.00000000 52443.76755970155802800 1.00000 7 
 fake.rf 1440.00000000 52453.70364977696654307 1.00000 7 
 fake.rf 1440.00000000 52463.72475863430057430 1.00000 7 
 fake.rf 1440.00000000 52473.66636102588181956 1.00000 7 
 fake.rf 1440.00000000 52483.61555668199073210 1.00000 7 
 fake.rf 1440.00000000 52493.59008962177267321 1.00000 7 
 fake.rf 1440.00000000 52503.56581000192732134 1.00000 7 
 fake.rf 1440.00000000 52513.56271601696187901 1.00000 7 
 fake.rf 1440.00000000 52523.54895277029530121 1.00000 7 
 fake.rf 1440.00000000 52533.48627483492131418 1.00000 7 
 fake.rf 1440.00000000 52543.45746616674867369 1.00000 7 
 fake.rf 1440.00000000 52553.42153087180875914 1.00000 7 
 fake.rf 1440.00000000 52563.42775611353230047 1.00000 7 
 fake.rf 1440.00000000 52573.36611315236256914 1.00000 7 
 fake.rf 1440.00000000 52583.38366095776525100 1.00000 7 
 fake.rf 1440.00000000 52593.29646480112678475 1.00000 7 
 fake.rf 1440.00000000 52603.28884028688039010 1.00000 7 
 fake.rf 1440.00000000 52613.26417147823478970 1.00000 7 
 fake.rf 1440.00000000 52623.26985588106327185 1.00000 7 
 fake.rf 1440.00000000 52633.21962023133298914 1.00000 7 
 fake.rf 1440.00000000 52643.22938237427208108 1.00000 7 
 fake.rf 1440.00000000 52653.18767356857214423 1.00000 7 
 fake.rf 1440.00000000 52663.10896202011544887 1.00000 7 
 fake.rf 1440.00000000 52673.09759593633251740 1.00000 7 
 fake.rf 1440.00000000 52683.11965695388043329 1.00000 7 
 fake.rf 1440.00000000 52693.09089137539405812 1.00000 7 
 fake.rf 1440.00000000 52703.04272658265686502 1.00000 7 
 fake.rf 1440.00000000 52712.99749812227364743 1.00000 7 
 fake.rf 1440.00000000 52722.96881706797889677 1.00000 7 
 fake.rf 1440.00000000 52732.93540061164782529 1.00000 7 
 fake.rf 1440.00000000 52742.93957782625338027 1.00000 7 
 fake.rf 1440.00000000 52752.87169103939546844 1.00000 7 
 fake.rf 1440.00000000 52762.88500239798311497 1.00000 7 
 fake.rf 1440.00000000 52772.85425947841817873 1.00000 7 
 fake.rf 1440.00000000 52782.83861275679014824 1.00000 7 
 fake.rf 1440.00000000 52792.74509074866742253 1.00000 7 
 fake.rf 1440.00000000 52802.79951845915806885 1.00000 7 
 fake.rf 1440.00000000 52812.70356304369127898 1.00000 7 
 fake.rf 1440.00000000 52822.71758475645027531 1.00000 7 
 fake.rf 1440.00000000 52832.70222025779759534 1.00000 7 
 fake.rf 1440.00000000 52842.65422456454230016 1.00000 7 
 fake.rf 1440.00000000 52852.58340859439935144 1.00000 7 
 fake.rf 1440.00000000 52862.55941311065216226 1.00000 7 
 fake.rf 1440.00000000 52872.54494702600340261 1.00000 7 
 fake.rf 1440.00000000 52882.52312572357086040 1.00000 7 
 fake.rf 1440.00000000 52892.54398238731092263 1.00000 7 
 fake.rf 1440.00000000 52902.46962450015287516 1.00000 7 
 fake.rf 1440.00000000 52912.46748301448609553 1.00000 7 
 fake.rf 1440.00000000 52922.40764188406081558 1.00000 7 
 fake.rf 1440.00000000 52932.36627275496364575 1.00000 7 
 fake.rf 1440.00000000 52942.34119991431257901 1.00000 7 
 fake.rf 1440.00000000 52952.31842525143397893 1.00000 7 
 fake.rf 1440.00000000 52962.34598500922767528 1.00000 7 
 fake.rf 1440.00000000 52972.26950491553941092 1.00000 7 
 fake.rf 1440.00000000 52982.26266847764162549 1.00000 7 
 fake.rf 1440.00000000 52992.25626031062749632 1.00000 7 
 fake.rf 1440.00000000 53002.17831893635658602 1.00000 7 
 fake.rf 1440.00000000 53012.15062207250086246 1.00000 7 
 fake.rf 1440.00000000 53022.12628974491120459 1.00000 7 
 fake.rf 1440.00000000 53032.13030503664174375 1.00000 7 
 fake.rf 1440.00000000 53042.09649606761999863 1.00000 7 
 fake.rf 1440.00000000 53052.10364527445649685 1.00000 7 
 fake.rf 1440.00000000 53062.06707809113677499 1.00000 7 
 fake.rf 1440.00000000 53071.99055143012394353 1.00000 7 
 fake.rf 1440.00000000 53081.99426211321613778 1.00000 7 
 fake.rf 1440.00000000 53091.96935248988907219 1.00000 7 
 fake.rf 1440.00000000 53101.90994150400312890 1.00000 7 
 fake.rf 1440.00000000 53111.91205086920736278 1.00000 7 
 fake.rf 1440.00000000 53121.90182357798045487 1.00000 7 
 fake.rf 1440.00000000 53131.88373855815121161 1.00000 7 
 fake.rf 1440.00000000 53141.81445445235638658 1.00000 7 
 fake.rf 1440.00000000 53151.78353580261167011 1.00000 7 
 fake.rf 1440.00000000 53161.80527247004731706 1.00000 7 
 fake.rf 1440.00000000 53171.73929724324584001 1.00000 7 
 fake.rf 1440.00000000 53181.72121687635454634 1.00000 7 
 fake.rf 1440.00000000 53191.66510318933931245 1.00000 7 
 fake.rf 1440.00000000 53201.64728901049713983 1.00000 7 
 fake.rf 1440.00000000 53211.66548835871984835 1.00000 7 
 fake.rf 1440.00000000 53221.63453754426505782 1.00000 7 
 fake.rf 1440.00000000 53231.58418657443322530 1.00000 7 
 fake.rf 1440.00000000 53241.58832110496409840 1.00000 7 
 fake.rf 1440.00000000 53251.55960180523220870 1.00000 7 
 fake.rf 1440.00000000 53261.51378048079418903 1.00000 7 
 fake.rf 1440.00000000 53271.48944576417255803 1.00000 7 
 fake.rf 1440.00000000 53281.41155074674595937 1.00000 7 
 fake.rf 1440.00000000 53291.38619728723353930 1.00000 7 
 fake.rf 1440.00000000 53301.38275870818401714 1.00000 7 
 fake.rf 1440.00000000 53311.33756003468175777 1.00000 7 
 fake.rf 1440.00000000 53321.31181401315744139 1.00000 7 
 fake.rf 1440.00000000 53331.31134746225767174 1.00000 7 
 fake.rf 1440.00000000 53341.29746837317254915 1.00000 7 
 fake.rf 1440.00000000 53351.26521771831837881 1.00000 7 
 fake.rf 1440.00000000 53361.21587141863334125 1.00000 7 
 fake.rf 1440.00000000 53371.19272941118749998 1.00000 7 
 fake.rf 1440.00000000 53381.19458983376350503 1.00000 7 
 fake.rf 1440.00000000 53391.17625851663301972 1.00000 7 
 fake.rf 1440.00000000 53401.15551126579025265 1.00000 7 
 fake.rf 1440.00000000 53411.12526500380939964 1.00000 7 
 fake.rf 1440.00000000 53421.05301404604923121 1.00000 7 
 fake.rf 1440.00000000 53431.04934382728285414 1.00000 7 
 fake.rf 1440.00000000 53441.02831689349192956 1.00000 7 
 fake.rf 1440.00000000 53450.99741951219269609 1.00000 7 
 fake.rf 1440.00000000 53460.99013493804556418 1.00000 7 
 fake.rf 1440.00000000 53470.93481571631492244 1.00000 7 
 fake.rf 1440.00000000 53480.86524743162976847 1.00000 7 
 fake.rf 1440.00000000 53490.86718680738012921 1.00000 7 
 fake.rf 1440.00000000 53500.86639155415972624 1.00000 7 
 fake.rf 1440.00000000 53510.80631344535979821 1.00000 7 
 fake.rf 1440.00000000 53520.77042318301366564 1.00000 7 
 fake.rf 1440.00000000 53530.76598144881240415 1.00000 7 
 fake.rf 1440.00000000 53540.76618998005392314 1.00000 7 
 fake.rf 1440.00000000 53550.67840531551641092 1.00000 7 
 fake.rf 1440.00000000 53560.67254853694326400 1.00000 7 
 fake.rf 1440.00000000 53570.65424012643098806 1.00000 7 
 fake.rf 1440.00000000 53580.65275837762275657 1.00000 7 
 fake.rf 1440.00000000 53590.59631094462930534 1.00000 7 
 fake.rf 1440.00000000 53600.57995340193767220 1.00000 7 
 fake.rf 1440.00000000 53610.51900409986420115 1.00000 7 
 fake.rf 1440.00000000 53620.52799563515243619 1.00000 7 
 fake.rf 1440.00000000 53630.51319643659620695 1.00000 7 
 fake.rf 1440.00000000 53640.47908487177526382 1.00000 7 
 fake.rf 1440.00000000 53650.41816835624182858 1.00000 7 
 fake.rf 1440.00000000 53660.39842282396233486 1.00000 7 
