FORMAT 1
 fake.rf 1440.00000000 50000.42018208284517655 1.00000 7 
 fake.rf 1440.00000000 50010.43002814150844060 1.00000 7 
 fake.rf 1440.00000000 50020.37033080168615484 1.00000 7 
 fake.rf 1440.00000000 50030.34174806819569170 1.00000 7 
 fake.rf 1440.00000000 50040.30500976633724264 1.00000 7 
 fake.rf 1440.00000000 50050.33721346113610551 1.00000 7 
 fake.rf 1440.00000000 50060.29843650350783335 1.00000 7 
 fake.rf 1440.00000000 50070.23504828005198419 1.00000 7 
 fake.rf 1440.00000000 50080.24861517247453691 1.00000 7 
 fake.rf 1440.00000000 50090.19829456130247181 1.00000 7 
 fake.rf 1440.00000000 50100.17737128983454298 1.00000 7 
 fake.rf 1440.00000000 50110.13744414282437845 1.00000 7 
 fake.rf 1440.00000000 50120.13214702362241937 1.00000 7 
 fake.rf 1440.00000000 50130.09245800007299465 1.00000 7 
 fake.rf 1440.00000000 50140.02858456579759050 1.00000 7 
 fake.rf 1440.00000000 50150.00428311852445518 1.00000 7 
 fake.rf 1440.00000000 50160.00035241712219403 1.00000 7 
 fake.rf 1440.00000000 50169.96624931062429908 1.00000 7 
 fake.rf 1440.00000000 50179.98691951748865137 1.00000 7 
 fake.rf 1440.00000000 50189.92083464990214736 1.00000 7 
 fake.rf 1440.00000000 50199.94275266600408258 1.00000 7 
 fake.rf 1440.00000000 50209.89656618334826277 1.00000 7 
 fake.rf 1440.00000000 50219.87806643202800316 1.00000 7 
 fake.rf 1440.00000000 50229.79518334702281734 1.00000 7 
 fake.rf 1440.00000000 50239.82183712274065357 1.00000 7 
 fake.rf 1440.00000000 50249.77417737588568514 1.00000 7 
 fake.rf 1440.00000000 50259.76946920854216927 1.00000 7 
 fake.rf 1440.00000000 50269.74391331661759352 1.00000 7 
 fake.rf 1440.00000000 50279.64243266823059741 1.00000 7 
 fake.rf 1440.00000000 50289.68018397648279461 1.00000 7 
 fake.rf 1440.00000000 50299.62832335295376751 1.00000 7 
 fake.rf 1440.00000000 50309.57383737626132358 1.00000 7 
 fake.rf 1440.00000000 50319.56540573971030028 1.00000 7 
 fake.rf 1440.00000000 50329.56448541880542535 1.00000 7 
 fake.rf 1440.00000000 50339.50872104921157302 1.00000 7 
 fake.rf 1440.00000000 50349.49085546620835174 1.00000 7 
 fake.rf 1440.00000000 50359.46610983081089330 1.00000 7 
 fake.rf 1440.00000000 50369.39887279576128165 1.00000 7 
 fake.rf 1440.00000000 50379.42825665999738050 1.00000 7 
 fake.rf 1440.00000000 50389.36104891430424146 1.00000 7 
 fake.rf 1440.00000000 50399.35412896201833632 1.00000 7 
 fake.rf 1440.00000000 50409.30656057174284612 1.00000 7 
 fake.rf 1440.00000000 50419.31006336270771229 1.00000 7 
 fake.rf 1440.00000000 50429.24181726987259466 1.00000 7 
 fake.rf 1440.00000000 50439.26519748792092912 1.00000 7 
 fake.rf 1440.00000000 50449.23213118416356693 1.00000 7 
 fake.rf 1440.00000000 50459.16688800780563540 1.00000 7 
 fake.rf 1440.00000000 50469.13030850513328929 1.00000 7 
 fake.rf 1440.00000000 50479.17377679395613654 1.00000 7 
 fake.rf 1440.00000000 50489.07317481975316298 1.00000 7 
 fake.rf 1440.00000000 50499.08114811706190039 1.00000 7 
 fake.rf 1440.00000000 50509.09050542747547397 1.00000 7 
 fake.rf 1440.00000000 50519.05435458367520596 1.00000 7 
 fake.rf 1440.00000000 50528.98779915604992397 1.00000 7 
 fake.rf 1440.00000000 50538.94157766790003450 1.00000 7 
 fake.rf 1440.00000000 50548.95938497320954141 1.00000 7 
 fake.rf 1440.00000000 50558.95580745356750896 1.00000 7 
 fake.rf 1440.00000000 50568.93218216392173403 1.00000 7 
 fake.rf 1440.00000000 50578.86840458685241018 1.00000 7 
 fake.rf 1440.00000000 50588.87398407588977634 1.00000 7 
 fake.rf 1440.00000000 50598.83208106295294826 1.00000 7 
 fake.rf 1440.00000000 50608.74374720378044401 1.00000 7 
 fake.rf 1440.00000000 50618.72214505176058452 1.00000 7 
 fake.rf 1440.00000000 50628.69911474580641553 1.00000 7 
 fake.rf 1440.00000000 50638.72049826400334283 1.00000 7 
 fake.rf 1440.00000000 50648.67043604356542730 1.00000 7 
 fake.rf 1440.00000000 50658.65684448734577927 1.00000 7 
 fake.rf 1440.00000000 50668.59745331938899682 1.00000 7 
 fake.rf 1440.00000000 50678.59079178711352398 1.00000 7 
 fake.rf 1440.00000000 50688.55055507238029477 1.00000 7 
 fake.rf 1440.00000000 50698.53459384443044655 1.00000 7 
 fake.rf 1440.00000000 50708.54831671471712795 1.00000 7 
 fake.rf 1440.00000000 50718.48781594112508841 1.00000 7 
 fake.rf 1440.00000000 50728.41932848093149033 1.00000 7 
 fake.rf 1440.00000000 50738.39210957529783030 1.00000 7 
 fake.rf 1440.00000000 50748.38229337321631007 1.00000 7 
 fake.rf 1440.00000000 50758.39137726690540120 1.00000 7 
 fake.rf 1440.00000000 50768.32621956174390121 1.00000 7 
 fake.rf 1440.00000000 50778.30712816120141539 1.00000 7 
 fake.rf 1440.00000000 50788.30365135937206134 1.00000 7 
 fake.rf 1440.00000000 50798.24852930349594615 1.00000 7 
 fake.rf 1440.00000000 50808.26471557392433809 1.00000 7 
 fake.rf 1440.00000000 50818.21456702661122762 1.00000 7 
 fake.rf 1440.00000000 50828.15059844981100667 1.00000 7 
 fake.rf 1440.00000000 50838.12753364391366162 1.00000 7 
 fake.rf 1440.00000000 50848.14180131850103450 1.00000 7 
 fake.rf 1440.00000000 50858.12294438194587443 1.00000 7 
 fake.rf 1440.00000000 50868.04027302711693892 1.00000 7 
 fake.rf 1440.00000000 50878.05821973971368877 1.00000 7 
 fake.rf 1440.00000000 50888.00288959277750322 1.00000 7 
 fake.rf 1440.00000000 50897.95310206030809752 1.00000 7 
 fake.rf 1440.00000000 50907.95645005009076556 1.00000 7 
 fake.rf 1440.00000000 50917.92342373663034394 1.00000 7 
 fake.rf 1440.00000000 50927.87933836931136966 1.00000 7 
 fake.rf 1440.00000000 50937.88696039846448471 1.00000 7 
 fake.rf 1440.00000000 50947.81928857067457628 1.00000 7 
 fake.rf 1440.00000000 50957.83577866260269218 1.00000 7 
 fake.rf 1440.00000000 50967.77378017596176463 1.00000 7 
 fake.rf 1440.00000000 50977.75735487751766684 1.00000 7 
 fake.rf 1440.00000000 50987.71115438436799039 1.00000 7 
 fake.rf 1440.00000000 50997.71955686880816572 1.00000 7 
 fake.rf 1440.00000000 51007.71447465807690946 1.00000 7 
 fake.rf 1440.00000000 51017.62596805907893938 1.00000 7 
 fake.rf 1440.00000000 51027.60117404335091251 1.00000 7 
 fake.rf 1440.00000000 51037.63824206860727273 1.00000 7 
 fake.rf 1440.00000000 51047.54982088872198176 1.00000 7 
 fake.rf 1440.00000000 51057.54251503203722251 1.00000 7 
 fake.rf 1440.00000000 51067.53263794442214518 1.00000 7 
 fake.rf 1440.00000000 51077.48969668790905274 1.00000 7 
 fake.rf 1440.00000000 51087.49060379018015254 1.00000 7 
 fake.rf 1440.00000000 51097.42122089263206064 1.00000 7 
 fake.rf 1440.00000000 51107.43379526609524177 1.00000 7 
 fake.rf 1440.00000000 51117.39485961683437054 1.00000 7 
 fake.rf 1440.00000000 51127.38596586248126385 1.00000 7 
 fake.rf 1440.00000000 51137.36187599676491899 1.00000 7 
 fake.rf 1440.00000000 51147.32717985810906569 1.00000 7 
 fake.rf 1440.00000000 51157.27652476929385017 1.00000 7 
 fake.rf 1440.00000000 51167.26088228189899354 1.00000 7 
 fake.rf 1440.00000000 51177.25415249251578587 1.00000 7 
 fake.rf 1440.00000000 51187.16541509019753420 1.00000 7 
 fake.rf 1440.00000000 51197.20508015617173569 1.00000 7 
 fake.rf 1440.00000000 51207.17586714462451170 1.00000 7 
 fake.rf 1440.00000000 51217.11778207739447666 1.00000 7 
 fake.rf 1440.00000000 51227.06839180755073215 1.00000 7 
 fake.rf 1440.00000000 51237.02239777447871205 1.00000 7 
 fake.rf 1440.00000000 51246.99923907502810039 1.00000 7 
 fake.rf 1440.00000000 51256.99281464060454638 1.00000 7 
 fake.rf 1440.00000000 51266.99061503658517935 1.00000 7 
 fake.rf 1440.00000000 51276.93276215796483442 1.00000 7 
 fake.rf 1440.00000000 51286.93721679441911832 1.00000 7 
 fake.rf 1440.00000000 51296.91612103850762594 1.00000 7 
 fake.rf 1440.00000000 51306.89397495402649341 1.00000 7 
 fake.rf 1440.00000000 51316.83731836264411186 1.00000 7 
 fake.rf 1440.00000000 51326.83835367067434063 1.00000 7 
 fake.rf 1440.00000000 51336.81871794021654409 1.00000 7 
 fake.rf 1440.00000000 51346.74310037085642833 1.00000 7 
 fake.rf 1440.00000000 51356.76635218324751975 1.00000 7 
 fake.rf 1440.00000000 51366.68338153009591807 1.00000 7 
 fake.rf 1440.00000000 51376.70852458145538577 1.00000 7 
 fake.rf 1440.00000000 51386.63280610898866030 1.00000 7 
 fake.rf 1440.00000000 51396.66138025591686400 1.00000 7 
 fake.rf 1440.00000000 51406.56111140254040848 1.00000 7 
 fake.rf 1440.00000000 51416.60860498370281846 1.00000 7 
 fake.rf 1440.00000000 51426.54221444431094667 1.00000 7 
 fake.rf 1440.00000000 51436.54368950443220143 1.00000 7 
 fake.rf 1440.00000000 51446.51106422942502050 1.00000 7 
 fake.rf 1440.00000000 51456.43728192081689343 1.00000 7 
 fake.rf 1440.00000000 51466.41540620101998726 1.00000 7 
 fake.rf 1440.00000000 51476.39444276001137624 1.00000 7 
 fake.rf 1440.00000000 51486.34123498271079811 1.00000 7 
 fake.rf 1440.00000000 51496.34125954600911257 1.00000 7 
 fake.rf 1440.00000000 51506.30393218816242040 1.00000 7 
 fake.rf 1440.00000000 51516.33214904517956256 1.00000 7 
 fake.rf 1440.00000000 51526.30139287767072531 1.00000 7 
 fake.rf 1440.00000000 51536.24197957425489136 1.00000 7 
 fake.rf 1440.00000000 51546.25150671658794721 1.00000 7 
 fake.rf 1440.00000000 51556.22489620515690945 1.00000 7 
 fake.rf 1440.00000000 51566.18636280029897634 1.00000 7 
 fake.rf 1440.00000000 51576.13766137754754126 1.00000 7 
 fake.rf 1440.00000000 51586.08050232042019445 1.00000 7 
 fake.rf 1440.00000000 51596.07372786708958046 1.00000 7 
 fake.rf 1440.00000000 51606.03123500500272769 1.00000 7 
 fake.rf 1440.00000000 51616.06256751817468498 1.00000 7 
 fake.rf 1440.00000000 51626.02644081700626444 1.00000 7 
 fake.rf 1440.00000000 51635.92895426340129106 1.00000 7 
 fake.rf 1440.00000000 51645.96795537296256384 1.00000 7 
 fake.rf 1440.00000000 51655.88351542343900746 1.00000 7 
 fake.rf 1440.00000000 51665.91991835297170965 1.00000 7 
 fake.rf 1440.00000000 51675.81991984541922136 1.00000 7 
 fake.rf 1440.00000000 51685.87126062426795770 1.00000 7 
 fake.rf 1440.00000000 51695.77591610464088490 1.00000 7 
 fake.rf 1440.00000000 51705.81512936502092259 1.00000 7 
 fake.rf 1440.00000000 51715.79350559666965381 1.00000 7 
 fake.rf 1440.00000000 51725.68962564765047674 1.00000 7 
 fake.rf 1440.00000000 51735.68975273984745300 1.00000 7 
 fake.rf 1440.00000000 51745.69690837082895030 1.00000 7 
 fake.rf 1440.00000000 51755.67104077817840135 1.00000 7 
 fake.rf 1440.00000000 51765.62468988903349043 1.00000 7 
 fake.rf 1440.00000000 51775.55394085608825350 1.00000 7 
 fake.rf 1440.00000000 51785.53441413415867700 1.00000 7 
 fake.rf 1440.00000000 51795.54549312730015131 1.00000 7 
 fake.rf 1440.00000000 51805.50207300264431254 1.00000 7 
 fake.rf 1440.00000000 51815.47252326555438984 1.00000 7 
 fake.rf 1440.00000000 51825.45579007617630651 1.00000 7 
 fake.rf 1440.00000000 51835.40891812833622154 1.00000 7 
 fake.rf 1440.00000000 51845.43059276016682446 1.00000 7 
 fake.rf 1440.00000000 51855.36735775049482911 1.00000 7 
 fake.rf 1440.00000000 51865.32117961106467519 1.00000 7 
 fake.rf 1440.00000000 51875.33162516136006204 1.00000 7 
 fake.rf 1440.00000000 51885.24699306006655775 1.00000 7 
 fake.rf 1440.00000000 51895.25429347351309062 1.00000 7 
 fake.rf 1440.00000000 51905.20193561825431061 1.00000 7 
 fake.rf 1440.00000000 51915.18544829342718572 1.00000 7 
 fake.rf 1440.00000000 51925.16805223504355382 1.00000 7 
 fake.rf 1440.00000000 51935.19020534180438631 1.00000 7 
 fake.rf 1440.00000000 51945.10353583242185138 1.00000 7 
 fake.rf 1440.00000000 51955.06911187210943481 1.00000 7 
 fake.rf 1440.00000000 51965.03412937968207075 1.00000 7 
 fake.rf 1440.00000000 51975.01116711807165771 1.00000 7 
 fake.rf 1440.00000000 51984.98738229033841662 1.00000 7 
 fake.rf 1440.00000000 51994.94771155510925453 1.00000 7 
 fake.rf 1440.00000000 52004.94004250110111798 1.00000 7 
 fake.rf 1440.00000000 52014.89944189392837259 1.00000 7 
 fake.rf 1440.00000000 52024.86545177752975277 1.00000 7 
 fake.rf 1440.00000000 52034.86454040021310163 1.00000 7 
 fake.rf 1440.00000000 52044.85137120515992137 1.00000 7 
 fake.rf 1440.00000000 52054.85184107414884380 1.00000 7 
 fake.rf 1440.00000000 52064.76903309405081899 1.00000 7 
 fake.rf 1440.00000000 52074.73681736608464732 1.00000 7 
 fake.rf 1440.00000000 52084.77717583950331459 1.00000 7 
 fake.rf 1440.00000000 52094.70214551874965636 1.00000 7 
 fake.rf 1440.00000000 52104.70831306070234135 1.00000 7 
 fake.rf 1440.00000000 52114.64922245430726733 1.00000 7 
 fake.rf 1440.00000000 52124.65528001495679078 1.00000 7 
 fake.rf 1440.00000000 52134.58868542780698263 1.00000 7 
 fake.rf 1440.00000000 52144.59336047799340363 1.00000 7 
 fake.rf 1440.00000000 52154.56506366176418510 1.00000 7 
 fake.rf 1440.00000000 52164.54587176472165666 1.00000 7 
 fake.rf 1440.00000000 52174.53167298653056605 1.00000 7 
 fake.rf 1440.00000000 52184.45779272875937949 1.00000 7 
 fake.rf 1440.00000000 52194.46460639755864719 1.00000 7 
 fake.rf 1440.00000000 52204.40167908510817085 1.00000 7 
 fake.rf 1440.00000000 52214.38607858361946867 1.00000 7 
 fake.rf 1440.00000000 52224.32037592524610758 1.00000 7 
 fake.rf 1440.00000000 52234.35069026493455624 1.00000 7 
 fake.rf 1440.00000000 52244.30121383949833813 1.00000 7 
 fake.rf 1440.00000000 52254.25947938592288722 1.00000 7 
 fake.rf 1440.00000000 52264.28267404963958143 1.00000 7 
 fake.rf 1440.00000000 52274.22551944637975296 1.00000 7 
 fake.rf 1440.00000000 52284.18812709506071101 1.00000 7 
 fake.rf 1440.00000000 52294.13150790375668819 1.00000 7 
 fake.rf 1440.00000000 52304.14532028415484177 1.00000 7 
 fake.rf 1440.00000000 52314.12756315484858050 1.00000 7 
 fake.rf 1440.00000000 52324.05764770231002458 1.00000 7 
 fake.rf 1440.00000000 52334.06477429307631510 1.00000 7 
 fake.rf 1440.00000000 52344.07341013990907186 1.00000 7 
 fake.rf 1440.00000000 52354.01762985191792765 1.00000 7 
 fake.rf 1440.00000000 52363.96919733033941924 1.00000 7 
 fake.rf 1440.00000000 52373.92232945845254832 1.00000 7 
 fake.rf 1440.00000000 52383.94497112689493790 1.00000 7 
 fake.rf 1440.00000000 52393.88086808127336624 1.00000 7 
 fake.rf 1440.00000000 52403.86960754701658871 1.00000 7 
 fake.rf 1440.00000000 52413.84238778142762172 1.00000 7 
 fake.rf 1440.00000000 52423.82983178457994100 1.00000 7 
 fake.rf 1440.00000000 52433.76859979890723196 1.00000 7 
 fake.rf 1440.00000000 52443.78542309523806964 1.00000 7 
 fake.rf 1440.00000000 52453.72151319702015826 1.00000 7 
 fake.rf 1440.00000000 52463.74262205024146510 1.00000 7 
 fake.rf 1440.00000000 52473.68422442297040931 1.00000 7 
 fake.rf 1440.00000000 52483.63342011677051957 1.00000 7 
 fake.rf 1440.00000000 52493.60795304224266644 1.00000 7 
 fake.rf 1440.00000000 52503.58367339820093278 1.00000 7 
 fake.rf 1440.00000000 52513.58057943557571079 1.00000 7 
 fake.rf 1440.00000000 52523.56681621946641059 1.00000 7 
 fake.rf 1440.00000000 52533.50413827836856839 1.00000 7 
 fake.rf 1440.00000000 52543.47532961395180706 1.00000 7 
 fake.rf 1440.00000000 52553.43939430229907828 1.00000 7 
 fake.rf 1440.00000000 52563.44561955266509656 1.00000 7 
 fake.rf 1440.00000000 52573.38397656769306110 1.00000 7 
 fake.rf 1440.00000000 52583.40152436428979144 1.00000 7 
 fake.rf 1440.00000000 52593.31432821072292683 1.00000 7 
 fake.rf 1440.00000000 52603.30670371359142479 1.00000 7 
 fake.rf 1440.00000000 52613.28203487592597654 1.00000 7 
 fake.rf 1440.00000000 52623.28771929011032071 1.00000 7 
 fake.rf 1440.00000000 52633.23748368378188900 1.00000 7 
 fake.rf 1440.00000000 52643.24724577561413241 1.00000 7 
 fake.rf 1440.00000000 52653.20553700464592239 1.00000 7 
 fake.rf 1440.00000000 52663.12682541495966859 1.00000 7 
 fake.rf 1440.00000000 52673.11545935957325781 1.00000 7 
 fake.rf 1440.00000000 52683.13752039484203138 1.00000 7 
 fake.rf 1440.00000000 52693.10875480399880288 1.00000 7 
 fake.rf 1440.00000000 52703.06059000451456953 1.00000 7 
 fake.rf 1440.00000000 52713.01536155460907196 1.00000 7 
 fake.rf 1440.00000000 52722.98668046138627474 1.00000 7 
 fake.rf 1440.00000000 52732.95326402243362196 1.00000 7 
 fake.rf 1440.00000000 52742.95744126473391944 1.00000 7 
 fake.rf 1440.00000000 52752.88955449435596634 1.00000 7 
 fake.rf 1440.00000000 52762.90286581327122306 1.00000 7 
 fake.rf 1440.00000000 52772.87212293009948993 1.00000 7 
 fake.rf 1440.00000000 52782.85647618977319695 1.00000 7 
 fake.rf 1440.00000000 52792.76295414966428865 1.00000 7 
 fake.rf 1440.00000000 52802.81738188871383599 1.00000 7 
 fake.rf 1440.00000000 52812.72142651110935319 1.00000 7 
 fake.rf 1440.00000000 52822.73544817342754598 1.00000 7 
 fake.rf 1440.00000000 52832.72008367881757707 1.00000 7 
 fake.rf 1440.00000000 52842.67208799351235982 1.00000 7 
 fake.rf 1440.00000000 52852.60127203145623653 1.00000 7 
 fake.rf 1440.00000000 52862.57727656582259712 1.00000 7 
 fake.rf 1440.00000000 52872.56281048646490461 1.00000 7 
 fake.rf 1440.00000000 52882.54098913578545549 1.00000 7 
 fake.rf 1440.00000000 52892.56184581182210636 1.00000 7 
 fake.rf 1440.00000000 52902.48748795545867907 1.00000 7 
 fake.rf 1440.00000000 52912.48534642047791721 1.00000 7 
 fake.rf 1440.00000000 52922.42550529992650610 1.00000 7 
 fake.rf 1440.00000000 52932.38413615885978558 1.00000 7 
 fake.rf 1440.00000000 52942.35906334407269114 1.00000 7 
 fake.rf 1440.00000000 52952.33628868264386824 1.00000 7 
 fake.rf 1440.00000000 52962.36384840703763643 1.00000 7 
 fake.rf 1440.00000000 52972.28736836870171345 1.00000 7 
 fake.rf 1440.00000000 52982.28053192621316470 1.00000 7 
 fake.rf 1440.00000000 52992.27412374143120033 1.00000 7 
 fake.rf 1440.00000000 53002.19618239602810306 1.00000 7 
 fake.rf 1440.00000000 53012.16848552049164311 1.00000 7 
 fake.rf 1440.00000000 53022.14415316094295250 1.00000 7 
 fake.rf 1440.00000000 53032.14816842499390503 1.00000 7 
 fake.rf 1440.00000000 53042.11435945949111570 1.00000 7 
 fake.rf 1440.00000000 53052.12150868499232459 1.00000 7 
 fake.rf 1440.00000000 53062.08494150305816817 1.00000 7 
 fake.rf 1440.00000000 53072.00841486289141713 1.00000 7 
 fake.rf 1440.00000000 53082.01212554489985607 1.00000 7 
 fake.rf 1440.00000000 53091.98721592037140482 1.00000 7 
 fake.rf 1440.00000000 53101.92780493033467692 1.00000 7 
 fake.rf 1440.00000000 53111.92991430261929509 1.00000 7 
 fake.rf 1440.00000000 53121.91968700348704502 1.00000 7 
 fake.rf 1440.00000000 53131.90160197339634607 1.00000 7 
 fake.rf 1440.00000000 53141.83231788307003995 1.00000 7 
 fake.rf 1440.00000000 53151.80139924277562002 1.00000 7 
 fake.rf 1440.00000000 53161.82313589736259374 1.00000 7 
 fake.rf 1440.00000000 53171.75716069094803373 1.00000 7 
 fake.rf 1440.00000000 53181.73908029938685615 1.00000 7 
 fake.rf 1440.00000000 53191.68296663774060917 1.00000 7 
 fake.rf 1440.00000000 53201.66515242740678104 1.00000 7 
 fake.rf 1440.00000000 53211.68335180003713702 1.00000 7 
 fake.rf 1440.00000000 53221.65240097987678425 1.00000 7 
 fake.rf 1440.00000000 53231.60204995586555299 1.00000 7 
 fake.rf 1440.00000000 53241.60618454520419007 1.00000 7 
 fake.rf 1440.00000000 53251.57746520541843793 1.00000 7 
 fake.rf 1440.00000000 53261.53164386435611277 1.00000 7 
 fake.rf 1440.00000000 53271.50730916786228875 1.00000 7 
 fake.rf 1440.00000000 53281.42941414622533713 1.00000 7 
 fake.rf 1440.00000000 53291.40406070153876428 1.00000 7 
 fake.rf 1440.00000000 53301.40062212541926812 1.00000 7 
 fake.rf 1440.00000000 53311.35542346459636676 1.00000 7 
 fake.rf 1440.00000000 53321.32967746702062684 1.00000 7 
 fake.rf 1440.00000000 53331.32921090022143318 1.00000 7 
 fake.rf 1440.00000000 53341.31533178821901586 1.00000 7 
 fake.rf 1440.00000000 53351.28308116688326024 1.00000 7 
 fake.rf 1440.00000000 53361.23373483722518529 1.00000 7 
 fake.rf 1440.00000000 53371.21059287542220773 1.00000 7 
 fake.rf 1440.00000000 53381.21245324446142178 1.00000 7 
 fake.rf 1440.00000000 53391.19412193906103781 1.00000 7 
 fake.rf 1440.00000000 53401.17337466680240610 1.00000 7 
 fake.rf 1440.00000000 53411.14312842552356031 1.00000 7 
 fake.rf 1440.00000000 53421.07087748271630545 1.00000 7 
 fake.rf 1440.00000000 53431.06720724879197348 1.00000 7 
 fake.rf 1440.00000000 53441.04618031274744894 1.00000 7 
 fake.rf 1440.00000000 53451.01528292899072525 1.00000 7 
 fake.rf 1440.00000000 53461.00799839077286180 1.00000 7 
 fake.rf 1440.00000000 53470.95267911316452114 1.00000 7 
 fake.rf 1440.00000000 53480.88311087944160960 1.00000 7 
 fake.rf 1440.00000000 53490.88505024391676912 1.00000 7 
 fake.rf 1440.00000000 53500.88425497092477556 1.00000 7 
 fake.rf 1440.00000000 53510.82417689589921750 1.00000 7 
 fake.rf 1440.00000000 53520.78828662942867922 1.00000 7 
 fake.rf 1440.00000000 53530.78384484910201024 1.00000 7 
 fake.rf 1440.00000000 53540.78405342063043548 1.00000 7 
 fake.rf 1440.00000000 53550.69626872045232346 1.00000 7 
 fake.rf 1440.00000000 53560.69041198474505450 1.00000 7 
 fake.rf 1440.00000000 53570.67210353536980350 1.00000 7 
 fake.rf 1440.00000000 53580.67062180141547856 1.00000 7 
 fake.rf 1440.00000000 53590.61417438482286357 1.00000 7 
 fake.rf 1440.00000000 53600.59781682820971227 1.00000 7 
 fake.rf 1440.00000000 53610.53686751752816875 1.00000 7 
 fake.rf 1440.00000000 53620.54585905801025802 1.00000 7 
 fake.rf 1440.00000000 53630.53105983873928864 1.00000 7 
 fake.rf 1440.00000000 53640.49694831933483030 1.00000 7 
 fake.rf 1440.00000000 53650.43603177554724937 1.00000 7 
 fake.rf 1440.00000000 53660.41628626002696123 1.00000 7 
