FORMAT 1
 fake.rf 1440.00000000 50000.44753912774172022 1.00000 7 
 fake.rf 1440.00000000 50010.45738520203040522 1.00000 7 
 fake.rf 1440.00000000 50020.39768782881096953 1.00000 7 
 fake.rf 1440.00000000 50030.36910510842874089 1.00000 7 
 fake.rf 1440.00000000 50040.33236683565769098 1.00000 7 
 fake.rf 1440.00000000 50050.36457047635617457 1.00000 7 
 fake.rf 1440.00000000 50060.32579354749861622 1.00000 7 
 fake.rf 1440.00000000 50070.26240532110350756 1.00000 7 
 fake.rf 1440.00000000 50080.27597222796567422 1.00000 7 
 fake.rf 1440.00000000 50090.22565160649998717 1.00000 7 
 fake.rf 1440.00000000 50100.20472833573428773 1.00000 7 
 fake.rf 1440.00000000 50110.16480118435814362 1.00000 7 
 fake.rf 1440.00000000 50120.15950406330543032 1.00000 7 
 fake.rf 1440.00000000 50130.11981504544062815 1.00000 7 
 fake.rf 1440.00000000 50140.05594161993741764 1.00000 7 
 fake.rf 1440.00000000 50150.03164016852664631 1.00000 7 
 fake.rf 1440.00000000 50160.02770944512177920 1.00000 7 
 fake.rf 1440.00000000 50169.99360636898261134 1.00000 7 
 fake.rf 1440.00000000 50180.01427657166932761 1.00000 7 
 fake.rf 1440.00000000 50189.94819168554836608 1.00000 7 
 fake.rf 1440.00000000 50199.97010972312511257 1.00000 7 
 fake.rf 1440.00000000 50209.92392319560509151 1.00000 7 
 fake.rf 1440.00000000 50219.90542347059923856 1.00000 7 
 fake.rf 1440.00000000 50229.82254036712213718 1.00000 7 
 fake.rf 1440.00000000 50239.84919418989529660 1.00000 7 
 fake.rf 1440.00000000 50249.80153439509481572 1.00000 7 
 fake.rf 1440.00000000 50259.79682625049046507 1.00000 7 
 fake.rf 1440.00000000 50269.77127038045931684 1.00000 7 
 fake.rf 1440.00000000 50279.66978972449760477 1.00000 7 
 fake.rf 1440.00000000 50289.70754103677910507 1.00000 7 
 fake.rf 1440.00000000 50299.65568041400268129 1.00000 7 
 fake.rf 1440.00000000 50309.60119442718092486 1.00000 7 
 fake.rf 1440.00000000 50319.59276280420032990 1.00000 7 
 fake.rf 1440.00000000 50329.59184248222462799 1.00000 7 
 fake.rf 1440.00000000 50339.53607809100707371 1.00000 7 
 fake.rf 1440.00000000 50349.51821250171057542 1.00000 7 
 fake.rf 1440.00000000 50359.49346687477529727 1.00000 7 
 fake.rf 1440.00000000 50369.42622986633119453 1.00000 7 
 fake.rf 1440.00000000 50379.45561370028625703 1.00000 7 
 fake.rf 1440.00000000 50389.38840597596553295 1.00000 7 
 fake.rf 1440.00000000 50399.38148602712539770 1.00000 7 
 fake.rf 1440.00000000 50409.33391763447111700 1.00000 7 
 fake.rf 1440.00000000 50419.33742039442342886 1.00000 7 
 fake.rf 1440.00000000 50429.26917432757086246 1.00000 7 
 fake.rf 1440.00000000 50439.29255454572876616 1.00000 7 
 fake.rf 1440.00000000 50449.25948824268247606 1.00000 7 
 fake.rf 1440.00000000 50459.19424507932709645 1.00000 7 
 fake.rf 1440.00000000 50469.15766557486763944 1.00000 7 
 fake.rf 1440.00000000 50479.20113383527423423 1.00000 7 
 fake.rf 1440.00000000 50489.10053186805558312 1.00000 7 
 fake.rf 1440.00000000 50499.10850516521752951 1.00000 7 
 fake.rf 1440.00000000 50509.11786245337928491 1.00000 7 
 fake.rf 1440.00000000 50519.08171161693130102 1.00000 7 
 fake.rf 1440.00000000 50529.01515620362917147 1.00000 7 
 fake.rf 1440.00000000 50538.96893471122240982 1.00000 7 
 fake.rf 1440.00000000 50548.98674203463122723 1.00000 7 
 fake.rf 1440.00000000 50558.98316451674010708 1.00000 7 
 fake.rf 1440.00000000 50568.95953919132996646 1.00000 7 
 fake.rf 1440.00000000 50578.89576163777024931 1.00000 7 
 fake.rf 1440.00000000 50588.90134114005192245 1.00000 7 
 fake.rf 1440.00000000 50598.85943810123311337 1.00000 7 
 fake.rf 1440.00000000 50608.77110426650717656 1.00000 7 
 fake.rf 1440.00000000 50618.74950209054481576 1.00000 7 
 fake.rf 1440.00000000 50628.72647179216755475 1.00000 7 
 fake.rf 1440.00000000 50638.74785529304000775 1.00000 7 
 fake.rf 1440.00000000 50648.69779309132155376 1.00000 7 
 fake.rf 1440.00000000 50658.68420154011608503 1.00000 7 
 fake.rf 1440.00000000 50668.62481038218491491 1.00000 7 
 fake.rf 1440.00000000 50678.61814881460442095 1.00000 7 
 fake.rf 1440.00000000 50688.57791213711638889 1.00000 7 
 fake.rf 1440.00000000 50698.56195089645928320 1.00000 7 
 fake.rf 1440.00000000 50708.57567373562074309 1.00000 7 
 fake.rf 1440.00000000 50718.51517296456769657 1.00000 7 
 fake.rf 1440.00000000 50728.44668551284834379 1.00000 7 
 fake.rf 1440.00000000 50738.41946662019182668 1.00000 7 
 fake.rf 1440.00000000 50748.40965040113521667 1.00000 7 
 fake.rf 1440.00000000 50758.41873431398163419 1.00000 7 
 fake.rf 1440.00000000 50768.35357658284111082 1.00000 7 
 fake.rf 1440.00000000 50778.33448520314085783 1.00000 7 
 fake.rf 1440.00000000 50788.33100838064705940 1.00000 7 
 fake.rf 1440.00000000 50798.27588632071438113 1.00000 7 
 fake.rf 1440.00000000 50808.29207258779755563 1.00000 7 
 fake.rf 1440.00000000 50818.24192407165341834 1.00000 7 
 fake.rf 1440.00000000 50828.17795549576491609 1.00000 7 
 fake.rf 1440.00000000 50838.15489068815454843 1.00000 7 
 fake.rf 1440.00000000 50848.16915834108623784 1.00000 7 
 fake.rf 1440.00000000 50858.15030142230924426 1.00000 7 
 fake.rf 1440.00000000 50868.06763008175159158 1.00000 7 
 fake.rf 1440.00000000 50878.08557677645241668 1.00000 7 
 fake.rf 1440.00000000 50888.03024662876914519 1.00000 7 
 fake.rf 1440.00000000 50897.98045910231703104 1.00000 7 
 fake.rf 1440.00000000 50907.98380711842660418 1.00000 7 
 fake.rf 1440.00000000 50917.95078078991433301 1.00000 7 
 fake.rf 1440.00000000 50927.90669542474557829 1.00000 7 
 fake.rf 1440.00000000 50937.91431744484192734 1.00000 7 
 fake.rf 1440.00000000 50947.84664562909700436 1.00000 7 
 fake.rf 1440.00000000 50957.86313573960068624 1.00000 7 
 fake.rf 1440.00000000 50967.80113721200817878 1.00000 7 
 fake.rf 1440.00000000 50977.78471188762036448 1.00000 7 
 fake.rf 1440.00000000 50987.73851146177608129 1.00000 7 
 fake.rf 1440.00000000 50997.74691390248439760 1.00000 7 
 fake.rf 1440.00000000 51007.74183168888590245 1.00000 7 
 fake.rf 1440.00000000 51017.65332509306323416 1.00000 7 
 fake.rf 1440.00000000 51027.62853109148007746 1.00000 7 
 fake.rf 1440.00000000 51037.66559912607982952 1.00000 7 
 fake.rf 1440.00000000 51047.57717792196368123 1.00000 7 
 fake.rf 1440.00000000 51057.56987205413131292 1.00000 7 
 fake.rf 1440.00000000 51067.55999498117814284 1.00000 7 
 fake.rf 1440.00000000 51077.51705375238151063 1.00000 7 
 fake.rf 1440.00000000 51087.51796083184608221 1.00000 7 
 fake.rf 1440.00000000 51097.44857795455822824 1.00000 7 
 fake.rf 1440.00000000 51107.46115228814828413 1.00000 7 
 fake.rf 1440.00000000 51117.42221664047968233 1.00000 7 
 fake.rf 1440.00000000 51127.41332290673704719 1.00000 7 
 fake.rf 1440.00000000 51137.38923303724291003 1.00000 7 
 fake.rf 1440.00000000 51147.35453690850406261 1.00000 7 
 fake.rf 1440.00000000 51157.30388180123362218 1.00000 7 
 fake.rf 1440.00000000 51167.28823935420670566 1.00000 7 
 fake.rf 1440.00000000 51177.28150951447896588 1.00000 7 
 fake.rf 1440.00000000 51187.19277210825282509 1.00000 7 
 fake.rf 1440.00000000 51197.23243717069924941 1.00000 7 
 fake.rf 1440.00000000 51207.20322418892841299 1.00000 7 
 fake.rf 1440.00000000 51217.14513910071329406 1.00000 7 
 fake.rf 1440.00000000 51227.09574885102919239 1.00000 7 
 fake.rf 1440.00000000 51237.04975479741476008 1.00000 7 
 fake.rf 1440.00000000 51247.02659613039633157 1.00000 7 
 fake.rf 1440.00000000 51257.02017170399066259 1.00000 7 
 fake.rf 1440.00000000 51267.01797208738289768 1.00000 7 
 fake.rf 1440.00000000 51276.96011921460001304 1.00000 7 
 fake.rf 1440.00000000 51286.96457381202963077 1.00000 7 
 fake.rf 1440.00000000 51296.94347809910696157 1.00000 7 
 fake.rf 1440.00000000 51306.92133198171552522 1.00000 7 
 fake.rf 1440.00000000 51316.86467541449084351 1.00000 7 
 fake.rf 1440.00000000 51326.86571071162773450 1.00000 7 
 fake.rf 1440.00000000 51336.84607496949318417 1.00000 7 
 fake.rf 1440.00000000 51346.77045741588563388 1.00000 7 
 fake.rf 1440.00000000 51356.79370922006627964 1.00000 7 
 fake.rf 1440.00000000 51366.71073858761254627 1.00000 7 
 fake.rf 1440.00000000 51376.73588163391132611 1.00000 7 
 fake.rf 1440.00000000 51386.66016316915066398 1.00000 7 
 fake.rf 1440.00000000 51396.68873730984079629 1.00000 7 
 fake.rf 1440.00000000 51406.58846845020555705 1.00000 7 
 fake.rf 1440.00000000 51416.63596202389416945 1.00000 7 
 fake.rf 1440.00000000 51426.56957149191540069 1.00000 7 
 fake.rf 1440.00000000 51436.57104657007017323 1.00000 7 
 fake.rf 1440.00000000 51446.53842126348426333 1.00000 7 
 fake.rf 1440.00000000 51456.46463895203391203 1.00000 7 
 fake.rf 1440.00000000 51466.44276325689108020 1.00000 7 
 fake.rf 1440.00000000 51476.42179982667731153 1.00000 7 
 fake.rf 1440.00000000 51486.36859203275516705 1.00000 7 
 fake.rf 1440.00000000 51496.36861659882430331 1.00000 7 
 fake.rf 1440.00000000 51506.33128923196355942 1.00000 7 
 fake.rf 1440.00000000 51516.35950608683906538 1.00000 7 
 fake.rf 1440.00000000 51526.32874992738110365 1.00000 7 
 fake.rf 1440.00000000 51536.26933662392110236 1.00000 7 
 fake.rf 1440.00000000 51546.27886377816938790 1.00000 7 
 fake.rf 1440.00000000 51556.25225324052133402 1.00000 7 
 fake.rf 1440.00000000 51566.21371986013009803 1.00000 7 
 fake.rf 1440.00000000 51576.16501843266462046 1.00000 7 
 fake.rf 1440.00000000 51586.10785935341153774 1.00000 7 
 fake.rf 1440.00000000 51596.10108491182234758 1.00000 7 
 fake.rf 1440.00000000 51606.05859206530133321 1.00000 7 
 fake.rf 1440.00000000 51616.08992454396285510 1.00000 7 
 fake.rf 1440.00000000 51626.05379785432333861 1.00000 7 
 fake.rf 1440.00000000 51635.95631131939138925 1.00000 7 
 fake.rf 1440.00000000 51645.99531240880384075 1.00000 7 
 fake.rf 1440.00000000 51655.91087248991839331 1.00000 7 
 fake.rf 1440.00000000 51665.94727543309154782 1.00000 7 
 fake.rf 1440.00000000 51675.84727687139369223 1.00000 7 
 fake.rf 1440.00000000 51685.89861765664634774 1.00000 7 
 fake.rf 1440.00000000 51695.80327313502398567 1.00000 7 
 fake.rf 1440.00000000 51705.84248639120679414 1.00000 7 
 fake.rf 1440.00000000 51715.82086264104943396 1.00000 7 
 fake.rf 1440.00000000 51725.71698269128532743 1.00000 7 
 fake.rf 1440.00000000 51735.71710977949726740 1.00000 7 
 fake.rf 1440.00000000 51745.72426542986917752 1.00000 7 
 fake.rf 1440.00000000 51755.69839784791962600 1.00000 7 
 fake.rf 1440.00000000 51765.65204694428280519 1.00000 7 
 fake.rf 1440.00000000 51775.58129789480255312 1.00000 7 
 fake.rf 1440.00000000 51785.56177121063245394 1.00000 7 
 fake.rf 1440.00000000 51795.57285017469412836 1.00000 7 
 fake.rf 1440.00000000 51805.52943004083532941 1.00000 7 
 fake.rf 1440.00000000 51815.49988027480329933 1.00000 7 
 fake.rf 1440.00000000 51825.48314714024992611 1.00000 7 
 fake.rf 1440.00000000 51835.43627517612282674 1.00000 7 
 fake.rf 1440.00000000 51845.45794977166358564 1.00000 7 
 fake.rf 1440.00000000 51855.39471479454132563 1.00000 7 
 fake.rf 1440.00000000 51865.34853662900068372 1.00000 7 
 fake.rf 1440.00000000 51875.35898221348091397 1.00000 7 
 fake.rf 1440.00000000 51885.27435007039066051 1.00000 7 
 fake.rf 1440.00000000 51895.28165053536369200 1.00000 7 
 fake.rf 1440.00000000 51905.22929263308922998 1.00000 7 
 fake.rf 1440.00000000 51915.21280533922230305 1.00000 7 
 fake.rf 1440.00000000 51925.19540928161795534 1.00000 7 
 fake.rf 1440.00000000 51935.21756239392338728 1.00000 7 
 fake.rf 1440.00000000 51945.13089290039975410 1.00000 7 
 fake.rf 1440.00000000 51955.09646891726923101 1.00000 7 
 fake.rf 1440.00000000 51965.06148642532304294 1.00000 7 
 fake.rf 1440.00000000 51975.03852416777490575 1.00000 7 
 fake.rf 1440.00000000 51985.01473933608130906 1.00000 7 
 fake.rf 1440.00000000 51994.97506861657730681 1.00000 7 
 fake.rf 1440.00000000 52004.96739952556176689 1.00000 7 
 fake.rf 1440.00000000 52014.92679892129201491 1.00000 7 
 fake.rf 1440.00000000 52024.89280882404081652 1.00000 7 
 fake.rf 1440.00000000 52034.89189742411666018 1.00000 7 
 fake.rf 1440.00000000 52044.87872826050458741 1.00000 7 
 fake.rf 1440.00000000 52054.87919813723637219 1.00000 7 
 fake.rf 1440.00000000 52064.79639013864521502 1.00000 7 
 fake.rf 1440.00000000 52074.76417439368936968 1.00000 7 
 fake.rf 1440.00000000 52084.80453289598086286 1.00000 7 
 fake.rf 1440.00000000 52094.72950254936929682 1.00000 7 
 fake.rf 1440.00000000 52104.73567012962034539 1.00000 7 
 fake.rf 1440.00000000 52114.67657948288230330 1.00000 7 
 fake.rf 1440.00000000 52124.68263704476312270 1.00000 7 
 fake.rf 1440.00000000 52134.61604245181944961 1.00000 7 
 fake.rf 1440.00000000 52144.62071752082767162 1.00000 7 
 fake.rf 1440.00000000 52154.59242072435130311 1.00000 7 
 fake.rf 1440.00000000 52164.57322879950148575 1.00000 7 
 fake.rf 1440.00000000 52174.55903003709665455 1.00000 7 
 fake.rf 1440.00000000 52184.48514977847044705 1.00000 7 
 fake.rf 1440.00000000 52194.49196343094494921 1.00000 7 
 fake.rf 1440.00000000 52204.42903613109045935 1.00000 7 
 fake.rf 1440.00000000 52214.41343562179490334 1.00000 7 
 fake.rf 1440.00000000 52224.34773299718009199 1.00000 7 
 fake.rf 1440.00000000 52234.37804728400052667 1.00000 7 
 fake.rf 1440.00000000 52244.32857087534067730 1.00000 7 
 fake.rf 1440.00000000 52254.28683642084881456 1.00000 7 
 fake.rf 1440.00000000 52264.31003107932230733 1.00000 7 
 fake.rf 1440.00000000 52274.25287652762062862 1.00000 7 
 fake.rf 1440.00000000 52284.21548413460120130 1.00000 7 
 fake.rf 1440.00000000 52294.15886494238948146 1.00000 7 
 fake.rf 1440.00000000 52304.17267731824425425 1.00000 7 
 fake.rf 1440.00000000 52314.15492021349625773 1.00000 7 
 fake.rf 1440.00000000 52324.08500474929549640 1.00000 7 
 fake.rf 1440.00000000 52334.09213135157060037 1.00000 7 
 fake.rf 1440.00000000 52344.10076717474108676 1.00000 7 
 fake.rf 1440.00000000 52354.04498688664991235 1.00000 7 
 fake.rf 1440.00000000 52363.99655435058306097 1.00000 7 
 fake.rf 1440.00000000 52373.94968651209961763 1.00000 7 
 fake.rf 1440.00000000 52383.97232814347892926 1.00000 7 
 fake.rf 1440.00000000 52393.90822512414399270 1.00000 7 
 fake.rf 1440.00000000 52403.89696461803889704 1.00000 7 
 fake.rf 1440.00000000 52413.86974481502478795 1.00000 7 
 fake.rf 1440.00000000 52423.85718882439985578 1.00000 7 
 fake.rf 1440.00000000 52433.79595684446934811 1.00000 7 
 fake.rf 1440.00000000 52443.81278015219925592 1.00000 7 
 fake.rf 1440.00000000 52453.74887022461113162 1.00000 7 
 fake.rf 1440.00000000 52463.76997910781588530 1.00000 7 
 fake.rf 1440.00000000 52473.71158147632745283 1.00000 7 
 fake.rf 1440.00000000 52483.66077713876887145 1.00000 7 
 fake.rf 1440.00000000 52493.63531010601602489 1.00000 7 
 fake.rf 1440.00000000 52503.61103043744918395 1.00000 7 
 fake.rf 1440.00000000 52513.60793648609841355 1.00000 7 
 fake.rf 1440.00000000 52523.59417324799039761 1.00000 7 
 fake.rf 1440.00000000 52533.53149529567289733 1.00000 7 
 fake.rf 1440.00000000 52543.50268664529939500 1.00000 7 
 fake.rf 1440.00000000 52553.46675134598237022 1.00000 7 
 fake.rf 1440.00000000 52563.47297660883155501 1.00000 7 
 fake.rf 1440.00000000 52573.41133358783698881 1.00000 7 
 fake.rf 1440.00000000 52583.42888139963322658 1.00000 7 
 fake.rf 1440.00000000 52593.34168526915087583 1.00000 7 
 fake.rf 1440.00000000 52603.33406074436636146 1.00000 7 
 fake.rf 1440.00000000 52613.30939193976745116 1.00000 7 
 fake.rf 1440.00000000 52623.31507635503281506 1.00000 7 
 fake.rf 1440.00000000 52633.26484073679563025 1.00000 7 
 fake.rf 1440.00000000 52643.27460282469197850 1.00000 7 
 fake.rf 1440.00000000 52653.23289405758225357 1.00000 7 
 fake.rf 1440.00000000 52663.15418247456940648 1.00000 7 
 fake.rf 1440.00000000 52673.14281638872719782 1.00000 7 
 fake.rf 1440.00000000 52683.16487746165799777 1.00000 7 
 fake.rf 1440.00000000 52693.13611182869180638 1.00000 7 
 fake.rf 1440.00000000 52703.08794704409187304 1.00000 7 
 fake.rf 1440.00000000 52713.04271860810794337 1.00000 7 
 fake.rf 1440.00000000 52723.01403749978327085 1.00000 7 
 fake.rf 1440.00000000 52732.98062109956845944 1.00000 7 
 fake.rf 1440.00000000 52742.98479831762227477 1.00000 7 
 fake.rf 1440.00000000 52752.91691153206681619 1.00000 7 
 fake.rf 1440.00000000 52762.93022286648860941 1.00000 7 
 fake.rf 1440.00000000 52772.89947994631194206 1.00000 7 
 fake.rf 1440.00000000 52782.88383320903106011 1.00000 7 
 fake.rf 1440.00000000 52792.79031121825869377 1.00000 7 
 fake.rf 1440.00000000 52802.84473892338296253 1.00000 7 
 fake.rf 1440.00000000 52812.74878355773165239 1.00000 7 
 fake.rf 1440.00000000 52822.76280521391831613 1.00000 7 
 fake.rf 1440.00000000 52832.74744072179578325 1.00000 7 
 fake.rf 1440.00000000 52842.69944505790715539 1.00000 7 
 fake.rf 1440.00000000 52852.62862906530193285 1.00000 7 
 fake.rf 1440.00000000 52862.60463358977503034 1.00000 7 
 fake.rf 1440.00000000 52872.59016750040727217 1.00000 7 
 fake.rf 1440.00000000 52882.56834617484718564 1.00000 7 
 fake.rf 1440.00000000 52892.58920286865061655 1.00000 7 
 fake.rf 1440.00000000 52902.51484498374001220 1.00000 7 
 fake.rf 1440.00000000 52912.51270346440080772 1.00000 7 
 fake.rf 1440.00000000 52922.45286235156744681 1.00000 7 
 fake.rf 1440.00000000 52932.41149320413483537 1.00000 7 
 fake.rf 1440.00000000 52942.38642038452386274 1.00000 7 
 fake.rf 1440.00000000 52952.36364570474885127 1.00000 7 
 fake.rf 1440.00000000 52962.39120546722192628 1.00000 7 
 fake.rf 1440.00000000 52972.31472541392539100 1.00000 7 
 fake.rf 1440.00000000 52982.30788897966258588 1.00000 7 
 fake.rf 1440.00000000 52992.30148077097098636 1.00000 7 
 fake.rf 1440.00000000 53002.22353944039989671 1.00000 7 
 fake.rf 1440.00000000 53012.19584254798557055 1.00000 7 
 fake.rf 1440.00000000 53022.17151022451922771 1.00000 7 
 fake.rf 1440.00000000 53032.17552546967525728 1.00000 7 
 fake.rf 1440.00000000 53042.14171649864418612 1.00000 7 
 fake.rf 1440.00000000 53052.14886573698793626 1.00000 7 
 fake.rf 1440.00000000 53062.11229853616018204 1.00000 7 
 fake.rf 1440.00000000 53072.03577190428288191 1.00000 7 
 fake.rf 1440.00000000 53082.03948258099168100 1.00000 7 
 fake.rf 1440.00000000 53092.01457294821245370 1.00000 7 
 fake.rf 1440.00000000 53101.95516195278927540 1.00000 7 
 fake.rf 1440.00000000 53111.95727134763014377 1.00000 7 
 fake.rf 1440.00000000 53121.94704401962666651 1.00000 7 
 fake.rf 1440.00000000 53131.92895903467495344 1.00000 7 
 fake.rf 1440.00000000 53141.85967492947218460 1.00000 7 
 fake.rf 1440.00000000 53151.82875628110988941 1.00000 7 
 fake.rf 1440.00000000 53161.85049294000004494 1.00000 7 
 fake.rf 1440.00000000 53171.78451775451933159 1.00000 7 
 fake.rf 1440.00000000 53181.76643732688469157 1.00000 7 
 fake.rf 1440.00000000 53191.71032367414662190 1.00000 7 
 fake.rf 1440.00000000 53201.69250948815101765 1.00000 7 
 fake.rf 1440.00000000 53211.71070885281908147 1.00000 7 
 fake.rf 1440.00000000 53221.67975800189412183 1.00000 7 
 fake.rf 1440.00000000 53231.62940700646989001 1.00000 7 
 fake.rf 1440.00000000 53241.63354156949937135 1.00000 7 
 fake.rf 1440.00000000 53251.60482226683779317 1.00000 7 
 fake.rf 1440.00000000 53261.55900092802885126 1.00000 7 
 fake.rf 1440.00000000 53271.53466624118682304 1.00000 7 
 fake.rf 1440.00000000 53281.45677119499744734 1.00000 7 
 fake.rf 1440.00000000 53291.43141774602969463 1.00000 7 
 fake.rf 1440.00000000 53301.42797918696755843 1.00000 7 
 fake.rf 1440.00000000 53311.38278049346605414 1.00000 7 
 fake.rf 1440.00000000 53321.35703449163055723 1.00000 7 
 fake.rf 1440.00000000 53331.35656794454098062 1.00000 7 
 fake.rf 1440.00000000 53341.34268882931542421 1.00000 7 
 fake.rf 1440.00000000 53351.31043822853447978 1.00000 7 
 fake.rf 1440.00000000 53361.26109187117293331 1.00000 7 
 fake.rf 1440.00000000 53371.23794988756096913 1.00000 7 
 fake.rf 1440.00000000 53381.23981028290133821 1.00000 7 
 fake.rf 1440.00000000 53391.22147896183760096 1.00000 7 
 fake.rf 1440.00000000 53401.20073172093876224 1.00000 7 
 fake.rf 1440.00000000 53411.17048544509591679 1.00000 7 
 fake.rf 1440.00000000 53421.09823451859638865 1.00000 7 
 fake.rf 1440.00000000 53431.09456429239834208 1.00000 7 
 fake.rf 1440.00000000 53441.07353735603813050 1.00000 7 
 fake.rf 1440.00000000 53451.04263998128541502 1.00000 7 
 fake.rf 1440.00000000 53461.03535542757138543 1.00000 7 
 fake.rf 1440.00000000 53470.98003616766053980 1.00000 7 
 fake.rf 1440.00000000 53480.91046793106411883 1.00000 7 
 fake.rf 1440.00000000 53490.91240727559062407 1.00000 7 
 fake.rf 1440.00000000 53500.91161203177173888 1.00000 7 
 fake.rf 1440.00000000 53510.85153392098855463 1.00000 7 
 fake.rf 1440.00000000 53520.81564367721632536 1.00000 7 
 fake.rf 1440.00000000 53530.81120191802679997 1.00000 7 
 fake.rf 1440.00000000 53540.81141045773393117 1.00000 7 
 fake.rf 1440.00000000 53550.72362577163133679 1.00000 7 
 fake.rf 1440.00000000 53560.71776904388392637 1.00000 7 
 fake.rf 1440.00000000 53570.69946060093754525 1.00000 7 
 fake.rf 1440.00000000 53580.69797886041794399 1.00000 7 
 fake.rf 1440.00000000 53590.64153143453326678 1.00000 7 
 fake.rf 1440.00000000 53600.62517385404776604 1.00000 7 
 fake.rf 1440.00000000 53610.56422454999059113 1.00000 7 
 fake.rf 1440.00000000 53620.57321612205836203 1.00000 7 
 fake.rf 1440.00000000 53630.55841688871591089 1.00000 7 
 fake.rf 1440.00000000 53640.52430535089215269 1.00000 7 
 fake.rf 1440.00000000 53650.46338880677045680 1.00000 7 
 fake.rf 1440.00000000 53660.44364331472837293 1.00000 7 
