FORMAT 1
 fake.rf 1440.00000000 50000.44215848525696089 1.00000 7 
 fake.rf 1440.00000000 50010.45200465986650329 1.00000 7 
 fake.rf 1440.00000000 50020.39230731342514247 1.00000 7 
 fake.rf 1440.00000000 50030.36372429364060466 1.00000 7 
 fake.rf 1440.00000000 50040.32698625019514793 1.00000 7 
 fake.rf 1440.00000000 50050.35918983383969305 1.00000 7 
 fake.rf 1440.00000000 50060.32041290217360796 1.00000 7 
 fake.rf 1440.00000000 50070.25702466570880844 1.00000 7 
 fake.rf 1440.00000000 50080.27059148942299061 1.00000 7 
 fake.rf 1440.00000000 50090.22027111452849013 1.00000 7 
 fake.rf 1440.00000000 50100.19934768544927195 1.00000 7 
 fake.rf 1440.00000000 50110.15942055900734076 1.00000 7 
 fake.rf 1440.00000000 50120.15412327887231925 1.00000 7 
 fake.rf 1440.00000000 50130.11443433150130744 1.00000 7 
 fake.rf 1440.00000000 50140.05056097275899063 1.00000 7 
 fake.rf 1440.00000000 50150.02625938961242369 1.00000 7 
 fake.rf 1440.00000000 50160.02232897752583796 1.00000 7 
 fake.rf 1440.00000000 50169.98822573406360092 1.00000 7 
 fake.rf 1440.00000000 50180.00889578386316714 1.00000 7 
 fake.rf 1440.00000000 50189.94281108937176228 1.00000 7 
 fake.rf 1440.00000000 50199.96472909671094698 1.00000 7 
 fake.rf 1440.00000000 50209.91854259612586375 1.00000 7 
 fake.rf 1440.00000000 50219.90004271012789516 1.00000 7 
 fake.rf 1440.00000000 50229.81715976696115789 1.00000 7 
 fake.rf 1440.00000000 50239.84381351637429347 1.00000 7 
 fake.rf 1440.00000000 50249.79615380554204407 1.00000 7 
 fake.rf 1440.00000000 50259.79144544344078938 1.00000 7 
 fake.rf 1440.00000000 50269.76588959111612098 1.00000 7 
 fake.rf 1440.00000000 50279.66440905327581490 1.00000 7 
 fake.rf 1440.00000000 50289.70216057335883519 1.00000 7 
 fake.rf 1440.00000000 50299.65029979326906329 1.00000 7 
 fake.rf 1440.00000000 50309.59581392108178832 1.00000 7 
 fake.rf 1440.00000000 50319.58738202352902391 1.00000 7 
 fake.rf 1440.00000000 50329.58646198301075714 1.00000 7 
 fake.rf 1440.00000000 50339.53069759096223379 1.00000 7 
 fake.rf 1440.00000000 50349.51283191144267093 1.00000 7 
 fake.rf 1440.00000000 50359.48808631530925339 1.00000 7 
 fake.rf 1440.00000000 50369.42084929536662230 1.00000 7 
 fake.rf 1440.00000000 50379.45023325413234261 1.00000 7 
 fake.rf 1440.00000000 50389.38302532450213533 1.00000 7 
 fake.rf 1440.00000000 50399.37610556208310797 1.00000 7 
 fake.rf 1440.00000000 50409.32853702800686335 1.00000 7 
 fake.rf 1440.00000000 50419.33203963176582363 1.00000 7 
 fake.rf 1440.00000000 50429.26379368016075588 1.00000 7 
 fake.rf 1440.00000000 50439.28717395149640268 1.00000 7 
 fake.rf 1440.00000000 50449.25410751729728887 1.00000 7 
 fake.rf 1440.00000000 50459.18886455552049597 1.00000 7 
 fake.rf 1440.00000000 50469.15228488966913645 1.00000 7 
 fake.rf 1440.00000000 50479.19575328117123547 1.00000 7 
 fake.rf 1440.00000000 50489.09515104155126508 1.00000 7 
 fake.rf 1440.00000000 50499.10312440250822519 1.00000 7 
 fake.rf 1440.00000000 50509.11248199087309629 1.00000 7 
 fake.rf 1440.00000000 50519.07633109516871173 1.00000 7 
 fake.rf 1440.00000000 50529.00977553737829950 1.00000 7 
 fake.rf 1440.00000000 50538.96355426851562243 1.00000 7 
 fake.rf 1440.00000000 50548.98136138248333538 1.00000 7 
 fake.rf 1440.00000000 50558.97778368300838281 1.00000 7 
 fake.rf 1440.00000000 50568.95415871459232093 1.00000 7 
 fake.rf 1440.00000000 50578.89038094037446314 1.00000 7 
 fake.rf 1440.00000000 50588.89596040496168783 1.00000 7 
 fake.rf 1440.00000000 50598.85405761769677824 1.00000 7 
 fake.rf 1440.00000000 50608.76572346649131262 1.00000 7 
 fake.rf 1440.00000000 50618.74412152268267562 1.00000 7 
 fake.rf 1440.00000000 50628.72109112109720996 1.00000 7 
 fake.rf 1440.00000000 50638.74247457366184477 1.00000 7 
 fake.rf 1440.00000000 50648.69241248444526704 1.00000 7 
 fake.rf 1440.00000000 50658.67882083947700167 1.00000 7 
 fake.rf 1440.00000000 50668.61942971795884816 1.00000 7 
 fake.rf 1440.00000000 50678.61276828361383195 1.00000 7 
 fake.rf 1440.00000000 50688.57253159084439176 1.00000 7 
 fake.rf 1440.00000000 50698.55657029408905601 1.00000 7 
 fake.rf 1440.00000000 50708.57029305491477444 1.00000 7 
 fake.rf 1440.00000000 50718.50979218839486862 1.00000 7 
 fake.rf 1440.00000000 50728.44130492126685184 1.00000 7 
 fake.rf 1440.00000000 50738.41408596016552224 1.00000 7 
 fake.rf 1440.00000000 50748.40426967486529009 1.00000 7 
 fake.rf 1440.00000000 50758.41335361020498951 1.00000 7 
 fake.rf 1440.00000000 50768.34819588797719803 1.00000 7 
 fake.rf 1440.00000000 50778.32910463785272626 1.00000 7 
 fake.rf 1440.00000000 50788.32562756071266108 1.00000 7 
 fake.rf 1440.00000000 50798.27050580190568496 1.00000 7 
 fake.rf 1440.00000000 50808.28669211476217882 1.00000 7 
 fake.rf 1440.00000000 50818.23654333918700488 1.00000 7 
 fake.rf 1440.00000000 50828.17257498778897329 1.00000 7 
 fake.rf 1440.00000000 50838.14951015419999081 1.00000 7 
 fake.rf 1440.00000000 50848.16377770986878559 1.00000 7 
 fake.rf 1440.00000000 50858.14492061401224632 1.00000 7 
 fake.rf 1440.00000000 50868.06224942081930962 1.00000 7 
 fake.rf 1440.00000000 50878.08019608905089370 1.00000 7 
 fake.rf 1440.00000000 50888.02486616672728559 1.00000 7 
 fake.rf 1440.00000000 50897.97507837577481737 1.00000 7 
 fake.rf 1440.00000000 50907.97842628314922919 1.00000 7 
 fake.rf 1440.00000000 50917.94540024577654336 1.00000 7 
 fake.rf 1440.00000000 50927.90131460999365487 1.00000 7 
 fake.rf 1440.00000000 50937.90893668747472134 1.00000 7 
 fake.rf 1440.00000000 50947.84126488006718603 1.00000 7 
 fake.rf 1440.00000000 50957.85775500598825616 1.00000 7 
 fake.rf 1440.00000000 50967.79575650474714976 1.00000 7 
 fake.rf 1440.00000000 50977.77933126371462080 1.00000 7 
 fake.rf 1440.00000000 50987.73313075690613161 1.00000 7 
 fake.rf 1440.00000000 50997.74153321837696140 1.00000 7 
 fake.rf 1440.00000000 51007.73645104101990100 1.00000 7 
 fake.rf 1440.00000000 51017.64794444808753227 1.00000 7 
 fake.rf 1440.00000000 51027.62315030130579885 1.00000 7 
 fake.rf 1440.00000000 51037.66021855845298916 1.00000 7 
 fake.rf 1440.00000000 51047.57179743389320947 1.00000 7 
 fake.rf 1440.00000000 51057.56449134803649414 1.00000 7 
 fake.rf 1440.00000000 51067.55461453929786941 1.00000 7 
 fake.rf 1440.00000000 51077.51167291026767714 1.00000 7 
 fake.rf 1440.00000000 51087.51258017568997616 1.00000 7 
 fake.rf 1440.00000000 51097.44319711612653734 1.00000 7 
 fake.rf 1440.00000000 51107.45577170206159678 1.00000 7 
 fake.rf 1440.00000000 51117.41683595005769902 1.00000 7 
 fake.rf 1440.00000000 51127.40794235165085269 1.00000 7 
 fake.rf 1440.00000000 51137.38385234137885860 1.00000 7 
 fake.rf 1440.00000000 51147.34915616172789399 1.00000 7 
 fake.rf 1440.00000000 51157.29850126329321114 1.00000 7 
 fake.rf 1440.00000000 51167.28285887618235250 1.00000 7 
 fake.rf 1440.00000000 51177.27612902274967510 1.00000 7 
 fake.rf 1440.00000000 51187.18739134569240790 1.00000 7 
 fake.rf 1440.00000000 51197.22705649606209022 1.00000 7 
 fake.rf 1440.00000000 51207.19784366714828749 1.00000 7 
 fake.rf 1440.00000000 51217.13975836440577183 1.00000 7 
 fake.rf 1440.00000000 51227.09036826566532596 1.00000 7 
 fake.rf 1440.00000000 51237.04437410508100115 1.00000 7 
 fake.rf 1440.00000000 51247.02121556821230541 1.00000 7 
 fake.rf 1440.00000000 51257.01479090501276659 1.00000 7 
 fake.rf 1440.00000000 51267.01259154732063905 1.00000 7 
 fake.rf 1440.00000000 51276.95473842523358954 1.00000 7 
 fake.rf 1440.00000000 51286.95919315612949418 1.00000 7 
 fake.rf 1440.00000000 51296.93809743059481931 1.00000 7 
 fake.rf 1440.00000000 51306.91595124799056293 1.00000 7 
 fake.rf 1440.00000000 51316.85929476010503336 1.00000 7 
 fake.rf 1440.00000000 51326.86033024422177817 1.00000 7 
 fake.rf 1440.00000000 51336.84069416692286936 1.00000 7 
 fake.rf 1440.00000000 51346.76507690673652107 1.00000 7 
 fake.rf 1440.00000000 51356.78832850688409906 1.00000 7 
 fake.rf 1440.00000000 51366.70535780958473993 1.00000 7 
 fake.rf 1440.00000000 51376.73050100223858294 1.00000 7 
 fake.rf 1440.00000000 51386.65478234245664169 1.00000 7 
 fake.rf 1440.00000000 51396.68335649043146063 1.00000 7 
 fake.rf 1440.00000000 51406.58308782997621122 1.00000 7 
 fake.rf 1440.00000000 51416.63058121372308662 1.00000 7 
 fake.rf 1440.00000000 51426.56419084756843318 1.00000 7 
 fake.rf 1440.00000000 51436.56566591039434400 1.00000 7 
 fake.rf 1440.00000000 51446.53304062321821988 1.00000 7 
 fake.rf 1440.00000000 51456.45925824222621259 1.00000 7 
 fake.rf 1440.00000000 51466.43738247146412945 1.00000 7 
 fake.rf 1440.00000000 51476.41641903922064927 1.00000 7 
 fake.rf 1440.00000000 51486.36321136183583747 1.00000 7 
 fake.rf 1440.00000000 51496.36323589970811554 1.00000 7 
 fake.rf 1440.00000000 51506.32590845581610139 1.00000 7 
 fake.rf 1440.00000000 51516.35412548388868004 1.00000 7 
 fake.rf 1440.00000000 51526.32336921360982984 1.00000 7 
 fake.rf 1440.00000000 51536.26395580816879871 1.00000 7 
 fake.rf 1440.00000000 51546.27348324564109561 1.00000 7 
 fake.rf 1440.00000000 51556.24687277598725643 1.00000 7 
 fake.rf 1440.00000000 51566.20833930246567789 1.00000 7 
 fake.rf 1440.00000000 51576.15963768065592632 1.00000 7 
 fake.rf 1440.00000000 51586.10247854146010127 1.00000 7 
 fake.rf 1440.00000000 51596.09570424532403621 1.00000 7 
 fake.rf 1440.00000000 51606.05321129282558346 1.00000 7 
 fake.rf 1440.00000000 51616.08454378288374542 1.00000 7 
 fake.rf 1440.00000000 51626.04841712224196115 1.00000 7 
 fake.rf 1440.00000000 51635.95093083752432150 1.00000 7 
 fake.rf 1440.00000000 51645.98993179727431624 1.00000 7 
 fake.rf 1440.00000000 51655.90549179317584461 1.00000 7 
 fake.rf 1440.00000000 51665.94189477015217804 1.00000 7 
 fake.rf 1440.00000000 51675.84189623833592009 1.00000 7 
 fake.rf 1440.00000000 51685.89323683333944004 1.00000 7 
 fake.rf 1440.00000000 51695.79789264537323135 1.00000 7 
 fake.rf 1440.00000000 51705.83710589219428755 1.00000 7 
 fake.rf 1440.00000000 51715.81548194307233501 1.00000 7 
 fake.rf 1440.00000000 51725.71160218411418796 1.00000 7 
 fake.rf 1440.00000000 51735.71172899832206227 1.00000 7 
 fake.rf 1440.00000000 51745.71888480785051101 1.00000 7 
 fake.rf 1440.00000000 51755.69301710840812447 1.00000 7 
 fake.rf 1440.00000000 51765.64666641206736486 1.00000 7 
 fake.rf 1440.00000000 51775.57591744640431841 1.00000 7 
 fake.rf 1440.00000000 51785.55639043489162887 1.00000 7 
 fake.rf 1440.00000000 51795.56746956411744520 1.00000 7 
 fake.rf 1440.00000000 51805.52404930848848608 1.00000 7 
 fake.rf 1440.00000000 51815.49449964151355630 1.00000 7 
 fake.rf 1440.00000000 51825.47776661299562306 1.00000 7 
 fake.rf 1440.00000000 51835.43089462014472701 1.00000 7 
 fake.rf 1440.00000000 51845.45256932354704205 1.00000 7 
 fake.rf 1440.00000000 51855.38933406085293853 1.00000 7 
 fake.rf 1440.00000000 51865.34315598869139663 1.00000 7 
 fake.rf 1440.00000000 51875.35360165323748305 1.00000 7 
 fake.rf 1440.00000000 51885.26896938706278561 1.00000 7 
 fake.rf 1440.00000000 51895.27626980642288146 1.00000 7 
 fake.rf 1440.00000000 51905.22391217900605298 1.00000 7 
 fake.rf 1440.00000000 51915.20742480912621275 1.00000 7 
 fake.rf 1440.00000000 51925.19002853695153732 1.00000 7 
 fake.rf 1440.00000000 51935.21218188551846140 1.00000 7 
 fake.rf 1440.00000000 51945.12551228554665173 1.00000 7 
 fake.rf 1440.00000000 51955.09108829669938601 1.00000 7 
 fake.rf 1440.00000000 51965.05610568662660143 1.00000 7 
 fake.rf 1440.00000000 51975.03314363876102888 1.00000 7 
 fake.rf 1440.00000000 51985.00935871505489416 1.00000 7 
 fake.rf 1440.00000000 51994.96968779300997809 1.00000 7 
 fake.rf 1440.00000000 52004.96201877448756790 1.00000 7 
 fake.rf 1440.00000000 52014.92141840323291291 1.00000 7 
 fake.rf 1440.00000000 52024.88742832563660912 1.00000 7 
 fake.rf 1440.00000000 52034.88651685759875676 1.00000 7 
 fake.rf 1440.00000000 52044.87334756704592920 1.00000 7 
 fake.rf 1440.00000000 52054.87381761721576723 1.00000 7 
 fake.rf 1440.00000000 52064.79100946127408989 1.00000 7 
 fake.rf 1440.00000000 52074.75879369219846637 1.00000 7 
 fake.rf 1440.00000000 52084.79915244702936405 1.00000 7 
 fake.rf 1440.00000000 52094.72412184265414581 1.00000 7 
 fake.rf 1440.00000000 52104.73028962486475280 1.00000 7 
 fake.rf 1440.00000000 52114.67119901188138797 1.00000 7 
 fake.rf 1440.00000000 52124.67725645431601222 1.00000 7 
 fake.rf 1440.00000000 52134.61066169577869189 1.00000 7 
 fake.rf 1440.00000000 52144.61533675327427773 1.00000 7 
 fake.rf 1440.00000000 52154.58704021562821751 1.00000 7 
 fake.rf 1440.00000000 52164.56784808948308552 1.00000 7 
 fake.rf 1440.00000000 52174.55364941888027275 1.00000 7 
 fake.rf 1440.00000000 52184.47976902549660849 1.00000 7 
 fake.rf 1440.00000000 52194.48658296545738366 1.00000 7 
 fake.rf 1440.00000000 52204.42365550940279562 1.00000 7 
 fake.rf 1440.00000000 52214.40805511136564121 1.00000 7 
 fake.rf 1440.00000000 52224.34235246160017141 1.00000 7 
 fake.rf 1440.00000000 52234.37266672319918115 1.00000 7 
 fake.rf 1440.00000000 52244.32319041239292190 1.00000 7 
 fake.rf 1440.00000000 52254.28145595864255313 1.00000 7 
 fake.rf 1440.00000000 52264.30465045051591488 1.00000 7 
 fake.rf 1440.00000000 52274.24749591889021616 1.00000 7 
 fake.rf 1440.00000000 52284.21010344333467401 1.00000 7 
 fake.rf 1440.00000000 52294.15348434316105752 1.00000 7 
 fake.rf 1440.00000000 52304.16729677057778503 1.00000 7 
 fake.rf 1440.00000000 52314.14953951709034285 1.00000 7 
 fake.rf 1440.00000000 52324.07962411858181184 1.00000 7 
 fake.rf 1440.00000000 52334.08675061005312301 1.00000 7 
 fake.rf 1440.00000000 52344.09538658046157167 1.00000 7 
 fake.rf 1440.00000000 52354.03960626529342548 1.00000 7 
 fake.rf 1440.00000000 52363.99117378495234831 1.00000 7 
 fake.rf 1440.00000000 52373.94430593578332278 1.00000 7 
 fake.rf 1440.00000000 52383.96694768814949583 1.00000 7 
 fake.rf 1440.00000000 52393.90284435307616562 1.00000 7 
 fake.rf 1440.00000000 52403.89158405401241936 1.00000 7 
 fake.rf 1440.00000000 52413.86436409996749219 1.00000 7 
 fake.rf 1440.00000000 52423.85180800983379612 1.00000 7 
 fake.rf 1440.00000000 52433.79057621267876854 1.00000 7 
 fake.rf 1440.00000000 52443.80739947073835694 1.00000 7 
 fake.rf 1440.00000000 52453.74348962542880415 1.00000 7 
 fake.rf 1440.00000000 52463.76459831772749354 1.00000 7 
 fake.rf 1440.00000000 52473.70620066982538887 1.00000 7 
 fake.rf 1440.00000000 52483.65539658575065829 1.00000 7 
 fake.rf 1440.00000000 52493.62992937081549272 1.00000 7 
 fake.rf 1440.00000000 52503.60564993316436144 1.00000 7 
 fake.rf 1440.00000000 52513.60255591651393914 1.00000 7 
 fake.rf 1440.00000000 52523.58879246493525628 1.00000 7 
 fake.rf 1440.00000000 52533.52611484308536305 1.00000 7 
 fake.rf 1440.00000000 52543.49730586674874289 1.00000 7 
 fake.rf 1440.00000000 52553.46137070576173045 1.00000 7 
 fake.rf 1440.00000000 52563.46759603503079816 1.00000 7 
 fake.rf 1440.00000000 52573.40595295511417362 1.00000 7 
 fake.rf 1440.00000000 52583.42350086138101517 1.00000 7 
 fake.rf 1440.00000000 52593.33630470988097372 1.00000 7 
 fake.rf 1440.00000000 52603.32867993330354395 1.00000 7 
 fake.rf 1440.00000000 52613.30401138650165294 1.00000 7 
 fake.rf 1440.00000000 52623.30969569116915352 1.00000 7 
 fake.rf 1440.00000000 52633.25945992399304529 1.00000 7 
 fake.rf 1440.00000000 52643.26922221572469951 1.00000 7 
 fake.rf 1440.00000000 52653.22751331751737425 1.00000 7 
 fake.rf 1440.00000000 52663.14880175356674030 1.00000 7 
 fake.rf 1440.00000000 52673.13743586922086237 1.00000 7 
 fake.rf 1440.00000000 52683.15949697071605229 1.00000 7 
 fake.rf 1440.00000000 52693.13073099977474811 1.00000 7 
 fake.rf 1440.00000000 52703.08256656367078463 1.00000 7 
 fake.rf 1440.00000000 52713.03733782507418937 1.00000 7 
 fake.rf 1440.00000000 52723.00865676490872502 1.00000 7 
 fake.rf 1440.00000000 52732.97524059555929554 1.00000 7 
 fake.rf 1440.00000000 52742.97941769007209700 1.00000 7 
 fake.rf 1440.00000000 52752.91153080135700648 1.00000 7 
 fake.rf 1440.00000000 52762.92484220819864404 1.00000 7 
 fake.rf 1440.00000000 52772.89409918167915237 1.00000 7 
 fake.rf 1440.00000000 52782.87845241130335339 1.00000 7 
 fake.rf 1440.00000000 52792.78493059669294851 1.00000 7 
 fake.rf 1440.00000000 52802.83935809506970571 1.00000 7 
 fake.rf 1440.00000000 52812.74340288409458211 1.00000 7 
 fake.rf 1440.00000000 52822.75742475786488939 1.00000 7 
 fake.rf 1440.00000000 52832.74205988705892167 1.00000 7 
 fake.rf 1440.00000000 52842.69406434210994661 1.00000 7 
 fake.rf 1440.00000000 52852.62324850060756276 1.00000 7 
 fake.rf 1440.00000000 52862.59925297202023486 1.00000 7 
 fake.rf 1440.00000000 52872.58478671128969140 1.00000 7 
 fake.rf 1440.00000000 52882.56296559611648078 1.00000 7 
 fake.rf 1440.00000000 52892.58382223858172821 1.00000 7 
 fake.rf 1440.00000000 52902.50946428808288147 1.00000 7 
 fake.rf 1440.00000000 52912.50732282185814981 1.00000 7 
 fake.rf 1440.00000000 52922.44748176155002284 1.00000 7 
 fake.rf 1440.00000000 52932.40611238488126489 1.00000 7 
 fake.rf 1440.00000000 52942.38103972325475510 1.00000 7 
 fake.rf 1440.00000000 52952.35826493889689459 1.00000 7 
 fake.rf 1440.00000000 52962.38582466005799176 1.00000 7 
 fake.rf 1440.00000000 52972.30934474689519931 1.00000 7 
 fake.rf 1440.00000000 52982.30250842606394102 1.00000 7 
 fake.rf 1440.00000000 52992.29610015745460316 1.00000 7 
 fake.rf 1440.00000000 53002.21815888632511360 1.00000 7 
 fake.rf 1440.00000000 53012.19046195213211448 1.00000 7 
 fake.rf 1440.00000000 53022.16612964731337954 1.00000 7 
 fake.rf 1440.00000000 53032.17014492763889422 1.00000 7 
 fake.rf 1440.00000000 53042.13633571608678707 1.00000 7 
 fake.rf 1440.00000000 53052.14348493382644278 1.00000 7 
 fake.rf 1440.00000000 53062.10691781226887898 1.00000 7 
 fake.rf 1440.00000000 53072.03039133177376030 1.00000 7 
 fake.rf 1440.00000000 53082.03410194340771611 1.00000 7 
 fake.rf 1440.00000000 53092.00919229186132142 1.00000 7 
 fake.rf 1440.00000000 53101.94978143035980267 1.00000 7 
 fake.rf 1440.00000000 53111.95189072106022010 1.00000 7 
 fake.rf 1440.00000000 53121.94166341923797958 1.00000 7 
 fake.rf 1440.00000000 53131.92357854918389393 1.00000 7 
 fake.rf 1440.00000000 53141.85429433759076900 1.00000 7 
 fake.rf 1440.00000000 53151.82337560542532984 1.00000 7 
 fake.rf 1440.00000000 53161.84511223730039475 1.00000 7 
 fake.rf 1440.00000000 53171.77913724688572472 1.00000 7 
 fake.rf 1440.00000000 53181.76105686419156626 1.00000 7 
 fake.rf 1440.00000000 53191.70494308080246881 1.00000 7 
 fake.rf 1440.00000000 53201.68712896316973371 1.00000 7 
 fake.rf 1440.00000000 53211.70532824052987664 1.00000 7 
 fake.rf 1440.00000000 53221.67437735275693456 1.00000 7 
 fake.rf 1440.00000000 53231.62402633526350471 1.00000 7 
 fake.rf 1440.00000000 53241.62816094841241821 1.00000 7 
 fake.rf 1440.00000000 53251.59944168137092291 1.00000 7 
 fake.rf 1440.00000000 53261.55362018059369689 1.00000 7 
 fake.rf 1440.00000000 53271.52928548702629996 1.00000 7 
 fake.rf 1440.00000000 53281.45139044401182815 1.00000 7 
 fake.rf 1440.00000000 53291.42603722022951018 1.00000 7 
 fake.rf 1440.00000000 53301.42259852854351010 1.00000 7 
 fake.rf 1440.00000000 53311.37740001697282111 1.00000 7 
 fake.rf 1440.00000000 53321.35165383991580867 1.00000 7 
 fake.rf 1440.00000000 53331.35118731495692046 1.00000 7 
 fake.rf 1440.00000000 53341.33730809348965352 1.00000 7 
 fake.rf 1440.00000000 53351.30505772747228832 1.00000 7 
 fake.rf 1440.00000000 53361.25571117194494519 1.00000 7 
 fake.rf 1440.00000000 53371.23256933405550484 1.00000 7 
 fake.rf 1440.00000000 53381.23442950024122311 1.00000 7 
 fake.rf 1440.00000000 53391.21609815805508248 1.00000 7 
 fake.rf 1440.00000000 53401.19535101753095674 1.00000 7 
 fake.rf 1440.00000000 53411.16510471829912632 1.00000 7 
 fake.rf 1440.00000000 53421.09285369671763988 1.00000 7 
 fake.rf 1440.00000000 53431.08918348876118287 1.00000 7 
 fake.rf 1440.00000000 53441.06815660360853570 1.00000 7 
 fake.rf 1440.00000000 53451.03725928810747803 1.00000 7 
 fake.rf 1440.00000000 53461.02997496864910687 1.00000 7 
 fake.rf 1440.00000000 53470.97465561460446182 1.00000 7 
 fake.rf 1440.00000000 53480.90508726592305777 1.00000 7 
 fake.rf 1440.00000000 53490.90702673116404853 1.00000 7 
 fake.rf 1440.00000000 53500.90623133953903334 1.00000 7 
 fake.rf 1440.00000000 53510.84615316120844852 1.00000 7 
 fake.rf 1440.00000000 53520.81026298321554791 1.00000 7 
 fake.rf 1440.00000000 53530.80582117632251737 1.00000 7 
 fake.rf 1440.00000000 53540.80602984261364696 1.00000 7 
 fake.rf 1440.00000000 53550.71824523325123124 1.00000 7 
 fake.rf 1440.00000000 53560.71238834064477885 1.00000 7 
 fake.rf 1440.00000000 53570.69407978260781178 1.00000 7 
 fake.rf 1440.00000000 53580.69259808294176040 1.00000 7 
 fake.rf 1440.00000000 53590.63615080637073973 1.00000 7 
 fake.rf 1440.00000000 53600.61979329439698105 1.00000 7 
 fake.rf 1440.00000000 53610.55884403581596942 1.00000 7 
 fake.rf 1440.00000000 53620.56783539978743391 1.00000 7 
 fake.rf 1440.00000000 53630.55303614333033835 1.00000 7 
 fake.rf 1440.00000000 53640.51892490404102887 1.00000 7 
 fake.rf 1440.00000000 53650.45800801530824842 1.00000 7 
 fake.rf 1440.00000000 53660.43826279351976538 1.00000 7 
