FORMAT 1
 fake.rf 1440.00000000 50000.45096474063407399 1.00000 7 
 fake.rf 1440.00000000 50010.46081078926265917 1.00000 7 
 fake.rf 1440.00000000 50020.40111346915875146 1.00000 7 
 fake.rf 1440.00000000 50030.37253071401847748 1.00000 7 
 fake.rf 1440.00000000 50040.33579245446656003 1.00000 7 
 fake.rf 1440.00000000 50050.36799610545378414 1.00000 7 
 fake.rf 1440.00000000 50060.32921914166863075 1.00000 7 
 fake.rf 1440.00000000 50070.26583091196532393 1.00000 7 
 fake.rf 1440.00000000 50080.27939783687679309 1.00000 7 
 fake.rf 1440.00000000 50090.22907720889982386 1.00000 7 
 fake.rf 1440.00000000 50100.20815394908499840 1.00000 7 
 fake.rf 1440.00000000 50110.16822679862501744 1.00000 7 
 fake.rf 1440.00000000 50120.16292969435208704 1.00000 7 
 fake.rf 1440.00000000 50130.12324065121654115 1.00000 7 
 fake.rf 1440.00000000 50140.05936723738797767 1.00000 7 
 fake.rf 1440.00000000 50150.03506580757042599 1.00000 7 
 fake.rf 1440.00000000 50160.03113508270956800 1.00000 7 
 fake.rf 1440.00000000 50169.99703198355694411 1.00000 7 
 fake.rf 1440.00000000 50180.01770215750334714 1.00000 7 
 fake.rf 1440.00000000 50189.95161730966253799 1.00000 7 
 fake.rf 1440.00000000 50199.97353535894081134 1.00000 7 
 fake.rf 1440.00000000 50209.92734882115063044 1.00000 7 
 fake.rf 1440.00000000 50219.90884909940390912 1.00000 7 
 fake.rf 1440.00000000 50229.82596598245703490 1.00000 7 
 fake.rf 1440.00000000 50239.85261979622242023 1.00000 7 
 fake.rf 1440.00000000 50249.80496002367770103 1.00000 7 
 fake.rf 1440.00000000 50259.80025185597826365 1.00000 7 
 fake.rf 1440.00000000 50269.77469596786178130 1.00000 7 
 fake.rf 1440.00000000 50279.67321532413301810 1.00000 7 
 fake.rf 1440.00000000 50289.71096666383438745 1.00000 7 
 fake.rf 1440.00000000 50299.65910600970647693 1.00000 7 
 fake.rf 1440.00000000 50309.60462004718879925 1.00000 7 
 fake.rf 1440.00000000 50319.59618839913298416 1.00000 7 
 fake.rf 1440.00000000 50329.59526807081869393 1.00000 7 
 fake.rf 1440.00000000 50339.53950370699651629 1.00000 7 
 fake.rf 1440.00000000 50349.52163813159132033 1.00000 7 
 fake.rf 1440.00000000 50359.49689249007062131 1.00000 7 
 fake.rf 1440.00000000 50369.42965547649538394 1.00000 7 
 fake.rf 1440.00000000 50379.45903934226739551 1.00000 7 
 fake.rf 1440.00000000 50389.39183156610417313 1.00000 7 
 fake.rf 1440.00000000 50399.38491164253506582 1.00000 7 
 fake.rf 1440.00000000 50409.33734325630066664 1.00000 7 
 fake.rf 1440.00000000 50419.34084600507507190 1.00000 7 
 fake.rf 1440.00000000 50429.27259994649348940 1.00000 7 
 fake.rf 1440.00000000 50439.29598014335243406 1.00000 7 
 fake.rf 1440.00000000 50449.26291387020357604 1.00000 7 
 fake.rf 1440.00000000 50459.19767066351676377 1.00000 7 
 fake.rf 1440.00000000 50469.16109118023402758 1.00000 7 
 fake.rf 1440.00000000 50479.20455945955744781 1.00000 7 
 fake.rf 1440.00000000 50489.10395748400172522 1.00000 7 
 fake.rf 1440.00000000 50499.11193079675736683 1.00000 7 
 fake.rf 1440.00000000 50509.12128808665471880 1.00000 7 
 fake.rf 1440.00000000 50519.08513723643752513 1.00000 7 
 fake.rf 1440.00000000 50529.01858179975563345 1.00000 7 
 fake.rf 1440.00000000 50538.97236034456614462 1.00000 7 
 fake.rf 1440.00000000 50548.99016766117028254 1.00000 7 
 fake.rf 1440.00000000 50558.98659011618904202 1.00000 7 
 fake.rf 1440.00000000 50568.96296481931799249 1.00000 7 
 fake.rf 1440.00000000 50578.89918724397857730 1.00000 7 
 fake.rf 1440.00000000 50588.90476674118830758 1.00000 7 
 fake.rf 1440.00000000 50598.86286371010833918 1.00000 7 
 fake.rf 1440.00000000 50608.77452986607041652 1.00000 7 
 fake.rf 1440.00000000 50618.75292770377379270 1.00000 7 
 fake.rf 1440.00000000 50628.72989742581806638 1.00000 7 
 fake.rf 1440.00000000 50638.75128090968199501 1.00000 7 
 fake.rf 1440.00000000 50648.70121867648971659 1.00000 7 
 fake.rf 1440.00000000 50658.68762716061460338 1.00000 7 
 fake.rf 1440.00000000 50668.62823600107183353 1.00000 7 
 fake.rf 1440.00000000 50678.62157444604199341 1.00000 7 
 fake.rf 1440.00000000 50688.58133773194083815 1.00000 7 
 fake.rf 1440.00000000 50698.56537651646766207 1.00000 7 
 fake.rf 1440.00000000 50708.57909935884022445 1.00000 7 
 fake.rf 1440.00000000 50718.51859858561883954 1.00000 7 
 fake.rf 1440.00000000 50728.45011112266865894 1.00000 7 
 fake.rf 1440.00000000 50738.42289222982839547 1.00000 7 
 fake.rf 1440.00000000 50748.41307602008795286 1.00000 7 
 fake.rf 1440.00000000 50758.42215995669567619 1.00000 7 
 fake.rf 1440.00000000 50768.35700220310682695 1.00000 7 
 fake.rf 1440.00000000 50778.33791084463887699 1.00000 7 
 fake.rf 1440.00000000 50788.33443400350656205 1.00000 7 
 fake.rf 1440.00000000 50798.27931193147275124 1.00000 7 
 fake.rf 1440.00000000 50808.29549821835958312 1.00000 7 
 fake.rf 1440.00000000 50818.24534967095540239 1.00000 7 
 fake.rf 1440.00000000 50828.18138110565623577 1.00000 7 
 fake.rf 1440.00000000 50838.15831631179558414 1.00000 7 
 fake.rf 1440.00000000 50848.17258397261313263 1.00000 7 
 fake.rf 1440.00000000 50858.15372704900729417 1.00000 7 
 fake.rf 1440.00000000 50868.07105570640615255 1.00000 7 
 fake.rf 1440.00000000 50878.08900236817914831 1.00000 7 
 fake.rf 1440.00000000 50888.03367222686678062 1.00000 7 
 fake.rf 1440.00000000 50897.98388470386655413 1.00000 7 
 fake.rf 1440.00000000 50907.98723271678534985 1.00000 7 
 fake.rf 1440.00000000 50917.95420638404042180 1.00000 7 
 fake.rf 1440.00000000 50927.91012104075926459 1.00000 7 
 fake.rf 1440.00000000 50937.91774306343132750 1.00000 7 
 fake.rf 1440.00000000 50947.85007125100298353 1.00000 7 
 fake.rf 1440.00000000 50957.86656135868906503 1.00000 7 
 fake.rf 1440.00000000 50967.80456284045218851 1.00000 7 
 fake.rf 1440.00000000 50977.78813751986950109 1.00000 7 
 fake.rf 1440.00000000 50987.74193704966353380 1.00000 7 
 fake.rf 1440.00000000 50997.75033949627966834 1.00000 7 
 fake.rf 1440.00000000 51007.74525730819823011 1.00000 7 
 fake.rf 1440.00000000 51017.65675068032824058 1.00000 7 
 fake.rf 1440.00000000 51027.63195672799271208 1.00000 7 
 fake.rf 1440.00000000 51037.66902473310706867 1.00000 7 
 fake.rf 1440.00000000 51047.58060352957146222 1.00000 7 
 fake.rf 1440.00000000 51057.57329768654555835 1.00000 7 
 fake.rf 1440.00000000 51067.56342061775143293 1.00000 7 
 fake.rf 1440.00000000 51077.52047934697571563 1.00000 7 
 fake.rf 1440.00000000 51087.52138645940932093 1.00000 7 
 fake.rf 1440.00000000 51097.45200356374954609 1.00000 7 
 fake.rf 1440.00000000 51107.46457790228815554 1.00000 7 
 fake.rf 1440.00000000 51117.42564227650462882 1.00000 7 
 fake.rf 1440.00000000 51127.41674849088311561 1.00000 7 
 fake.rf 1440.00000000 51137.39265861970973504 1.00000 7 
 fake.rf 1440.00000000 51147.35796250291286569 1.00000 7 
 fake.rf 1440.00000000 51157.30730740673114809 1.00000 7 
 fake.rf 1440.00000000 51167.29166497658007984 1.00000 7 
 fake.rf 1440.00000000 51177.28493514516685536 1.00000 7 
 fake.rf 1440.00000000 51187.19619775406660267 1.00000 7 
 fake.rf 1440.00000000 51197.23586278440271968 1.00000 7 
 fake.rf 1440.00000000 51207.20664980081949125 1.00000 7 
 fake.rf 1440.00000000 51217.14856473830796091 1.00000 7 
 fake.rf 1440.00000000 51227.09917448233515813 1.00000 7 
 fake.rf 1440.00000000 51237.05318044207939110 1.00000 7 
 fake.rf 1440.00000000 51247.03002172851820717 1.00000 7 
 fake.rf 1440.00000000 51257.02359732990444030 1.00000 7 
 fake.rf 1440.00000000 51267.02139768876693893 1.00000 7 
 fake.rf 1440.00000000 51276.96354483764484300 1.00000 7 
 fake.rf 1440.00000000 51286.96799945684023214 1.00000 7 
 fake.rf 1440.00000000 51296.94690371192659484 1.00000 7 
 fake.rf 1440.00000000 51306.92475761418444691 1.00000 7 
 fake.rf 1440.00000000 51316.86810100712478544 1.00000 7 
 fake.rf 1440.00000000 51326.86913633069328355 1.00000 7 
 fake.rf 1440.00000000 51336.84950057409376001 1.00000 7 
 fake.rf 1440.00000000 51346.77388301025478157 1.00000 7 
 fake.rf 1440.00000000 51356.79713484403054125 1.00000 7 
 fake.rf 1440.00000000 51366.71416420800854041 1.00000 7 
 fake.rf 1440.00000000 51376.73930723696897616 1.00000 7 
 fake.rf 1440.00000000 51386.66358879448348418 1.00000 7 
 fake.rf 1440.00000000 51396.69216290761145771 1.00000 7 
 fake.rf 1440.00000000 51406.59189405804657724 1.00000 7 
 fake.rf 1440.00000000 51416.63938764615314625 1.00000 7 
 fake.rf 1440.00000000 51426.57299711369361006 1.00000 7 
 fake.rf 1440.00000000 51436.57447218096189800 1.00000 7 
 fake.rf 1440.00000000 51446.54184684911359327 1.00000 7 
 fake.rf 1440.00000000 51456.46806456899358651 1.00000 7 
 fake.rf 1440.00000000 51466.44618885748220194 1.00000 7 
 fake.rf 1440.00000000 51476.42522543303425664 1.00000 7 
 fake.rf 1440.00000000 51486.37201763656323905 1.00000 7 
 fake.rf 1440.00000000 51496.37204222110304741 1.00000 7 
 fake.rf 1440.00000000 51506.33471484744540092 1.00000 7 
 fake.rf 1440.00000000 51516.36293170111470729 1.00000 7 
 fake.rf 1440.00000000 51526.33217553725745930 1.00000 7 
 fake.rf 1440.00000000 51536.27276224012959815 1.00000 7 
 fake.rf 1440.00000000 51546.28228939881321935 1.00000 7 
 fake.rf 1440.00000000 51556.25567885288793590 1.00000 7 
 fake.rf 1440.00000000 51566.21714549101655223 1.00000 7 
 fake.rf 1440.00000000 51576.16844402495473432 1.00000 7 
 fake.rf 1440.00000000 51586.11128497940184445 1.00000 7 
 fake.rf 1440.00000000 51596.10451049712675697 1.00000 7 
 fake.rf 1440.00000000 51606.06201765305286600 1.00000 7 
 fake.rf 1440.00000000 51616.09335015386024992 1.00000 7 
 fake.rf 1440.00000000 51626.05722345889264346 1.00000 7 
 fake.rf 1440.00000000 51635.95973694269343213 1.00000 7 
 fake.rf 1440.00000000 51645.99873799812965913 1.00000 7 
 fake.rf 1440.00000000 51655.91429810757058050 1.00000 7 
 fake.rf 1440.00000000 51665.95070101370278692 1.00000 7 
 fake.rf 1440.00000000 51675.85070246896780688 1.00000 7 
 fake.rf 1440.00000000 51685.90204326146989189 1.00000 7 
 fake.rf 1440.00000000 51695.80669876717741218 1.00000 7 
 fake.rf 1440.00000000 51705.84591198657627586 1.00000 7 
 fake.rf 1440.00000000 51715.82428825911692982 1.00000 7 
 fake.rf 1440.00000000 51725.72040832197388127 1.00000 7 
 fake.rf 1440.00000000 51735.72053537442812043 1.00000 7 
 fake.rf 1440.00000000 51745.72769106866251221 1.00000 7 
 fake.rf 1440.00000000 51755.70182346052767386 1.00000 7 
 fake.rf 1440.00000000 51765.65547253801060990 1.00000 7 
 fake.rf 1440.00000000 51775.58472349792427991 1.00000 7 
 fake.rf 1440.00000000 51785.56519679505634812 1.00000 7 
 fake.rf 1440.00000000 51795.57627580109096144 1.00000 7 
 fake.rf 1440.00000000 51805.53285564260378138 1.00000 7 
 fake.rf 1440.00000000 51815.50330589307223406 1.00000 7 
 fake.rf 1440.00000000 51825.48657274016631291 1.00000 7 
 fake.rf 1440.00000000 51835.43970077955091824 1.00000 7 
 fake.rf 1440.00000000 51845.46137540934497068 1.00000 7 
 fake.rf 1440.00000000 51855.39814038918871830 1.00000 7 
 fake.rf 1440.00000000 51865.35196226240789130 1.00000 7 
 fake.rf 1440.00000000 51875.36240779207861706 1.00000 7 
 fake.rf 1440.00000000 51885.27777568908174644 1.00000 7 
 fake.rf 1440.00000000 51895.28507615660991803 1.00000 7 
 fake.rf 1440.00000000 51905.23271825218533593 1.00000 7 
 fake.rf 1440.00000000 51915.21623095856062235 1.00000 7 
 fake.rf 1440.00000000 51925.19883489477651750 1.00000 7 
 fake.rf 1440.00000000 51935.22098797595806374 1.00000 7 
 fake.rf 1440.00000000 51945.13431851955094487 1.00000 7 
 fake.rf 1440.00000000 51955.09989451599892263 1.00000 7 
 fake.rf 1440.00000000 51965.06491204756607161 1.00000 7 
 fake.rf 1440.00000000 51975.04194978707865005 1.00000 7 
 fake.rf 1440.00000000 51985.01816495733741164 1.00000 7 
 fake.rf 1440.00000000 51994.97849423039063410 1.00000 7 
 fake.rf 1440.00000000 52004.97082513171235618 1.00000 7 
 fake.rf 1440.00000000 52014.93022453546149464 1.00000 7 
 fake.rf 1440.00000000 52024.89623441332181031 1.00000 7 
 fake.rf 1440.00000000 52034.89532303590795692 1.00000 7 
 fake.rf 1440.00000000 52044.88215384933949181 1.00000 7 
 fake.rf 1440.00000000 52054.88262374598550153 1.00000 7 
 fake.rf 1440.00000000 52064.79981576953531075 1.00000 7 
 fake.rf 1440.00000000 52074.76760001534597322 1.00000 7 
 fake.rf 1440.00000000 52084.80795853372745086 1.00000 7 
 fake.rf 1440.00000000 52094.73292815493415375 1.00000 7 
 fake.rf 1440.00000000 52104.73909571304447397 1.00000 7 
 fake.rf 1440.00000000 52114.68000508731974918 1.00000 7 
 fake.rf 1440.00000000 52124.68606265542548073 1.00000 7 
 fake.rf 1440.00000000 52134.61946806799174681 1.00000 7 
 fake.rf 1440.00000000 52144.62414313036119395 1.00000 7 
 fake.rf 1440.00000000 52154.59584632284303041 1.00000 7 
 fake.rf 1440.00000000 52164.57665440349128261 1.00000 7 
 fake.rf 1440.00000000 52174.56245564898199873 1.00000 7 
 fake.rf 1440.00000000 52184.48857538501965081 1.00000 7 
 fake.rf 1440.00000000 52194.49538903322891770 1.00000 7 
 fake.rf 1440.00000000 52204.43246172330499633 1.00000 7 
 fake.rf 1440.00000000 52214.41686124629855215 1.00000 7 
 fake.rf 1440.00000000 52224.35115859216274359 1.00000 7 
 fake.rf 1440.00000000 52234.38147289635951509 1.00000 7 
 fake.rf 1440.00000000 52244.33199650299174976 1.00000 7 
 fake.rf 1440.00000000 52254.29026201780966332 1.00000 7 
 fake.rf 1440.00000000 52264.31345670554060590 1.00000 7 
 fake.rf 1440.00000000 52274.25630213647023226 1.00000 7 
 fake.rf 1440.00000000 52284.21890976858114541 1.00000 7 
 fake.rf 1440.00000000 52294.16229056167316003 1.00000 7 
 fake.rf 1440.00000000 52304.17610295364768191 1.00000 7 
 fake.rf 1440.00000000 52314.15834583461436580 1.00000 7 
 fake.rf 1440.00000000 52324.08843038827033922 1.00000 7 
 fake.rf 1440.00000000 52334.09555695665979158 1.00000 7 
 fake.rf 1440.00000000 52344.10419279201425979 1.00000 7 
 fake.rf 1440.00000000 52354.04841248347327465 1.00000 7 
 fake.rf 1440.00000000 52363.99997996787555721 1.00000 7 
 fake.rf 1440.00000000 52373.95311213383979521 1.00000 7 
 fake.rf 1440.00000000 52383.97575377955145370 1.00000 7 
 fake.rf 1440.00000000 52393.91165074327901507 1.00000 7 
 fake.rf 1440.00000000 52403.90039023496891701 1.00000 7 
 fake.rf 1440.00000000 52413.87317042283115853 1.00000 7 
 fake.rf 1440.00000000 52423.86061445548484983 1.00000 7 
 fake.rf 1440.00000000 52433.79938246581977168 1.00000 7 
 fake.rf 1440.00000000 52443.81620575639207971 1.00000 7 
 fake.rf 1440.00000000 52453.75229584331823673 1.00000 7 
 fake.rf 1440.00000000 52463.77340470817122409 1.00000 7 
 fake.rf 1440.00000000 52473.71500709478357649 1.00000 7 
 fake.rf 1440.00000000 52483.66420274710366911 1.00000 7 
 fake.rf 1440.00000000 52493.63873568919911961 1.00000 7 
 fake.rf 1440.00000000 52503.61445608684083552 1.00000 7 
 fake.rf 1440.00000000 52513.61136210301149418 1.00000 7 
 fake.rf 1440.00000000 52523.59759885518637645 1.00000 7 
 fake.rf 1440.00000000 52533.53492093526712381 1.00000 7 
 fake.rf 1440.00000000 52543.50611223886033230 1.00000 7 
 fake.rf 1440.00000000 52553.47017698066121483 1.00000 7 
 fake.rf 1440.00000000 52563.47640222119769859 1.00000 7 
 fake.rf 1440.00000000 52573.41475921603719001 1.00000 7 
 fake.rf 1440.00000000 52583.43230699916015070 1.00000 7 
 fake.rf 1440.00000000 52593.34511089936087203 1.00000 7 
 fake.rf 1440.00000000 52603.33748637399376946 1.00000 7 
 fake.rf 1440.00000000 52613.31281754284521668 1.00000 7 
 fake.rf 1440.00000000 52623.31850197097081789 1.00000 7 
 fake.rf 1440.00000000 52633.26826632474258361 1.00000 7 
 fake.rf 1440.00000000 52643.27802844152209971 1.00000 7 
 fake.rf 1440.00000000 52653.23631968045569707 1.00000 7 
 fake.rf 1440.00000000 52663.15760806711673325 1.00000 7 
 fake.rf 1440.00000000 52673.14624202282945475 1.00000 7 
 fake.rf 1440.00000000 52683.16830307353957608 1.00000 7 
 fake.rf 1440.00000000 52693.13953743968937715 1.00000 7 
 fake.rf 1440.00000000 52703.09137266436044555 1.00000 7 
 fake.rf 1440.00000000 52713.04614420602264246 1.00000 7 
 fake.rf 1440.00000000 52723.01746310632755055 1.00000 7 
 fake.rf 1440.00000000 52732.98404668099680137 1.00000 7 
 fake.rf 1440.00000000 52742.98822392776560264 1.00000 7 
 fake.rf 1440.00000000 52752.92033715473375466 1.00000 7 
 fake.rf 1440.00000000 52762.93364844856458262 1.00000 7 
 fake.rf 1440.00000000 52772.90290559413270799 1.00000 7 
 fake.rf 1440.00000000 52782.88725881378563543 1.00000 7 
 fake.rf 1440.00000000 52792.79373683315231958 1.00000 7 
 fake.rf 1440.00000000 52802.84816453784653234 1.00000 7 
 fake.rf 1440.00000000 52812.75220916837529117 1.00000 7 
 fake.rf 1440.00000000 52822.76623081757460909 1.00000 7 
 fake.rf 1440.00000000 52832.75086634895060911 1.00000 7 
 fake.rf 1440.00000000 52842.70287065134153437 1.00000 7 
 fake.rf 1440.00000000 52852.63205468686071242 1.00000 7 
 fake.rf 1440.00000000 52862.60805922482171937 1.00000 7 
 fake.rf 1440.00000000 52872.59359310958832268 1.00000 7 
 fake.rf 1440.00000000 52882.57177178740763424 1.00000 7 
 fake.rf 1440.00000000 52892.59262849096846182 1.00000 7 
 fake.rf 1440.00000000 52902.51827058978718199 1.00000 7 
 fake.rf 1440.00000000 52912.51612907015187659 1.00000 7 
 fake.rf 1440.00000000 52922.45628796772992075 1.00000 7 
 fake.rf 1440.00000000 52932.41491880102911338 1.00000 7 
 fake.rf 1440.00000000 52942.38984599074765569 1.00000 7 
 fake.rf 1440.00000000 52952.36707132041916068 1.00000 7 
 fake.rf 1440.00000000 52962.39463104764737622 1.00000 7 
 fake.rf 1440.00000000 52972.31815103372278841 1.00000 7 
 fake.rf 1440.00000000 52982.31131459860824506 1.00000 7 
 fake.rf 1440.00000000 52992.30490639813511677 1.00000 7 
 fake.rf 1440.00000000 53002.22696504304011000 1.00000 7 
 fake.rf 1440.00000000 53012.19926818552944070 1.00000 7 
 fake.rf 1440.00000000 53022.17493585611039819 1.00000 7 
 fake.rf 1440.00000000 53032.17895108516048808 1.00000 7 
 fake.rf 1440.00000000 53042.14514213658061692 1.00000 7 
 fake.rf 1440.00000000 53052.15229134622402185 1.00000 7 
 fake.rf 1440.00000000 53062.11572417331346330 1.00000 7 
 fake.rf 1440.00000000 53072.03919750256079269 1.00000 7 
 fake.rf 1440.00000000 53082.04290819372929988 1.00000 7 
 fake.rf 1440.00000000 53092.01799857146096784 1.00000 7 
 fake.rf 1440.00000000 53101.95858756879383478 1.00000 7 
 fake.rf 1440.00000000 53111.96069695585912740 1.00000 7 
 fake.rf 1440.00000000 53121.95046964277853974 1.00000 7 
 fake.rf 1440.00000000 53131.93238465681758598 1.00000 7 
 fake.rf 1440.00000000 53141.86310055374443451 1.00000 7 
 fake.rf 1440.00000000 53151.83218191523438279 1.00000 7 
 fake.rf 1440.00000000 53161.85391857465216248 1.00000 7 
 fake.rf 1440.00000000 53171.78794334140711086 1.00000 7 
 fake.rf 1440.00000000 53181.76986294656928678 1.00000 7 
 fake.rf 1440.00000000 53191.71374927556982115 1.00000 7 
 fake.rf 1440.00000000 53201.69593509654619012 1.00000 7 
 fake.rf 1440.00000000 53211.71413447256962570 1.00000 7 
 fake.rf 1440.00000000 53221.68318361093677638 1.00000 7 
 fake.rf 1440.00000000 53231.63283261499097421 1.00000 7 
 fake.rf 1440.00000000 53241.63696717485141363 1.00000 7 
 fake.rf 1440.00000000 53251.60824788131445473 1.00000 7 
 fake.rf 1440.00000000 53261.56242654421247096 1.00000 7 
 fake.rf 1440.00000000 53271.53809184269983135 1.00000 7 
 fake.rf 1440.00000000 53281.46019682697862407 1.00000 7 
 fake.rf 1440.00000000 53291.43484337531987549 1.00000 7 
 fake.rf 1440.00000000 53301.43140478606814270 1.00000 7 
 fake.rf 1440.00000000 53311.38620609742456935 1.00000 7 
 fake.rf 1440.00000000 53321.36046012667700111 1.00000 7 
 fake.rf 1440.00000000 53331.35999353273551193 1.00000 7 
 fake.rf 1440.00000000 53341.34611442751108612 1.00000 7 
 fake.rf 1440.00000000 53351.31386383091909309 1.00000 7 
 fake.rf 1440.00000000 53361.26451750855573408 1.00000 7 
 fake.rf 1440.00000000 53371.24137550553548692 1.00000 7 
 fake.rf 1440.00000000 53381.24323592072586564 1.00000 7 
 fake.rf 1440.00000000 53391.22490459569586463 1.00000 7 
 fake.rf 1440.00000000 53401.20415732356209659 1.00000 7 
 fake.rf 1440.00000000 53411.17391106123175604 1.00000 7 
 fake.rf 1440.00000000 53421.10166015526409566 1.00000 7 
 fake.rf 1440.00000000 53431.09798988790259600 1.00000 7 
 fake.rf 1440.00000000 53441.07696296051853579 1.00000 7 
 fake.rf 1440.00000000 53451.04606561158058753 1.00000 7 
 fake.rf 1440.00000000 53461.03878103495233987 1.00000 7 
 fake.rf 1440.00000000 53470.98346177700734572 1.00000 7 
 fake.rf 1440.00000000 53480.91389353324049694 1.00000 7 
 fake.rf 1440.00000000 53490.91583288262672724 1.00000 7 
 fake.rf 1440.00000000 53500.91503766276780496 1.00000 7 
 fake.rf 1440.00000000 53510.85495955673327728 1.00000 7 
 fake.rf 1440.00000000 53520.81906928964002290 1.00000 7 
 fake.rf 1440.00000000 53530.81462751064629657 1.00000 7 
 fake.rf 1440.00000000 53540.81483606092321637 1.00000 7 
 fake.rf 1440.00000000 53550.72705135630670625 1.00000 7 
 fake.rf 1440.00000000 53560.72119466291673717 1.00000 7 
 fake.rf 1440.00000000 53570.70288619270336383 1.00000 7 
 fake.rf 1440.00000000 53580.70140445357195702 1.00000 7 
 fake.rf 1440.00000000 53590.64495704396024323 1.00000 7 
 fake.rf 1440.00000000 53600.62859946223651519 1.00000 7 
 fake.rf 1440.00000000 53610.56765018673364054 1.00000 7 
 fake.rf 1440.00000000 53620.57664172393086233 1.00000 7 
 fake.rf 1440.00000000 53630.56184250734094476 1.00000 7 
 fake.rf 1440.00000000 53640.52773098444044209 1.00000 7 
 fake.rf 1440.00000000 53650.46681440249132677 1.00000 7 
 fake.rf 1440.00000000 53660.44706892320994029 1.00000 7 
