FORMAT 1
 fake.rf 1440.00000000 50000.45577010423578557 1.00000 7 
 fake.rf 1440.00000000 50010.46561616570867770 1.00000 7 
 fake.rf 1440.00000000 50020.40591881576850852 1.00000 7 
 fake.rf 1440.00000000 50030.37733607860101515 1.00000 7 
 fake.rf 1440.00000000 50040.34059780378307281 1.00000 7 
 fake.rf 1440.00000000 50050.37280146175962514 1.00000 7 
 fake.rf 1440.00000000 50060.33402450633612801 1.00000 7 
 fake.rf 1440.00000000 50070.27063627543125790 1.00000 7 
 fake.rf 1440.00000000 50080.28420317936321737 1.00000 7 
 fake.rf 1440.00000000 50090.23388257388576505 1.00000 7 
 fake.rf 1440.00000000 50100.21295933916407250 1.00000 7 
 fake.rf 1440.00000000 50110.17303215939834971 1.00000 7 
 fake.rf 1440.00000000 50120.16773505523008581 1.00000 7 
 fake.rf 1440.00000000 50130.12804599398289795 1.00000 7 
 fake.rf 1440.00000000 50140.06417261328349610 1.00000 7 
 fake.rf 1440.00000000 50150.03987116909516786 1.00000 7 
 fake.rf 1440.00000000 50160.03594043126952684 1.00000 7 
 fake.rf 1440.00000000 50170.00183733653143747 1.00000 7 
 fake.rf 1440.00000000 50180.02250754790028964 1.00000 7 
 fake.rf 1440.00000000 50189.95642268191356195 1.00000 7 
 fake.rf 1440.00000000 50199.97834069315212346 1.00000 7 
 fake.rf 1440.00000000 50209.93215417859043725 1.00000 7 
 fake.rf 1440.00000000 50219.91365444363477266 1.00000 7 
 fake.rf 1440.00000000 50229.83077136108685679 1.00000 7 
 fake.rf 1440.00000000 50239.85742516212030750 1.00000 7 
 fake.rf 1440.00000000 50249.80976538747366078 1.00000 7 
 fake.rf 1440.00000000 50259.80505720562353389 1.00000 7 
 fake.rf 1440.00000000 50269.77950134000316851 1.00000 7 
 fake.rf 1440.00000000 50279.67802070552584937 1.00000 7 
 fake.rf 1440.00000000 50289.71577202004029772 1.00000 7 
 fake.rf 1440.00000000 50299.66391139341722649 1.00000 7 
 fake.rf 1440.00000000 50309.60942540623998198 1.00000 7 
 fake.rf 1440.00000000 50319.60099377125536435 1.00000 7 
 fake.rf 1440.00000000 50329.60007343697190407 1.00000 7 
 fake.rf 1440.00000000 50339.54430907290764452 1.00000 7 
 fake.rf 1440.00000000 50349.52644349746974228 1.00000 7 
 fake.rf 1440.00000000 50359.50169782536007901 1.00000 7 
 fake.rf 1440.00000000 50369.43446083194001872 1.00000 7 
 fake.rf 1440.00000000 50379.46384468497916131 1.00000 7 
 fake.rf 1440.00000000 50389.39663693623018759 1.00000 7 
 fake.rf 1440.00000000 50399.38971701098741818 1.00000 7 
 fake.rf 1440.00000000 50409.34214860149204185 1.00000 7 
 fake.rf 1440.00000000 50419.34565137037255766 1.00000 7 
 fake.rf 1440.00000000 50429.27740530598376267 1.00000 7 
 fake.rf 1440.00000000 50439.30078551912599494 1.00000 7 
 fake.rf 1440.00000000 50449.26771922863189346 1.00000 7 
 fake.rf 1440.00000000 50459.20247603882713605 1.00000 7 
 fake.rf 1440.00000000 50469.16589653458774123 1.00000 7 
 fake.rf 1440.00000000 50479.20936482391883970 1.00000 7 
 fake.rf 1440.00000000 50489.10876283292477495 1.00000 7 
 fake.rf 1440.00000000 50499.11673613465613641 1.00000 7 
 fake.rf 1440.00000000 50509.12609344236666331 1.00000 7 
 fake.rf 1440.00000000 50519.08994259718023656 1.00000 7 
 fake.rf 1440.00000000 50529.02338716878997360 1.00000 7 
 fake.rf 1440.00000000 50538.97716569540239462 1.00000 7 
 fake.rf 1440.00000000 50548.99497299909019077 1.00000 7 
 fake.rf 1440.00000000 50558.99139548620862783 1.00000 7 
 fake.rf 1440.00000000 50568.96777016057231791 1.00000 7 
 fake.rf 1440.00000000 50578.90399261003525311 1.00000 7 
 fake.rf 1440.00000000 50588.90957210344809170 1.00000 7 
 fake.rf 1440.00000000 50598.86766909095618416 1.00000 7 
 fake.rf 1440.00000000 50608.77933524620997829 1.00000 7 
 fake.rf 1440.00000000 50618.75773309001189659 1.00000 7 
 fake.rf 1440.00000000 50628.73470276897687370 1.00000 7 
 fake.rf 1440.00000000 50638.75608628598480010 1.00000 7 
 fake.rf 1440.00000000 50648.70602405881190933 1.00000 7 
 fake.rf 1440.00000000 50658.69243251124540706 1.00000 7 
 fake.rf 1440.00000000 50668.63304135869040934 1.00000 7 
 fake.rf 1440.00000000 50678.62637980710005792 1.00000 7 
 fake.rf 1440.00000000 50688.58614310554737514 1.00000 7 
 fake.rf 1440.00000000 50698.57018188878139497 1.00000 7 
 fake.rf 1440.00000000 50708.58390472436660801 1.00000 7 
 fake.rf 1440.00000000 50718.52340395426911002 1.00000 7 
 fake.rf 1440.00000000 50728.45491650437344688 1.00000 7 
 fake.rf 1440.00000000 50738.42769759785680250 1.00000 7 
 fake.rf 1440.00000000 50748.41788140102844196 1.00000 7 
 fake.rf 1440.00000000 50758.42696529710162778 1.00000 7 
 fake.rf 1440.00000000 50768.36180755965908418 1.00000 7 
 fake.rf 1440.00000000 50778.34271620022378713 1.00000 7 
 fake.rf 1440.00000000 50788.33923936970603208 1.00000 7 
 fake.rf 1440.00000000 50798.28411730089673526 1.00000 7 
 fake.rf 1440.00000000 50808.30030358362661858 1.00000 7 
 fake.rf 1440.00000000 50818.25015505399006344 1.00000 7 
 fake.rf 1440.00000000 50828.18618648366519963 1.00000 7 
 fake.rf 1440.00000000 50838.16312167373968123 1.00000 7 
 fake.rf 1440.00000000 50848.17738933768637111 1.00000 7 
 fake.rf 1440.00000000 50858.15853240683520298 1.00000 7 
 fake.rf 1440.00000000 50868.07586105239028385 1.00000 7 
 fake.rf 1440.00000000 50878.09380773120280494 1.00000 7 
 fake.rf 1440.00000000 50888.03847758898020714 1.00000 7 
 fake.rf 1440.00000000 50897.98869007135775888 1.00000 7 
 fake.rf 1440.00000000 50907.99203808860026754 1.00000 7 
 fake.rf 1440.00000000 50917.95901175943770411 1.00000 7 
 fake.rf 1440.00000000 50927.91492639494997263 1.00000 7 
 fake.rf 1440.00000000 50937.92254843330941583 1.00000 7 
 fake.rf 1440.00000000 50947.85487659884728373 1.00000 7 
 fake.rf 1440.00000000 50957.87136670265325833 1.00000 7 
 fake.rf 1440.00000000 50967.80936817602520605 1.00000 7 
 fake.rf 1440.00000000 50977.79294289359329184 1.00000 7 
 fake.rf 1440.00000000 50987.74674241523355889 1.00000 7 
 fake.rf 1440.00000000 50997.75514487105253636 1.00000 7 
 fake.rf 1440.00000000 51007.75006267391239234 1.00000 7 
 fake.rf 1440.00000000 51017.66155605995628264 1.00000 7 
 fake.rf 1440.00000000 51027.63676208292445935 1.00000 7 
 fake.rf 1440.00000000 51037.67383008610638839 1.00000 7 
 fake.rf 1440.00000000 51047.58540891598554623 1.00000 7 
 fake.rf 1440.00000000 51057.57810303975519872 1.00000 7 
 fake.rf 1440.00000000 51067.56822598384098200 1.00000 7 
 fake.rf 1440.00000000 51077.52528471542187916 1.00000 7 
 fake.rf 1440.00000000 51087.52619181138362592 1.00000 7 
 fake.rf 1440.00000000 51097.45680892671768092 1.00000 7 
 fake.rf 1440.00000000 51107.46938328185967038 1.00000 7 
 fake.rf 1440.00000000 51117.43044761663520958 1.00000 7 
 fake.rf 1440.00000000 51127.42155388126164084 1.00000 7 
 fake.rf 1440.00000000 51137.39746399693706280 1.00000 7 
 fake.rf 1440.00000000 51147.36276786465268174 1.00000 7 
 fake.rf 1440.00000000 51157.31211278392200725 1.00000 7 
 fake.rf 1440.00000000 51167.29647031231009535 1.00000 7 
 fake.rf 1440.00000000 51177.28974050103738946 1.00000 7 
 fake.rf 1440.00000000 51187.20100308877271900 1.00000 7 
 fake.rf 1440.00000000 51197.24066816969282456 1.00000 7 
 fake.rf 1440.00000000 51207.21145515052162622 1.00000 7 
 fake.rf 1440.00000000 51217.15337008717945722 1.00000 7 
 fake.rf 1440.00000000 51227.10397983539097666 1.00000 7 
 fake.rf 1440.00000000 51237.05798579517655611 1.00000 7 
 fake.rf 1440.00000000 51247.03482710654430932 1.00000 7 
 fake.rf 1440.00000000 51257.02840266941928959 1.00000 7 
 fake.rf 1440.00000000 51267.02620307697938884 1.00000 7 
 fake.rf 1440.00000000 51276.96835020071278066 1.00000 7 
 fake.rf 1440.00000000 51286.97280480011036374 1.00000 7 
 fake.rf 1440.00000000 51296.95170905485715807 1.00000 7 
 fake.rf 1440.00000000 51306.92956297168836599 1.00000 7 
 fake.rf 1440.00000000 51316.87290638829506761 1.00000 7 
 fake.rf 1440.00000000 51326.87394168854322274 1.00000 7 
 fake.rf 1440.00000000 51336.85430593553899570 1.00000 7 
 fake.rf 1440.00000000 51346.77868838981950717 1.00000 7 
 fake.rf 1440.00000000 51356.80194018743617690 1.00000 7 
 fake.rf 1440.00000000 51366.71896956265262446 1.00000 7 
 fake.rf 1440.00000000 51376.74411259433435717 1.00000 7 
 fake.rf 1440.00000000 51386.66839415200684726 1.00000 7 
 fake.rf 1440.00000000 51396.69696828270054212 1.00000 7 
 fake.rf 1440.00000000 51406.59669943595901742 1.00000 7 
 fake.rf 1440.00000000 51416.64419298880484277 1.00000 7 
 fake.rf 1440.00000000 51426.57780249124099825 1.00000 7 
 fake.rf 1440.00000000 51436.57927754744530446 1.00000 7 
 fake.rf 1440.00000000 51446.54665222073527531 1.00000 7 
 fake.rf 1440.00000000 51456.47286992049928500 1.00000 7 
 fake.rf 1440.00000000 51466.45099421966409281 1.00000 7 
 fake.rf 1440.00000000 51476.43003078472493428 1.00000 7 
 fake.rf 1440.00000000 51486.37682301251540196 1.00000 7 
 fake.rf 1440.00000000 51496.37684757829126170 1.00000 7 
 fake.rf 1440.00000000 51506.33952018940828310 1.00000 7 
 fake.rf 1440.00000000 51516.36773704778004657 1.00000 7 
 fake.rf 1440.00000000 51526.33698090028248728 1.00000 7 
 fake.rf 1440.00000000 51536.27756757995653203 1.00000 7 
 fake.rf 1440.00000000 51546.28709474721882344 1.00000 7 
 fake.rf 1440.00000000 51556.26048423309041624 1.00000 7 
 fake.rf 1440.00000000 51566.22195084598389059 1.00000 7 
 fake.rf 1440.00000000 51576.17324940129372379 1.00000 7 
 fake.rf 1440.00000000 51586.11609033487088638 1.00000 7 
 fake.rf 1440.00000000 51596.10931587104860085 1.00000 7 
 fake.rf 1440.00000000 51606.06682303532008405 1.00000 7 
 fake.rf 1440.00000000 51616.09815552004874561 1.00000 7 
 fake.rf 1440.00000000 51626.06202883427781103 1.00000 7 
 fake.rf 1440.00000000 51635.96454229140225323 1.00000 7 
 fake.rf 1440.00000000 51646.00354337155352979 1.00000 7 
 fake.rf 1440.00000000 51655.91910345857558440 1.00000 7 
 fake.rf 1440.00000000 51665.95550638954603428 1.00000 7 
 fake.rf 1440.00000000 51675.85550783897762628 1.00000 7 
 fake.rf 1440.00000000 51685.90684863421789075 1.00000 7 
 fake.rf 1440.00000000 51695.81150410384909932 1.00000 7 
 fake.rf 1440.00000000 51705.85071736923883989 1.00000 7 
 fake.rf 1440.00000000 51715.82909364443164790 1.00000 7 
 fake.rf 1440.00000000 51725.72521366831734113 1.00000 7 
 fake.rf 1440.00000000 51735.72534075732112768 1.00000 7 
 fake.rf 1440.00000000 51745.73249641438096447 1.00000 7 
 fake.rf 1440.00000000 51755.70662881287049828 1.00000 7 
 fake.rf 1440.00000000 51765.66027791157510052 1.00000 7 
 fake.rf 1440.00000000 51775.58952887623690486 1.00000 7 
 fake.rf 1440.00000000 51785.57000216009208060 1.00000 7 
 fake.rf 1440.00000000 51795.58108115966509644 1.00000 7 
 fake.rf 1440.00000000 51805.53766101884100337 1.00000 7 
 fake.rf 1440.00000000 51815.50811127013702517 1.00000 7 
 fake.rf 1440.00000000 51825.49137811167354783 1.00000 7 
 fake.rf 1440.00000000 51835.44450615587290443 1.00000 7 
 fake.rf 1440.00000000 51845.46618076591119717 1.00000 7 
 fake.rf 1440.00000000 51855.40294577968738921 1.00000 7 
 fake.rf 1440.00000000 51865.35676761613330754 1.00000 7 
 fake.rf 1440.00000000 51875.36721316959409123 1.00000 7 
 fake.rf 1440.00000000 51885.28258105229323505 1.00000 7 
 fake.rf 1440.00000000 51895.28988150348715891 1.00000 7 
 fake.rf 1440.00000000 51905.23752363282196143 1.00000 7 
 fake.rf 1440.00000000 51915.22103632684459384 1.00000 7 
 fake.rf 1440.00000000 51925.20364026535657587 1.00000 7 
 fake.rf 1440.00000000 51935.22579336208868028 1.00000 7 
 fake.rf 1440.00000000 51945.13912385570504426 1.00000 7 
 fake.rf 1440.00000000 51955.10469988109823447 1.00000 7 
 fake.rf 1440.00000000 51965.06971739855525527 1.00000 7 
 fake.rf 1440.00000000 51975.04675514752070598 1.00000 7 
 fake.rf 1440.00000000 51985.02297030555864765 1.00000 7 
 fake.rf 1440.00000000 51994.98329959960213031 1.00000 7 
 fake.rf 1440.00000000 52004.97563050408325225 1.00000 7 
 fake.rf 1440.00000000 52014.93502991921152656 1.00000 7 
 fake.rf 1440.00000000 52024.90103979248237920 1.00000 7 
 fake.rf 1440.00000000 52034.90012840841531272 1.00000 7 
 fake.rf 1440.00000000 52044.88695921925539167 1.00000 7 
 fake.rf 1440.00000000 52054.88742911297520877 1.00000 7 
 fake.rf 1440.00000000 52064.80462112194996749 1.00000 7 
 fake.rf 1440.00000000 52074.77240538483249566 1.00000 7 
 fake.rf 1440.00000000 52084.81276387248391657 1.00000 7 
 fake.rf 1440.00000000 52094.73773353373858086 1.00000 7 
 fake.rf 1440.00000000 52104.74390110708533896 1.00000 7 
 fake.rf 1440.00000000 52114.68481047342901746 1.00000 7 
 fake.rf 1440.00000000 52124.69086802620946841 1.00000 7 
 fake.rf 1440.00000000 52134.62427343894404430 1.00000 7 
 fake.rf 1440.00000000 52144.62894850390452817 1.00000 7 
 fake.rf 1440.00000000 52154.60065169173915933 1.00000 7 
 fake.rf 1440.00000000 52164.58145977366871193 1.00000 7 
 fake.rf 1440.00000000 52174.56726102016042290 1.00000 7 
 fake.rf 1440.00000000 52184.49338076682803589 1.00000 7 
 fake.rf 1440.00000000 52194.50019441389833830 1.00000 7 
 fake.rf 1440.00000000 52204.43726709311241407 1.00000 7 
 fake.rf 1440.00000000 52214.42166660068062001 1.00000 7 
 fake.rf 1440.00000000 52224.35596395991590057 1.00000 7 
 fake.rf 1440.00000000 52234.38627826693477729 1.00000 7 
 fake.rf 1440.00000000 52244.33680185370632287 1.00000 7 
 fake.rf 1440.00000000 52254.29506738198963234 1.00000 7 
 fake.rf 1440.00000000 52264.31826207240787951 1.00000 7 
 fake.rf 1440.00000000 52274.26110747874541218 1.00000 7 
 fake.rf 1440.00000000 52284.22371511622628759 1.00000 7 
 fake.rf 1440.00000000 52294.16709592175550014 1.00000 7 
 fake.rf 1440.00000000 52304.18090831249994466 1.00000 7 
 fake.rf 1440.00000000 52314.16315118424737207 1.00000 7 
 fake.rf 1440.00000000 52324.09323573784529771 1.00000 7 
 fake.rf 1440.00000000 52334.10036234328728000 1.00000 7 
 fake.rf 1440.00000000 52344.10899815057409512 1.00000 7 
 fake.rf 1440.00000000 52354.05321785845970695 1.00000 7 
 fake.rf 1440.00000000 52364.00478532035652179 1.00000 7 
 fake.rf 1440.00000000 52373.95791750020129030 1.00000 7 
 fake.rf 1440.00000000 52383.98055914326142357 1.00000 7 
 fake.rf 1440.00000000 52393.91645610922132548 1.00000 7 
 fake.rf 1440.00000000 52403.90519558575435966 1.00000 7 
 fake.rf 1440.00000000 52413.87797578538337362 1.00000 7 
 fake.rf 1440.00000000 52423.86541978858253898 1.00000 7 
 fake.rf 1440.00000000 52433.80418782725995541 1.00000 7 
 fake.rf 1440.00000000 52443.82101112038194657 1.00000 7 
 fake.rf 1440.00000000 52453.75710120290915128 1.00000 7 
 fake.rf 1440.00000000 52463.77821007446685186 1.00000 7 
 fake.rf 1440.00000000 52473.71981247196183062 1.00000 7 
 fake.rf 1440.00000000 52483.66900811581001918 1.00000 7 
 fake.rf 1440.00000000 52493.64354107595960386 1.00000 7 
 fake.rf 1440.00000000 52503.61926142324540834 1.00000 7 
 fake.rf 1440.00000000 52513.61616745092094050 1.00000 7 
 fake.rf 1440.00000000 52523.60240423833386814 1.00000 7 
 fake.rf 1440.00000000 52533.53972629018635132 1.00000 7 
 fake.rf 1440.00000000 52543.51091761266643587 1.00000 7 
 fake.rf 1440.00000000 52553.47498232211485458 1.00000 7 
 fake.rf 1440.00000000 52563.48120756791605857 1.00000 7 
 fake.rf 1440.00000000 52573.41956456393318931 1.00000 7 
 fake.rf 1440.00000000 52583.43711237337605269 1.00000 7 
 fake.rf 1440.00000000 52593.34991623816443607 1.00000 7 
 fake.rf 1440.00000000 52603.34229173482208708 1.00000 7 
 fake.rf 1440.00000000 52613.31762290866469556 1.00000 7 
 fake.rf 1440.00000000 52623.32330732754915914 1.00000 7 
 fake.rf 1440.00000000 52633.27307170287967963 1.00000 7 
 fake.rf 1440.00000000 52643.28283380231166078 1.00000 7 
 fake.rf 1440.00000000 52653.24112504368376264 1.00000 7 
 fake.rf 1440.00000000 52663.16241345685950748 1.00000 7 
 fake.rf 1440.00000000 52673.15104735832019500 1.00000 7 
 fake.rf 1440.00000000 52683.17310843301080325 1.00000 7 
 fake.rf 1440.00000000 52693.14434280268101674 1.00000 7 
 fake.rf 1440.00000000 52703.09617803589852159 1.00000 7 
 fake.rf 1440.00000000 52713.05094957721661686 1.00000 7 
 fake.rf 1440.00000000 52723.02226847803500931 1.00000 7 
 fake.rf 1440.00000000 52732.98885206738815867 1.00000 7 
 fake.rf 1440.00000000 52742.99302929751871361 1.00000 7 
 fake.rf 1440.00000000 52752.92514250328053294 1.00000 7 
 fake.rf 1440.00000000 52762.93845382767307584 1.00000 7 
 fake.rf 1440.00000000 52772.90771094114584372 1.00000 7 
 fake.rf 1440.00000000 52782.89206419714447804 1.00000 7 
 fake.rf 1440.00000000 52792.79854218619315276 1.00000 7 
 fake.rf 1440.00000000 52802.85296989738588636 1.00000 7 
 fake.rf 1440.00000000 52812.75701452344201670 1.00000 7 
 fake.rf 1440.00000000 52822.77103619371459686 1.00000 7 
 fake.rf 1440.00000000 52832.75567169882900487 1.00000 7 
 fake.rf 1440.00000000 52842.70767602814090580 1.00000 7 
 fake.rf 1440.00000000 52852.63686003276028913 1.00000 7 
 fake.rf 1440.00000000 52862.61286458084841655 1.00000 7 
 fake.rf 1440.00000000 52872.59839849011410706 1.00000 7 
 fake.rf 1440.00000000 52882.57657715541753518 1.00000 7 
 fake.rf 1440.00000000 52892.59743385427629292 1.00000 7 
 fake.rf 1440.00000000 52902.52307596416601854 1.00000 7 
 fake.rf 1440.00000000 52912.52093445247420078 1.00000 7 
 fake.rf 1440.00000000 52922.46109331904393258 1.00000 7 
 fake.rf 1440.00000000 52932.41972417994096745 1.00000 7 
 fake.rf 1440.00000000 52942.39465137194745381 1.00000 7 
 fake.rf 1440.00000000 52952.37187668795091611 1.00000 7 
 fake.rf 1440.00000000 52962.39943643542745733 1.00000 7 
 fake.rf 1440.00000000 52972.32295637716303105 1.00000 7 
 fake.rf 1440.00000000 52982.31611995446788654 1.00000 7 
 fake.rf 1440.00000000 52992.30971173963240517 1.00000 7 
 fake.rf 1440.00000000 53002.23177040018078543 1.00000 7 
 fake.rf 1440.00000000 53012.20407354020422730 1.00000 7 
 fake.rf 1440.00000000 53022.17974119420174972 1.00000 7 
 fake.rf 1440.00000000 53032.18375644220544274 1.00000 7 
 fake.rf 1440.00000000 53042.14994747375498108 1.00000 7 
 fake.rf 1440.00000000 53052.15709671256815838 1.00000 7 
 fake.rf 1440.00000000 53062.12052952602158129 1.00000 7 
 fake.rf 1440.00000000 53072.04400286683149801 1.00000 7 
 fake.rf 1440.00000000 53082.04771355938941113 1.00000 7 
 fake.rf 1440.00000000 53092.02280393679074066 1.00000 7 
 fake.rf 1440.00000000 53101.96339293917337088 1.00000 7 
 fake.rf 1440.00000000 53111.96550232618047005 1.00000 7 
 fake.rf 1440.00000000 53121.95527500026252099 1.00000 7 
 fake.rf 1440.00000000 53131.93719001286375203 1.00000 7 
 fake.rf 1440.00000000 53141.86790590102507892 1.00000 7 
 fake.rf 1440.00000000 53151.83698725614537040 1.00000 7 
 fake.rf 1440.00000000 53161.85872393207353426 1.00000 7 
 fake.rf 1440.00000000 53171.79274872391737361 1.00000 7 
 fake.rf 1440.00000000 53181.77466829752204802 1.00000 7 
 fake.rf 1440.00000000 53191.71855464144069714 1.00000 7 
 fake.rf 1440.00000000 53201.70074046267670553 1.00000 7 
 fake.rf 1440.00000000 53211.71893982443372906 1.00000 7 
 fake.rf 1440.00000000 53221.68798898610345915 1.00000 7 
 fake.rf 1440.00000000 53231.63763800120720759 1.00000 7 
 fake.rf 1440.00000000 53241.64177254006051143 1.00000 7 
 fake.rf 1440.00000000 53251.61305324929890048 1.00000 7 
 fake.rf 1440.00000000 53261.56723190631610976 1.00000 7 
 fake.rf 1440.00000000 53271.54289720324146629 1.00000 7 
 fake.rf 1440.00000000 53281.46500218875243249 1.00000 7 
 fake.rf 1440.00000000 53291.43964871781932047 1.00000 7 
 fake.rf 1440.00000000 53301.43621015144920250 1.00000 7 
 fake.rf 1440.00000000 53311.39101146650632401 1.00000 7 
 fake.rf 1440.00000000 53321.36526548769653999 1.00000 7 
 fake.rf 1440.00000000 53331.36479891356052363 1.00000 7 
 fake.rf 1440.00000000 53341.35091981692674068 1.00000 7 
 fake.rf 1440.00000000 53351.31866918508808340 1.00000 7 
 fake.rf 1440.00000000 53361.26932285331317374 1.00000 7 
 fake.rf 1440.00000000 53371.24618087164701663 1.00000 7 
 fake.rf 1440.00000000 53381.24804128095313160 1.00000 7 
 fake.rf 1440.00000000 53391.22970994439245018 1.00000 7 
 fake.rf 1440.00000000 53401.20896271027870839 1.00000 7 
 fake.rf 1440.00000000 53411.17871643332707876 1.00000 7 
 fake.rf 1440.00000000 53421.10646549247004344 1.00000 7 
 fake.rf 1440.00000000 53431.10279525449817584 1.00000 7 
 fake.rf 1440.00000000 53441.08176833856146715 1.00000 7 
 fake.rf 1440.00000000 53451.05087097052152600 1.00000 7 
 fake.rf 1440.00000000 53461.04358639659049857 1.00000 7 
 fake.rf 1440.00000000 53470.98826715467928850 1.00000 7 
 fake.rf 1440.00000000 53480.91869890459474135 1.00000 7 
 fake.rf 1440.00000000 53490.92063825411678479 1.00000 7 
 fake.rf 1440.00000000 53500.91984300455338186 1.00000 7 
 fake.rf 1440.00000000 53510.85976490366370939 1.00000 7 
 fake.rf 1440.00000000 53520.82387462534422440 1.00000 7 
 fake.rf 1440.00000000 53530.81943287922568331 1.00000 7 
 fake.rf 1440.00000000 53540.81964145316404213 1.00000 7 
 fake.rf 1440.00000000 53550.73185674730452277 1.00000 7 
 fake.rf 1440.00000000 53560.72600001561775329 1.00000 7 
 fake.rf 1440.00000000 53570.70769156254753796 1.00000 7 
 fake.rf 1440.00000000 53580.70620982535881893 1.00000 7 
 fake.rf 1440.00000000 53590.64976241149418712 1.00000 7 
 fake.rf 1440.00000000 53600.63340484343022041 1.00000 7 
 fake.rf 1440.00000000 53610.57245554662180709 1.00000 7 
 fake.rf 1440.00000000 53620.58144710253873555 1.00000 7 
 fake.rf 1440.00000000 53630.56664788379679365 1.00000 7 
 fake.rf 1440.00000000 53640.53253632220716085 1.00000 7 
 fake.rf 1440.00000000 53650.47161978337301136 1.00000 7 
 fake.rf 1440.00000000 53660.45187428223022863 1.00000 7 
