FORMAT 1
 fake.rf 1440.00000000 50000.48039042174110946 1.00000 7 
 fake.rf 1440.00000000 50010.49023647367951995 1.00000 7 
 fake.rf 1440.00000000 50020.43053913307032943 1.00000 7 
 fake.rf 1440.00000000 50030.40195639010884321 1.00000 7 
 fake.rf 1440.00000000 50040.36521811328976739 1.00000 7 
 fake.rf 1440.00000000 50050.39742177091417830 1.00000 7 
 fake.rf 1440.00000000 50060.35864483219966914 1.00000 7 
 fake.rf 1440.00000000 50070.29525661264359115 1.00000 7 
 fake.rf 1440.00000000 50080.30882349999449232 1.00000 7 
 fake.rf 1440.00000000 50090.25850291788671242 1.00000 7 
 fake.rf 1440.00000000 50100.23757965946608550 1.00000 7 
 fake.rf 1440.00000000 50110.19765247757956317 1.00000 7 
 fake.rf 1440.00000000 50120.19235537860513929 1.00000 7 
 fake.rf 1440.00000000 50130.15266631974125033 1.00000 7 
 fake.rf 1440.00000000 50140.08879291010802248 1.00000 7 
 fake.rf 1440.00000000 50150.06449149704630841 1.00000 7 
 fake.rf 1440.00000000 50160.06056074621671925 1.00000 7 
 fake.rf 1440.00000000 50170.02645764416724461 1.00000 7 
 fake.rf 1440.00000000 50180.04712785426922395 1.00000 7 
 fake.rf 1440.00000000 50189.98104297729380718 1.00000 7 
 fake.rf 1440.00000000 50200.00296100225473594 1.00000 7 
 fake.rf 1440.00000000 50209.95677448736167037 1.00000 7 
 fake.rf 1440.00000000 50219.93827478254245378 1.00000 7 
 fake.rf 1440.00000000 50229.85539165437595699 1.00000 7 
 fake.rf 1440.00000000 50239.88204546586527144 1.00000 7 
 fake.rf 1440.00000000 50249.83438570748942453 1.00000 7 
 fake.rf 1440.00000000 50259.82967752665591732 1.00000 7 
 fake.rf 1440.00000000 50269.80412164846480749 1.00000 7 
 fake.rf 1440.00000000 50279.70264102811648854 1.00000 7 
 fake.rf 1440.00000000 50289.74039232025958057 1.00000 7 
 fake.rf 1440.00000000 50299.68853169723611529 1.00000 7 
 fake.rf 1440.00000000 50309.63404571825560652 1.00000 7 
 fake.rf 1440.00000000 50319.62561409613289243 1.00000 7 
 fake.rf 1440.00000000 50329.62469375496363000 1.00000 7 
 fake.rf 1440.00000000 50339.56892938213671229 1.00000 7 
 fake.rf 1440.00000000 50349.55106378690096491 1.00000 7 
 fake.rf 1440.00000000 50359.52631816208910465 1.00000 7 
 fake.rf 1440.00000000 50369.45908116879702376 1.00000 7 
 fake.rf 1440.00000000 50379.48846501760715455 1.00000 7 
 fake.rf 1440.00000000 50389.42125725305243833 1.00000 7 
 fake.rf 1440.00000000 50399.41433733539378892 1.00000 7 
 fake.rf 1440.00000000 50409.36676890047018063 1.00000 7 
 fake.rf 1440.00000000 50419.37027166479484563 1.00000 7 
 fake.rf 1440.00000000 50429.30202561990861909 1.00000 7 
 fake.rf 1440.00000000 50439.32540582750830538 1.00000 7 
 fake.rf 1440.00000000 50449.29233955371730858 1.00000 7 
 fake.rf 1440.00000000 50459.22709637202790134 1.00000 7 
 fake.rf 1440.00000000 50469.19051686809001822 1.00000 7 
 fake.rf 1440.00000000 50479.23398511654995957 1.00000 7 
 fake.rf 1440.00000000 50489.13338314994966893 1.00000 7 
 fake.rf 1440.00000000 50499.14135646564810145 1.00000 7 
 fake.rf 1440.00000000 50509.15071374126115700 1.00000 7 
 fake.rf 1440.00000000 50519.11456291432289234 1.00000 7 
 fake.rf 1440.00000000 50529.04800750913456397 1.00000 7 
 fake.rf 1440.00000000 50539.00178602133846439 1.00000 7 
 fake.rf 1440.00000000 50549.01959332263986724 1.00000 7 
 fake.rf 1440.00000000 50559.01601581134548269 1.00000 7 
 fake.rf 1440.00000000 50568.99239048329379287 1.00000 7 
 fake.rf 1440.00000000 50578.92861290944007635 1.00000 7 
 fake.rf 1440.00000000 50588.93419239873198379 1.00000 7 
 fake.rf 1440.00000000 50598.89228940230547593 1.00000 7 
 fake.rf 1440.00000000 50608.80395557806937745 1.00000 7 
 fake.rf 1440.00000000 50618.78235340587576019 1.00000 7 
 fake.rf 1440.00000000 50628.75932308111903524 1.00000 7 
 fake.rf 1440.00000000 50638.78070657752595096 1.00000 7 
 fake.rf 1440.00000000 50648.73064439040092211 1.00000 7 
 fake.rf 1440.00000000 50658.71705283654236851 1.00000 7 
 fake.rf 1440.00000000 50668.65766167023785016 1.00000 7 
 fake.rf 1440.00000000 50678.65100012235913951 1.00000 7 
 fake.rf 1440.00000000 50688.61076343727845739 1.00000 7 
 fake.rf 1440.00000000 50698.59480220583495935 1.00000 7 
 fake.rf 1440.00000000 50708.60852502867579616 1.00000 7 
 fake.rf 1440.00000000 50718.54802425917597475 1.00000 7 
 fake.rf 1440.00000000 50728.47953683640845668 1.00000 7 
 fake.rf 1440.00000000 50738.45231792170901031 1.00000 7 
 fake.rf 1440.00000000 50748.44250169881245682 1.00000 7 
 fake.rf 1440.00000000 50758.45158563772478644 1.00000 7 
 fake.rf 1440.00000000 50768.38642788351952362 1.00000 7 
 fake.rf 1440.00000000 50778.36733650792415418 1.00000 7 
 fake.rf 1440.00000000 50788.36385966725424623 1.00000 7 
 fake.rf 1440.00000000 50798.30873761124278332 1.00000 7 
 fake.rf 1440.00000000 50808.32492391269161303 1.00000 7 
 fake.rf 1440.00000000 50818.27477537359779447 1.00000 7 
 fake.rf 1440.00000000 50828.21080682050271804 1.00000 7 
 fake.rf 1440.00000000 50838.18774199324272089 1.00000 7 
 fake.rf 1440.00000000 50848.20200964086384232 1.00000 7 
 fake.rf 1440.00000000 50858.18315273166000168 1.00000 7 
 fake.rf 1440.00000000 50868.10048135564716887 1.00000 7 
 fake.rf 1440.00000000 50878.11842805765668274 1.00000 7 
 fake.rf 1440.00000000 50888.06309789877945349 1.00000 7 
 fake.rf 1440.00000000 50898.01331040054952126 1.00000 7 
 fake.rf 1440.00000000 50908.01665839237575639 1.00000 7 
 fake.rf 1440.00000000 50917.98363206987643181 1.00000 7 
 fake.rf 1440.00000000 50927.93954671245444388 1.00000 7 
 fake.rf 1440.00000000 50937.94716876083738910 1.00000 7 
 fake.rf 1440.00000000 50947.87949690659278446 1.00000 7 
 fake.rf 1440.00000000 50957.89598701547824433 1.00000 7 
 fake.rf 1440.00000000 50967.83398849003210884 1.00000 7 
 fake.rf 1440.00000000 50977.81756321575871382 1.00000 7 
 fake.rf 1440.00000000 50987.77136272331253508 1.00000 7 
 fake.rf 1440.00000000 50997.77976517236384169 1.00000 7 
 fake.rf 1440.00000000 51007.77468297709653200 1.00000 7 
 fake.rf 1440.00000000 51017.68617639821268739 1.00000 7 
 fake.rf 1440.00000000 51027.66138239503914420 1.00000 7 
 fake.rf 1440.00000000 51037.69845042006205560 1.00000 7 
 fake.rf 1440.00000000 51047.61002921151098377 1.00000 7 
 fake.rf 1440.00000000 51057.60272334762645485 1.00000 7 
 fake.rf 1440.00000000 51067.59284630988426557 1.00000 7 
 fake.rf 1440.00000000 51077.54990502513498285 1.00000 7 
 fake.rf 1440.00000000 51087.55081212531063883 1.00000 7 
 fake.rf 1440.00000000 51097.48142923337518084 1.00000 7 
 fake.rf 1440.00000000 51107.49400357256113026 1.00000 7 
 fake.rf 1440.00000000 51117.45506794428383657 1.00000 7 
 fake.rf 1440.00000000 51127.44617419103279232 1.00000 7 
 fake.rf 1440.00000000 51137.42208433828031744 1.00000 7 
 fake.rf 1440.00000000 51147.38738820792565676 1.00000 7 
 fake.rf 1440.00000000 51157.33673308201438701 1.00000 7 
 fake.rf 1440.00000000 51167.32109062201039151 1.00000 7 
 fake.rf 1440.00000000 51177.31436083097209888 1.00000 7 
 fake.rf 1440.00000000 51187.22562340942602432 1.00000 7 
 fake.rf 1440.00000000 51197.26528847724763693 1.00000 7 
 fake.rf 1440.00000000 51207.23607545559831067 1.00000 7 
 fake.rf 1440.00000000 51217.17799042081726668 1.00000 7 
 fake.rf 1440.00000000 51227.12860013555444638 1.00000 7 
 fake.rf 1440.00000000 51237.08260609636582927 1.00000 7 
 fake.rf 1440.00000000 51247.05944741840498935 1.00000 7 
 fake.rf 1440.00000000 51257.05302300826610207 1.00000 7 
 fake.rf 1440.00000000 51267.05082339804105018 1.00000 7 
 fake.rf 1440.00000000 51276.99297051759087651 1.00000 7 
 fake.rf 1440.00000000 51286.99742513712629233 1.00000 7 
 fake.rf 1440.00000000 51296.97632939100175520 1.00000 7 
 fake.rf 1440.00000000 51306.95418326898293060 1.00000 7 
 fake.rf 1440.00000000 51316.89752671924056315 1.00000 7 
 fake.rf 1440.00000000 51326.89856203084433872 1.00000 7 
 fake.rf 1440.00000000 51336.87892625044784012 1.00000 7 
 fake.rf 1440.00000000 51346.80330871414930982 1.00000 7 
 fake.rf 1440.00000000 51356.82656052355766008 1.00000 7 
 fake.rf 1440.00000000 51366.74358986897510349 1.00000 7 
 fake.rf 1440.00000000 51376.76873293678174548 1.00000 7 
 fake.rf 1440.00000000 51386.69301444515856758 1.00000 7 
 fake.rf 1440.00000000 51396.72158859438304646 1.00000 7 
 fake.rf 1440.00000000 51406.62131973196566648 1.00000 7 
 fake.rf 1440.00000000 51416.66881330179200305 1.00000 7 
 fake.rf 1440.00000000 51426.60242278987566067 1.00000 7 
 fake.rf 1440.00000000 51436.60389785431650012 1.00000 7 
 fake.rf 1440.00000000 51446.57127256191046882 1.00000 7 
 fake.rf 1440.00000000 51456.49749026040800004 1.00000 7 
 fake.rf 1440.00000000 51466.47561452885566524 1.00000 7 
 fake.rf 1440.00000000 51476.45465112573673139 1.00000 7 
 fake.rf 1440.00000000 51486.40144330127064265 1.00000 7 
 fake.rf 1440.00000000 51496.40146789289352824 1.00000 7 
 fake.rf 1440.00000000 51506.36414050401695874 1.00000 7 
 fake.rf 1440.00000000 51516.39235739507135037 1.00000 7 
 fake.rf 1440.00000000 51526.36160120424714393 1.00000 7 
 fake.rf 1440.00000000 51536.30218789105277821 1.00000 7 
 fake.rf 1440.00000000 51546.31171507679834676 1.00000 7 
 fake.rf 1440.00000000 51556.28510456561246045 1.00000 7 
 fake.rf 1440.00000000 51566.24657113926847174 1.00000 7 
 fake.rf 1440.00000000 51576.19786971008965537 1.00000 7 
 fake.rf 1440.00000000 51586.14071062989027183 1.00000 7 
 fake.rf 1440.00000000 51596.13393618972756727 1.00000 7 
 fake.rf 1440.00000000 51606.09144333429164675 1.00000 7 
 fake.rf 1440.00000000 51616.12277586723355327 1.00000 7 
 fake.rf 1440.00000000 51626.08664916684334401 1.00000 7 
 fake.rf 1440.00000000 51635.98916263693721618 1.00000 7 
 fake.rf 1440.00000000 51646.02816368224277355 1.00000 7 
 fake.rf 1440.00000000 51655.94372377195685075 1.00000 7 
 fake.rf 1440.00000000 51665.98012672791127287 1.00000 7 
 fake.rf 1440.00000000 51675.88012817900694529 1.00000 7 
 fake.rf 1440.00000000 51685.93146896444827476 1.00000 7 
 fake.rf 1440.00000000 51695.83612440894594187 1.00000 7 
 fake.rf 1440.00000000 51705.87533769475942691 1.00000 7 
 fake.rf 1440.00000000 51715.85371394150174496 1.00000 7 
 fake.rf 1440.00000000 51725.74983399801798001 1.00000 7 
 fake.rf 1440.00000000 51735.74996107780461685 1.00000 7 
 fake.rf 1440.00000000 51745.75711674791613959 1.00000 7 
 fake.rf 1440.00000000 51755.73124912410390053 1.00000 7 
 fake.rf 1440.00000000 51765.68489824699434365 1.00000 7 
 fake.rf 1440.00000000 51775.61414919440883864 1.00000 7 
 fake.rf 1440.00000000 51785.59462249722880500 1.00000 7 
 fake.rf 1440.00000000 51795.60570145402349240 1.00000 7 
 fake.rf 1440.00000000 51805.56228132725692959 1.00000 7 
 fake.rf 1440.00000000 51815.53273157420995432 1.00000 7 
 fake.rf 1440.00000000 51825.51599842864607481 1.00000 7 
 fake.rf 1440.00000000 51835.46912647600490232 1.00000 7 
 fake.rf 1440.00000000 51845.49080108932959732 1.00000 7 
 fake.rf 1440.00000000 51855.42756608527483664 1.00000 7 
 fake.rf 1440.00000000 51865.38138791529488714 1.00000 7 
 fake.rf 1440.00000000 51875.39183349803970202 1.00000 7 
 fake.rf 1440.00000000 51885.30720138811776465 1.00000 7 
 fake.rf 1440.00000000 51895.31450182173580998 1.00000 7 
 fake.rf 1440.00000000 51905.26214392294763300 1.00000 7 
 fake.rf 1440.00000000 51915.24565662590726944 1.00000 7 
 fake.rf 1440.00000000 51925.22826059445666758 1.00000 7 
 fake.rf 1440.00000000 51935.25041368953708698 1.00000 7 
 fake.rf 1440.00000000 51945.16374418239860233 1.00000 7 
 fake.rf 1440.00000000 51955.12932022594310055 1.00000 7 
 fake.rf 1440.00000000 51965.09433771337010555 1.00000 7 
 fake.rf 1440.00000000 51975.07137549222190742 1.00000 7 
 fake.rf 1440.00000000 51985.04759063326693891 1.00000 7 
 fake.rf 1440.00000000 51995.00791990890869343 1.00000 7 
 fake.rf 1440.00000000 52005.00025081482781886 1.00000 7 
 fake.rf 1440.00000000 52014.95965020844377236 1.00000 7 
 fake.rf 1440.00000000 52024.92566011554828265 1.00000 7 
 fake.rf 1440.00000000 52034.92474871679340609 1.00000 7 
 fake.rf 1440.00000000 52044.91157953374486311 1.00000 7 
 fake.rf 1440.00000000 52054.91204941709142062 1.00000 7 
 fake.rf 1440.00000000 52064.82924142809774892 1.00000 7 
 fake.rf 1440.00000000 52074.79702568948579255 1.00000 7 
 fake.rf 1440.00000000 52084.83738420172060302 1.00000 7 
 fake.rf 1440.00000000 52094.76235383296716819 1.00000 7 
 fake.rf 1440.00000000 52104.76852142206270813 1.00000 7 
 fake.rf 1440.00000000 52114.70943078449646890 1.00000 7 
 fake.rf 1440.00000000 52124.71548833252896316 1.00000 7 
 fake.rf 1440.00000000 52134.64889374733378347 1.00000 7 
 fake.rf 1440.00000000 52144.65356880899710390 1.00000 7 
 fake.rf 1440.00000000 52154.62527200233447644 1.00000 7 
 fake.rf 1440.00000000 52164.60608008062066432 1.00000 7 
 fake.rf 1440.00000000 52174.59188133045567426 1.00000 7 
 fake.rf 1440.00000000 52184.51800107011140639 1.00000 7 
 fake.rf 1440.00000000 52194.52481471083428488 1.00000 7 
 fake.rf 1440.00000000 52204.46188742983794384 1.00000 7 
 fake.rf 1440.00000000 52214.44628692152612004 1.00000 7 
 fake.rf 1440.00000000 52224.38058429695023221 1.00000 7 
 fake.rf 1440.00000000 52234.41089860687653612 1.00000 7 
 fake.rf 1440.00000000 52244.36142217423680023 1.00000 7 
 fake.rf 1440.00000000 52254.31968769795104279 1.00000 7 
 fake.rf 1440.00000000 52264.34288238240746693 1.00000 7 
 fake.rf 1440.00000000 52274.28572780437556489 1.00000 7 
 fake.rf 1440.00000000 52284.24833542652624629 1.00000 7 
 fake.rf 1440.00000000 52294.19171625137589032 1.00000 7 
 fake.rf 1440.00000000 52304.20552861637490949 1.00000 7 
 fake.rf 1440.00000000 52314.18777151356638200 1.00000 7 
 fake.rf 1440.00000000 52324.11785605277198385 1.00000 7 
 fake.rf 1440.00000000 52334.12498266730873198 1.00000 7 
 fake.rf 1440.00000000 52344.13361848507015850 1.00000 7 
 fake.rf 1440.00000000 52354.07783817636191870 1.00000 7 
 fake.rf 1440.00000000 52364.02940566974275072 1.00000 7 
 fake.rf 1440.00000000 52373.98253782673007350 1.00000 7 
 fake.rf 1440.00000000 52384.00517944488156274 1.00000 7 
 fake.rf 1440.00000000 52393.94107643661435603 1.00000 7 
 fake.rf 1440.00000000 52403.92981589432582368 1.00000 7 
 fake.rf 1440.00000000 52413.90259609454552248 1.00000 7 
 fake.rf 1440.00000000 52423.89004010331024119 1.00000 7 
 fake.rf 1440.00000000 52433.82880813468157655 1.00000 7 
 fake.rf 1440.00000000 52443.84563146140442313 1.00000 7 
 fake.rf 1440.00000000 52453.78172154270447081 1.00000 7 
 fake.rf 1440.00000000 52463.80283039371004605 1.00000 7 
 fake.rf 1440.00000000 52473.74443277351820925 1.00000 7 
 fake.rf 1440.00000000 52483.69362845015150043 1.00000 7 
 fake.rf 1440.00000000 52493.66816137251645102 1.00000 7 
 fake.rf 1440.00000000 52503.64388174731973535 1.00000 7 
 fake.rf 1440.00000000 52513.64078776448377184 1.00000 7 
 fake.rf 1440.00000000 52523.62702456106806537 1.00000 7 
 fake.rf 1440.00000000 52533.56434659660970254 1.00000 7 
 fake.rf 1440.00000000 52543.53553794758452611 1.00000 7 
 fake.rf 1440.00000000 52553.49960266469793879 1.00000 7 
 fake.rf 1440.00000000 52563.50582788829751024 1.00000 7 
 fake.rf 1440.00000000 52573.44418487307092391 1.00000 7 
 fake.rf 1440.00000000 52583.46173269044265197 1.00000 7 
 fake.rf 1440.00000000 52593.37453654565519656 1.00000 7 
 fake.rf 1440.00000000 52603.36691205907298041 1.00000 7 
 fake.rf 1440.00000000 52613.34224322656819339 1.00000 7 
 fake.rf 1440.00000000 52623.34792762050508230 1.00000 7 
 fake.rf 1440.00000000 52633.29769202674337691 1.00000 7 
 fake.rf 1440.00000000 52643.30745413937725274 1.00000 7 
 fake.rf 1440.00000000 52653.26574535874984306 1.00000 7 
 fake.rf 1440.00000000 52663.18703376102572022 1.00000 7 
 fake.rf 1440.00000000 52673.17566768423024470 1.00000 7 
 fake.rf 1440.00000000 52683.19772872581405920 1.00000 7 
 fake.rf 1440.00000000 52693.16896311710701539 1.00000 7 
 fake.rf 1440.00000000 52703.12079834054438976 1.00000 7 
 fake.rf 1440.00000000 52713.07556990154697374 1.00000 7 
 fake.rf 1440.00000000 52723.04688878882993563 1.00000 7 
 fake.rf 1440.00000000 52733.01347237477083496 1.00000 7 
 fake.rf 1440.00000000 52743.01764961197059378 1.00000 7 
 fake.rf 1440.00000000 52752.94976284392410548 1.00000 7 
 fake.rf 1440.00000000 52762.96307416192277984 1.00000 7 
 fake.rf 1440.00000000 52772.93233123793297423 1.00000 7 
 fake.rf 1440.00000000 52782.91668451508542503 1.00000 7 
 fake.rf 1440.00000000 52792.82316249790575924 1.00000 7 
 fake.rf 1440.00000000 52802.87759020584602254 1.00000 7 
 fake.rf 1440.00000000 52812.78163483743966822 1.00000 7 
 fake.rf 1440.00000000 52822.79565649357217794 1.00000 7 
 fake.rf 1440.00000000 52832.78029199767242474 1.00000 7 
 fake.rf 1440.00000000 52842.73229635886118061 1.00000 7 
 fake.rf 1440.00000000 52852.66148035666185834 1.00000 7 
 fake.rf 1440.00000000 52862.63748489886377868 1.00000 7 
 fake.rf 1440.00000000 52872.62301883057375562 1.00000 7 
 fake.rf 1440.00000000 52882.60119747545315150 1.00000 7 
 fake.rf 1440.00000000 52892.62205416002184322 1.00000 7 
 fake.rf 1440.00000000 52902.54769626210455158 1.00000 7 
 fake.rf 1440.00000000 52912.54555476312227213 1.00000 7 
 fake.rf 1440.00000000 52922.48571362594337231 1.00000 7 
 fake.rf 1440.00000000 52932.44434448218261124 1.00000 7 
 fake.rf 1440.00000000 52942.41927168794515168 1.00000 7 
 fake.rf 1440.00000000 52952.39649700554293332 1.00000 7 
 fake.rf 1440.00000000 52962.42405675182291347 1.00000 7 
 fake.rf 1440.00000000 52972.34757668189970303 1.00000 7 
 fake.rf 1440.00000000 52982.34074024274392301 1.00000 7 
 fake.rf 1440.00000000 52992.33433204320684240 1.00000 7 
 fake.rf 1440.00000000 53002.25639073238288645 1.00000 7 
 fake.rf 1440.00000000 53012.22869384515711388 1.00000 7 
 fake.rf 1440.00000000 53022.20436151125508317 1.00000 7 
 fake.rf 1440.00000000 53032.20837675850614801 1.00000 7 
 fake.rf 1440.00000000 53042.17456780333900568 1.00000 7 
 fake.rf 1440.00000000 53052.18171701942371143 1.00000 7 
 fake.rf 1440.00000000 53062.14514983569706175 1.00000 7 
 fake.rf 1440.00000000 53072.06862320248327691 1.00000 7 
 fake.rf 1440.00000000 53082.07233386638842276 1.00000 7 
 fake.rf 1440.00000000 53092.04742425063940559 1.00000 7 
 fake.rf 1440.00000000 53101.98801327208305167 1.00000 7 
 fake.rf 1440.00000000 53111.99012263373331777 1.00000 7 
 fake.rf 1440.00000000 53121.97989532832210102 1.00000 7 
 fake.rf 1440.00000000 53131.96181033489017764 1.00000 7 
 fake.rf 1440.00000000 53141.89252621579478841 1.00000 7 
 fake.rf 1440.00000000 53151.86160756147595308 1.00000 7 
 fake.rf 1440.00000000 53161.88334425840180586 1.00000 7 
 fake.rf 1440.00000000 53171.81736903561040108 1.00000 7 
 fake.rf 1440.00000000 53181.79928860756673714 1.00000 7 
 fake.rf 1440.00000000 53191.74317494849588428 1.00000 7 
 fake.rf 1440.00000000 53201.72536076234057845 1.00000 7 
 fake.rf 1440.00000000 53211.74356014997987785 1.00000 7 
 fake.rf 1440.00000000 53221.71260931316640708 1.00000 7 
 fake.rf 1440.00000000 53231.66225830192833257 1.00000 7 
 fake.rf 1440.00000000 53241.66639288672703856 1.00000 7 
 fake.rf 1440.00000000 53251.63767356870881287 1.00000 7 
 fake.rf 1440.00000000 53261.59185223039915158 1.00000 7 
 fake.rf 1440.00000000 53271.56751753228210688 1.00000 7 
 fake.rf 1440.00000000 53281.48962248828944155 1.00000 7 
 fake.rf 1440.00000000 53291.46426904264219004 1.00000 7 
 fake.rf 1440.00000000 53301.46083046879945755 1.00000 7 
 fake.rf 1440.00000000 53311.41563179826234631 1.00000 7 
 fake.rf 1440.00000000 53321.38988579131833845 1.00000 7 
 fake.rf 1440.00000000 53331.38941923108478349 1.00000 7 
 fake.rf 1440.00000000 53341.37554010944173655 1.00000 7 
 fake.rf 1440.00000000 53351.34328951883604830 1.00000 7 
 fake.rf 1440.00000000 53361.29394316781404939 1.00000 7 
 fake.rf 1440.00000000 53371.27080121560766557 1.00000 7 
 fake.rf 1440.00000000 53381.27266160803602091 1.00000 7 
 fake.rf 1440.00000000 53391.25433025498244177 1.00000 7 
 fake.rf 1440.00000000 53401.23358303010105530 1.00000 7 
 fake.rf 1440.00000000 53411.20333676597382322 1.00000 7 
 fake.rf 1440.00000000 53421.13108581140112818 1.00000 7 
 fake.rf 1440.00000000 53431.12741556953499966 1.00000 7 
 fake.rf 1440.00000000 53441.10638864747350141 1.00000 7 
 fake.rf 1440.00000000 53451.07549128432768271 1.00000 7 
 fake.rf 1440.00000000 53461.06820673447972680 1.00000 7 
 fake.rf 1440.00000000 53471.01288745660930246 1.00000 7 
 fake.rf 1440.00000000 53480.94331922001981283 1.00000 7 
 fake.rf 1440.00000000 53490.94525859438648396 1.00000 7 
 fake.rf 1440.00000000 53500.94446332163375146 1.00000 7 
 fake.rf 1440.00000000 53510.88438522567314592 1.00000 7 
 fake.rf 1440.00000000 53520.84849496688939041 1.00000 7 
 fake.rf 1440.00000000 53530.84405321112622644 1.00000 7 
 fake.rf 1440.00000000 53540.84426176213337456 1.00000 7 
 fake.rf 1440.00000000 53550.75647704867592225 1.00000 7 
 fake.rf 1440.00000000 53560.75062034806357403 1.00000 7 
 fake.rf 1440.00000000 53570.73231187571359158 1.00000 7 
 fake.rf 1440.00000000 53580.73083015649279304 1.00000 7 
 fake.rf 1440.00000000 53590.67438270167743042 1.00000 7 
 fake.rf 1440.00000000 53600.65802514330264117 1.00000 7 
 fake.rf 1440.00000000 53610.59707584992587215 1.00000 7 
 fake.rf 1440.00000000 53620.60606742330912766 1.00000 7 
 fake.rf 1440.00000000 53630.59126818322352293 1.00000 7 
 fake.rf 1440.00000000 53640.55715664474113424 1.00000 7 
 fake.rf 1440.00000000 53650.49624009077417952 1.00000 7 
 fake.rf 1440.00000000 53660.47649459726270749 1.00000 7 
