FORMAT 1
 fake.rf 1440.00000000 50000.48415666046970074 1.00000 7 
 fake.rf 1440.00000000 50010.49400271401368201 1.00000 7 
 fake.rf 1440.00000000 50020.43430538583467282 1.00000 7 
 fake.rf 1440.00000000 50030.40572264930618829 1.00000 7 
 fake.rf 1440.00000000 50040.36898437504204296 1.00000 7 
 fake.rf 1440.00000000 50050.40118801113662528 1.00000 7 
 fake.rf 1440.00000000 50060.36241105596024425 1.00000 7 
 fake.rf 1440.00000000 50070.29902282644170342 1.00000 7 
 fake.rf 1440.00000000 50080.31258975742811046 1.00000 7 
 fake.rf 1440.00000000 50090.26226913262435048 1.00000 7 
 fake.rf 1440.00000000 50100.24134588552669811 1.00000 7 
 fake.rf 1440.00000000 50110.20141870937669637 1.00000 7 
 fake.rf 1440.00000000 50120.19612159528319850 1.00000 7 
 fake.rf 1440.00000000 50130.15643257554929235 1.00000 7 
 fake.rf 1440.00000000 50140.09255917878775932 1.00000 7 
 fake.rf 1440.00000000 50150.06825772519056983 1.00000 7 
 fake.rf 1440.00000000 50160.06432700650250567 1.00000 7 
 fake.rf 1440.00000000 50170.03022391172187611 1.00000 7 
 fake.rf 1440.00000000 50180.05089410461686228 1.00000 7 
 fake.rf 1440.00000000 50189.98480925117333484 1.00000 7 
 fake.rf 1440.00000000 50200.00672725311988742 1.00000 7 
 fake.rf 1440.00000000 50209.96054072903124066 1.00000 7 
 fake.rf 1440.00000000 50219.94204100888538989 1.00000 7 
 fake.rf 1440.00000000 50229.85915789719309643 1.00000 7 
 fake.rf 1440.00000000 50239.88581169935119419 1.00000 7 
 fake.rf 1440.00000000 50249.83815193443004077 1.00000 7 
 fake.rf 1440.00000000 50259.83344378771450778 1.00000 7 
 fake.rf 1440.00000000 50269.80788789531617766 1.00000 7 
 fake.rf 1440.00000000 50279.70640726210889326 1.00000 7 
 fake.rf 1440.00000000 50289.74415856304261396 1.00000 7 
 fake.rf 1440.00000000 50299.69229793668111483 1.00000 7 
 fake.rf 1440.00000000 50309.63781193654508428 1.00000 7 
 fake.rf 1440.00000000 50319.62938031174120823 1.00000 7 
 fake.rf 1440.00000000 50329.62846000392785584 1.00000 7 
 fake.rf 1440.00000000 50339.57269561920380596 1.00000 7 
 fake.rf 1440.00000000 50349.55483006055408879 1.00000 7 
 fake.rf 1440.00000000 50359.53008439982981059 1.00000 7 
 fake.rf 1440.00000000 50369.46284740213179987 1.00000 7 
 fake.rf 1440.00000000 50379.49223125170601278 1.00000 7 
 fake.rf 1440.00000000 50389.42502350463853844 1.00000 7 
 fake.rf 1440.00000000 50399.41810354797788563 1.00000 7 
 fake.rf 1440.00000000 50409.37053516922527763 1.00000 7 
 fake.rf 1440.00000000 50419.37403790908362566 1.00000 7 
 fake.rf 1440.00000000 50429.30579186047053852 1.00000 7 
 fake.rf 1440.00000000 50439.32917206553162970 1.00000 7 
 fake.rf 1440.00000000 50449.29610578740097893 1.00000 7 
 fake.rf 1440.00000000 50459.23086259011256161 1.00000 7 
 fake.rf 1440.00000000 50469.19428309599953053 1.00000 7 
 fake.rf 1440.00000000 50479.23775135318283347 1.00000 7 
 fake.rf 1440.00000000 50489.13714936928665722 1.00000 7 
 fake.rf 1440.00000000 50499.14512269983588411 1.00000 7 
 fake.rf 1440.00000000 50509.15447997012016756 1.00000 7 
 fake.rf 1440.00000000 50519.11832916979371433 1.00000 7 
 fake.rf 1440.00000000 50529.05177373266657170 1.00000 7 
 fake.rf 1440.00000000 50539.00555225136304216 1.00000 7 
 fake.rf 1440.00000000 50549.02335957844136161 1.00000 7 
 fake.rf 1440.00000000 50559.01978201866605644 1.00000 7 
 fake.rf 1440.00000000 50568.99615673090984558 1.00000 7 
 fake.rf 1440.00000000 50578.93237918104894391 1.00000 7 
 fake.rf 1440.00000000 50588.93795865681354229 1.00000 7 
 fake.rf 1440.00000000 50598.89605563099471297 1.00000 7 
 fake.rf 1440.00000000 50608.80772179089206730 1.00000 7 
 fake.rf 1440.00000000 50618.78611963460771861 1.00000 7 
 fake.rf 1440.00000000 50628.76308934063792933 1.00000 7 
 fake.rf 1440.00000000 50638.78447284761659120 1.00000 7 
 fake.rf 1440.00000000 50648.73441062483108510 1.00000 7 
 fake.rf 1440.00000000 50658.72081905291656767 1.00000 7 
 fake.rf 1440.00000000 50668.66142791628429265 1.00000 7 
 fake.rf 1440.00000000 50678.65476636968624291 1.00000 7 
 fake.rf 1440.00000000 50688.61452964849079095 1.00000 7 
 fake.rf 1440.00000000 50698.59856843291609607 1.00000 7 
 fake.rf 1440.00000000 50708.61229130048515046 1.00000 7 
 fake.rf 1440.00000000 50718.55179051123814915 1.00000 7 
 fake.rf 1440.00000000 50728.48330304254066192 1.00000 7 
 fake.rf 1440.00000000 50738.45608417987474681 1.00000 7 
 fake.rf 1440.00000000 50748.44626793854979496 1.00000 7 
 fake.rf 1440.00000000 50758.45535185170205494 1.00000 7 
 fake.rf 1440.00000000 50768.39019412584057633 1.00000 7 
 fake.rf 1440.00000000 50778.37110272803182198 1.00000 7 
 fake.rf 1440.00000000 50788.36762593603489790 1.00000 7 
 fake.rf 1440.00000000 50798.31250385973871886 1.00000 7 
 fake.rf 1440.00000000 50808.32869013916661771 1.00000 7 
 fake.rf 1440.00000000 50818.27854158999900847 1.00000 7 
 fake.rf 1440.00000000 50828.21457304880612682 1.00000 7 
 fake.rf 1440.00000000 50838.19150823112775228 1.00000 7 
 fake.rf 1440.00000000 50848.20577589010741093 1.00000 7 
 fake.rf 1440.00000000 50858.18691897077022546 1.00000 7 
 fake.rf 1440.00000000 50868.10424761134297000 1.00000 7 
 fake.rf 1440.00000000 50878.12219429580349583 1.00000 7 
 fake.rf 1440.00000000 50888.06686417244062781 1.00000 7 
 fake.rf 1440.00000000 50898.01707664215196658 1.00000 7 
 fake.rf 1440.00000000 50908.02042464282328638 1.00000 7 
 fake.rf 1440.00000000 50917.98739830213276392 1.00000 7 
 fake.rf 1440.00000000 50927.94331293594160570 1.00000 7 
 fake.rf 1440.00000000 50937.95093500400771092 1.00000 7 
 fake.rf 1440.00000000 50947.88326315384552601 1.00000 7 
 fake.rf 1440.00000000 50957.89975324850528082 1.00000 7 
 fake.rf 1440.00000000 50967.83775472010698593 1.00000 7 
 fake.rf 1440.00000000 50977.82132945153797365 1.00000 7 
 fake.rf 1440.00000000 50987.77512899028312532 1.00000 7 
 fake.rf 1440.00000000 50997.78353144358200311 1.00000 7 
 fake.rf 1440.00000000 51007.77844925004265164 1.00000 7 
 fake.rf 1440.00000000 51017.68994260686132947 1.00000 7 
 fake.rf 1440.00000000 51027.66514864030783727 1.00000 7 
 fake.rf 1440.00000000 51037.70221663405333246 1.00000 7 
 fake.rf 1440.00000000 51047.61379546544312191 1.00000 7 
 fake.rf 1440.00000000 51057.60648959526737301 1.00000 7 
 fake.rf 1440.00000000 51067.59661254678850995 1.00000 7 
 fake.rf 1440.00000000 51077.55367127393490989 1.00000 7 
 fake.rf 1440.00000000 51087.55457837287851675 1.00000 7 
 fake.rf 1440.00000000 51097.48519548811473712 1.00000 7 
 fake.rf 1440.00000000 51107.49776981721279512 1.00000 7 
 fake.rf 1440.00000000 51117.45883416687481926 1.00000 7 
 fake.rf 1440.00000000 51127.44994041714134170 1.00000 7 
 fake.rf 1440.00000000 51137.42585054274007561 1.00000 7 
 fake.rf 1440.00000000 51147.39115442221911323 1.00000 7 
 fake.rf 1440.00000000 51157.34049934216340816 1.00000 7 
 fake.rf 1440.00000000 51167.32485685938339870 1.00000 7 
 fake.rf 1440.00000000 51177.31812705564229660 1.00000 7 
 fake.rf 1440.00000000 51187.22938964176062271 1.00000 7 
 fake.rf 1440.00000000 51197.26905469826602868 1.00000 7 
 fake.rf 1440.00000000 51207.23984172392507119 1.00000 7 
 fake.rf 1440.00000000 51217.18175663287007637 1.00000 7 
 fake.rf 1440.00000000 51227.13236639849128551 1.00000 7 
 fake.rf 1440.00000000 51237.08637233263443278 1.00000 7 
 fake.rf 1440.00000000 51247.06321364784732708 1.00000 7 
 fake.rf 1440.00000000 51257.05678921463330511 1.00000 7 
 fake.rf 1440.00000000 51267.05458961269658857 1.00000 7 
 fake.rf 1440.00000000 51276.99673674986355465 1.00000 7 
 fake.rf 1440.00000000 51287.00119136245808704 1.00000 7 
 fake.rf 1440.00000000 51296.98009564070578037 1.00000 7 
 fake.rf 1440.00000000 51306.95794951129037642 1.00000 7 
 fake.rf 1440.00000000 51316.90129295799226483 1.00000 7 
 fake.rf 1440.00000000 51326.90232824821882218 1.00000 7 
 fake.rf 1440.00000000 51336.88269250365421570 1.00000 7 
 fake.rf 1440.00000000 51346.80707495396021045 1.00000 7 
 fake.rf 1440.00000000 51356.83032676154358853 1.00000 7 
 fake.rf 1440.00000000 51366.74735613459739980 1.00000 7 
 fake.rf 1440.00000000 51376.77249916633128279 1.00000 7 
 fake.rf 1440.00000000 51386.69678069336583448 1.00000 7 
 fake.rf 1440.00000000 51396.72535483757094354 1.00000 7 
 fake.rf 1440.00000000 51406.62508598194667897 1.00000 7 
 fake.rf 1440.00000000 51416.67257954414759169 1.00000 7 
 fake.rf 1440.00000000 51426.60618902779268780 1.00000 7 
 fake.rf 1440.00000000 51436.60766410988953368 1.00000 7 
 fake.rf 1440.00000000 51446.57503880073199554 1.00000 7 
 fake.rf 1440.00000000 51456.50125649378235337 1.00000 7 
 fake.rf 1440.00000000 51466.47938078170893661 1.00000 7 
 fake.rf 1440.00000000 51476.45841734244450194 1.00000 7 
 fake.rf 1440.00000000 51486.40520956184892398 1.00000 7 
 fake.rf 1440.00000000 51496.40523413228474681 1.00000 7 
 fake.rf 1440.00000000 51506.36790677041453890 1.00000 7 
 fake.rf 1440.00000000 51516.39612360703920402 1.00000 7 
 fake.rf 1440.00000000 51526.36536744341362137 1.00000 7 
 fake.rf 1440.00000000 51536.30595413624269341 1.00000 7 
 fake.rf 1440.00000000 51546.31548131669038426 1.00000 7 
 fake.rf 1440.00000000 51556.28887078905342634 1.00000 7 
 fake.rf 1440.00000000 51566.25033741052900993 1.00000 7 
 fake.rf 1440.00000000 51576.20163596066416289 1.00000 7 
 fake.rf 1440.00000000 51586.14447686156972850 1.00000 7 
 fake.rf 1440.00000000 51596.13770245032197792 1.00000 7 
 fake.rf 1440.00000000 51606.09520956923793022 1.00000 7 
 fake.rf 1440.00000000 51616.12654207061270384 1.00000 7 
 fake.rf 1440.00000000 51626.09041537660524668 1.00000 7 
 fake.rf 1440.00000000 51635.99292884556447092 1.00000 7 
 fake.rf 1440.00000000 51646.03192995331644255 1.00000 7 
 fake.rf 1440.00000000 51655.94749002994342746 1.00000 7 
 fake.rf 1440.00000000 51665.98389295937378662 1.00000 7 
 fake.rf 1440.00000000 51675.88389441909416178 1.00000 7 
 fake.rf 1440.00000000 51685.93523520968525631 1.00000 7 
 fake.rf 1440.00000000 51695.83989065794265727 1.00000 7 
 fake.rf 1440.00000000 51705.87910392244629065 1.00000 7 
 fake.rf 1440.00000000 51715.85748016983895781 1.00000 7 
 fake.rf 1440.00000000 51725.75360023869773585 1.00000 7 
 fake.rf 1440.00000000 51735.75372732803717568 1.00000 7 
 fake.rf 1440.00000000 51745.76088294821077795 1.00000 7 
 fake.rf 1440.00000000 51755.73501535213016922 1.00000 7 
 fake.rf 1440.00000000 51765.68866445717306135 1.00000 7 
 fake.rf 1440.00000000 51775.61791541978147890 1.00000 7 
 fake.rf 1440.00000000 51785.59838871927252058 1.00000 7 
 fake.rf 1440.00000000 51795.60946771617319584 1.00000 7 
 fake.rf 1440.00000000 51805.56604756030711201 1.00000 7 
 fake.rf 1440.00000000 51815.53649782451002181 1.00000 7 
 fake.rf 1440.00000000 51825.51976466121318055 1.00000 7 
 fake.rf 1440.00000000 51835.47289270353815027 1.00000 7 
 fake.rf 1440.00000000 51845.49456733300669597 1.00000 7 
 fake.rf 1440.00000000 51855.43133231929722626 1.00000 7 
 fake.rf 1440.00000000 51865.38515418866089490 1.00000 7 
 fake.rf 1440.00000000 51875.39559970897936836 1.00000 7 
 fake.rf 1440.00000000 51885.31096760327372408 1.00000 7 
 fake.rf 1440.00000000 51895.31826806949927899 1.00000 7 
 fake.rf 1440.00000000 51905.26591015719028732 1.00000 7 
 fake.rf 1440.00000000 51915.24942290036746684 1.00000 7 
 fake.rf 1440.00000000 51925.23202683393967050 1.00000 7 
 fake.rf 1440.00000000 51935.25417993018886165 1.00000 7 
 fake.rf 1440.00000000 51945.16751042158151108 1.00000 7 
 fake.rf 1440.00000000 51955.13308645592581314 1.00000 7 
 fake.rf 1440.00000000 51965.09810394789261778 1.00000 7 
 fake.rf 1440.00000000 51975.07514170016778365 1.00000 7 
 fake.rf 1440.00000000 51985.05135688054252441 1.00000 7 
 fake.rf 1440.00000000 51995.01168615785896066 1.00000 7 
 fake.rf 1440.00000000 52005.00401704804358616 1.00000 7 
 fake.rf 1440.00000000 52014.96341646440236417 1.00000 7 
 fake.rf 1440.00000000 52024.92942634215517828 1.00000 7 
 fake.rf 1440.00000000 52034.92851497612169709 1.00000 7 
 fake.rf 1440.00000000 52044.91534576602968087 1.00000 7 
 fake.rf 1440.00000000 52054.91581566359435129 1.00000 7 
 fake.rf 1440.00000000 52064.83300768619746179 1.00000 7 
 fake.rf 1440.00000000 52074.80079191946246908 1.00000 7 
 fake.rf 1440.00000000 52084.84115041959849890 1.00000 7 
 fake.rf 1440.00000000 52094.76612006962492529 1.00000 7 
 fake.rf 1440.00000000 52104.77228764418510565 1.00000 7 
 fake.rf 1440.00000000 52114.71319701849101591 1.00000 7 
 fake.rf 1440.00000000 52124.71925457289328776 1.00000 7 
 fake.rf 1440.00000000 52134.65266000450675321 1.00000 7 
 fake.rf 1440.00000000 52144.65733505687010307 1.00000 7 
 fake.rf 1440.00000000 52154.62903825357226495 1.00000 7 
 fake.rf 1440.00000000 52164.60984631752745955 1.00000 7 
 fake.rf 1440.00000000 52174.59564759043296078 1.00000 7 
 fake.rf 1440.00000000 52184.52176731553398170 1.00000 7 
 fake.rf 1440.00000000 52194.52858097910200641 1.00000 7 
 fake.rf 1440.00000000 52204.46565364515489804 1.00000 7 
 fake.rf 1440.00000000 52214.45005316660736128 1.00000 7 
 fake.rf 1440.00000000 52224.38435052875849252 1.00000 7 
 fake.rf 1440.00000000 52234.41466484717424379 1.00000 7 
 fake.rf 1440.00000000 52244.36518840841265998 1.00000 7 
 fake.rf 1440.00000000 52254.32345395752309969 1.00000 7 
 fake.rf 1440.00000000 52264.34664860239558237 1.00000 7 
 fake.rf 1440.00000000 52274.28949402980880734 1.00000 7 
 fake.rf 1440.00000000 52284.25210168159379620 1.00000 7 
 fake.rf 1440.00000000 52294.19548247016227194 1.00000 7 
 fake.rf 1440.00000000 52304.20929484730570991 1.00000 7 
 fake.rf 1440.00000000 52314.19153775430687858 1.00000 7 
 fake.rf 1440.00000000 52324.12162231108487731 1.00000 7 
 fake.rf 1440.00000000 52334.12874889531459743 1.00000 7 
 fake.rf 1440.00000000 52344.13738471374939110 1.00000 7 
 fake.rf 1440.00000000 52354.08160441257703965 1.00000 7 
 fake.rf 1440.00000000 52364.03317188241215518 1.00000 7 
 fake.rf 1440.00000000 52373.98630406116110336 1.00000 7 
 fake.rf 1440.00000000 52384.00894569245340548 1.00000 7 
 fake.rf 1440.00000000 52393.94484266657055471 1.00000 7 
 fake.rf 1440.00000000 52403.93358214570971754 1.00000 7 
 fake.rf 1440.00000000 52413.90636234817407413 1.00000 7 
 fake.rf 1440.00000000 52423.89380637708018540 1.00000 7 
 fake.rf 1440.00000000 52433.83257437747637297 1.00000 7 
 fake.rf 1440.00000000 52443.84939769131070264 1.00000 7 
 fake.rf 1440.00000000 52453.78548778164147492 1.00000 7 
 fake.rf 1440.00000000 52463.80659662202106475 1.00000 7 
 fake.rf 1440.00000000 52473.74819900194354716 1.00000 7 
 fake.rf 1440.00000000 52483.69739469582209068 1.00000 7 
 fake.rf 1440.00000000 52493.67192762434432396 1.00000 7 
 fake.rf 1440.00000000 52503.64764796977115324 1.00000 7 
 fake.rf 1440.00000000 52513.64455402163358855 1.00000 7 
 fake.rf 1440.00000000 52523.63079080163347001 1.00000 7 
 fake.rf 1440.00000000 52533.56811282415550579 1.00000 7 
 fake.rf 1440.00000000 52543.53930419069780200 1.00000 7 
 fake.rf 1440.00000000 52553.50336890408054913 1.00000 7 
 fake.rf 1440.00000000 52563.50959414557901539 1.00000 7 
 fake.rf 1440.00000000 52573.44795114419198256 1.00000 7 
 fake.rf 1440.00000000 52583.46549893922965779 1.00000 7 
 fake.rf 1440.00000000 52593.37830279118455223 1.00000 7 
 fake.rf 1440.00000000 52603.37067828418923554 1.00000 7 
 fake.rf 1440.00000000 52613.34600947662403314 1.00000 7 
 fake.rf 1440.00000000 52623.35169387588176093 1.00000 7 
 fake.rf 1440.00000000 52633.30145825673893256 1.00000 7 
 fake.rf 1440.00000000 52643.31122034867451376 1.00000 7 
 fake.rf 1440.00000000 52653.26951160805934649 1.00000 7 
 fake.rf 1440.00000000 52663.19079998997076331 1.00000 7 
 fake.rf 1440.00000000 52673.17943391776392659 1.00000 7 
 fake.rf 1440.00000000 52683.20149498451069903 1.00000 7 
 fake.rf 1440.00000000 52693.17272936804382866 1.00000 7 
 fake.rf 1440.00000000 52703.12456458600824760 1.00000 7 
 fake.rf 1440.00000000 52713.07933610925492474 1.00000 7 
 fake.rf 1440.00000000 52723.05065504405803267 1.00000 7 
 fake.rf 1440.00000000 52733.01723860412605660 1.00000 7 
 fake.rf 1440.00000000 52743.02141586486517966 1.00000 7 
 fake.rf 1440.00000000 52752.95352907689857602 1.00000 7 
 fake.rf 1440.00000000 52762.96684039822627099 1.00000 7 
 fake.rf 1440.00000000 52772.93609747565197665 1.00000 7 
 fake.rf 1440.00000000 52782.92045075232621443 1.00000 7 
 fake.rf 1440.00000000 52792.82692875163299462 1.00000 7 
 fake.rf 1440.00000000 52802.88135646648851562 1.00000 7 
 fake.rf 1440.00000000 52812.78540105577134156 1.00000 7 
 fake.rf 1440.00000000 52822.79942274005479774 1.00000 7 
 fake.rf 1440.00000000 52832.78405825759778480 1.00000 7 
 fake.rf 1440.00000000 52842.73606259732052948 1.00000 7 
 fake.rf 1440.00000000 52852.66524657099415663 1.00000 7 
 fake.rf 1440.00000000 52862.64125115443378533 1.00000 7 
 fake.rf 1440.00000000 52872.62678505954214003 1.00000 7 
 fake.rf 1440.00000000 52882.60496373879185228 1.00000 7 
 fake.rf 1440.00000000 52892.62582040222994806 1.00000 7 
 fake.rf 1440.00000000 52902.55146250114495743 1.00000 7 
 fake.rf 1440.00000000 52912.54932100987068111 1.00000 7 
 fake.rf 1440.00000000 52922.48947986439970492 1.00000 7 
 fake.rf 1440.00000000 52932.44811071849436246 1.00000 7 
 fake.rf 1440.00000000 52942.42303793741220730 1.00000 7 
 fake.rf 1440.00000000 52952.40026325015797681 1.00000 7 
 fake.rf 1440.00000000 52962.42782300552839914 1.00000 7 
 fake.rf 1440.00000000 52972.35134294405870392 1.00000 7 
 fake.rf 1440.00000000 52982.34450650527306337 1.00000 7 
 fake.rf 1440.00000000 52992.33809829263690361 1.00000 7 
 fake.rf 1440.00000000 53002.26015696588560999 1.00000 7 
 fake.rf 1440.00000000 53012.23246009489450969 1.00000 7 
 fake.rf 1440.00000000 53022.20812774900515052 1.00000 7 
 fake.rf 1440.00000000 53032.21214299877623688 1.00000 7 
 fake.rf 1440.00000000 53042.17833404827651123 1.00000 7 
 fake.rf 1440.00000000 53052.18548326259051251 1.00000 7 
 fake.rf 1440.00000000 53062.14891609312475751 1.00000 7 
 fake.rf 1440.00000000 53072.07238940932567672 1.00000 7 
 fake.rf 1440.00000000 53082.07610011452404919 1.00000 7 
 fake.rf 1440.00000000 53092.05119050114885226 1.00000 7 
 fake.rf 1440.00000000 53101.99177948979179931 1.00000 7 
 fake.rf 1440.00000000 53111.99388887757044131 1.00000 7 
 fake.rf 1440.00000000 53121.98366155727552140 1.00000 7 
 fake.rf 1440.00000000 53131.96557657902527794 1.00000 7 
 fake.rf 1440.00000000 53141.89629245390874246 1.00000 7 
 fake.rf 1440.00000000 53151.86537381689317527 1.00000 7 
 fake.rf 1440.00000000 53161.88711047606995308 1.00000 7 
 fake.rf 1440.00000000 53171.82113526955706817 1.00000 7 
 fake.rf 1440.00000000 53181.80305485963654988 1.00000 7 
 fake.rf 1440.00000000 53191.74694119729338837 1.00000 7 
 fake.rf 1440.00000000 53201.72912700727747648 1.00000 7 
 fake.rf 1440.00000000 53211.74732639447773153 1.00000 7 
 fake.rf 1440.00000000 53221.71637555704590383 1.00000 7 
 fake.rf 1440.00000000 53231.66602454196375760 1.00000 7 
 fake.rf 1440.00000000 53241.67015909218309133 1.00000 7 
 fake.rf 1440.00000000 53251.64143979173877597 1.00000 7 
 fake.rf 1440.00000000 53261.59561846283333963 1.00000 7 
 fake.rf 1440.00000000 53271.57128374544059923 1.00000 7 
 fake.rf 1440.00000000 53281.49338871936417661 1.00000 7 
 fake.rf 1440.00000000 53291.46803529773028174 1.00000 7 
 fake.rf 1440.00000000 53301.46459672513218564 1.00000 7 
 fake.rf 1440.00000000 53311.41939802211598831 1.00000 7 
 fake.rf 1440.00000000 53321.39365202578122904 1.00000 7 
 fake.rf 1440.00000000 53331.39318545487196133 1.00000 7 
 fake.rf 1440.00000000 53341.37930635309979621 1.00000 7 
 fake.rf 1440.00000000 53351.34705574499490410 1.00000 7 
 fake.rf 1440.00000000 53361.29770939206489544 1.00000 7 
 fake.rf 1440.00000000 53371.27456742169323078 1.00000 7 
 fake.rf 1440.00000000 53381.27642783389341119 1.00000 7 
 fake.rf 1440.00000000 53391.25809651942331868 1.00000 7 
 fake.rf 1440.00000000 53401.23734927143019746 1.00000 7 
 fake.rf 1440.00000000 53411.20710300012033755 1.00000 7 
 fake.rf 1440.00000000 53421.13485207999677584 1.00000 7 
 fake.rf 1440.00000000 53431.13118180073887231 1.00000 7 
 fake.rf 1440.00000000 53441.11015488876946833 1.00000 7 
 fake.rf 1440.00000000 53451.07925751106906986 1.00000 7 
 fake.rf 1440.00000000 53461.07197296465848524 1.00000 7 
 fake.rf 1440.00000000 53471.01665370134106325 1.00000 7 
 fake.rf 1440.00000000 53480.94708545221783424 1.00000 7 
 fake.rf 1440.00000000 53490.94902480463392536 1.00000 7 
 fake.rf 1440.00000000 53500.94822954800816817 1.00000 7 
 fake.rf 1440.00000000 53510.88815144778645205 1.00000 7 
 fake.rf 1440.00000000 53520.85226119919147436 1.00000 7 
 fake.rf 1440.00000000 53530.84781945448165530 1.00000 7 
 fake.rf 1440.00000000 53540.84802800865855943 1.00000 7 
 fake.rf 1440.00000000 53550.76024327963729732 1.00000 7 
 fake.rf 1440.00000000 53560.75438656756396938 1.00000 7 
 fake.rf 1440.00000000 53570.73607810143187180 1.00000 7 
 fake.rf 1440.00000000 53580.73459636494311908 1.00000 7 
 fake.rf 1440.00000000 53590.67814895454883839 1.00000 7 
 fake.rf 1440.00000000 53600.66179137784950370 1.00000 7 
 fake.rf 1440.00000000 53610.60084209988194459 1.00000 7 
 fake.rf 1440.00000000 53620.60983364373320725 1.00000 7 
 fake.rf 1440.00000000 53630.59503444549920204 1.00000 7 
 fake.rf 1440.00000000 53640.56092288746562602 1.00000 7 
 fake.rf 1440.00000000 53650.50000633999526300 1.00000 7 
 fake.rf 1440.00000000 53660.48026081806766996 1.00000 7 
