FORMAT 1
MODE 1
 fake.rf 1440.00000000 50000.40668485058673554 1.00000 7 
 fake.rf 1440.00000000 50010.41653091830424671 1.00000 7 
 fake.rf 1440.00000000 50020.35683353979717580 1.00000 7 
 fake.rf 1440.00000000 50030.32825081159084490 1.00000 7 
 fake.rf 1440.00000000 50040.29151253677814637 1.00000 7 
 fake.rf 1440.00000000 50050.32371620707540671 1.00000 7 
 fake.rf 1440.00000000 50060.28493925316943702 1.00000 7 
 fake.rf 1440.00000000 50070.22155102855213116 1.00000 7 
 fake.rf 1440.00000000 50080.23511795110016465 1.00000 7 
 fake.rf 1440.00000000 50090.18479733154567413 1.00000 7 
 fake.rf 1440.00000000 50100.16387408468485276 1.00000 7 
 fake.rf 1440.00000000 50110.12394690207226589 1.00000 7 
 fake.rf 1440.00000000 50120.11864978564905826 1.00000 7 
 fake.rf 1440.00000000 50130.07896074231468120 1.00000 7 
 fake.rf 1440.00000000 50140.01508734646310472 1.00000 7 
 fake.rf 1440.00000000 50149.99078589864717159 1.00000 7 
 fake.rf 1440.00000000 50159.98685517216856766 1.00000 7 
 fake.rf 1440.00000000 50169.95275209280206852 1.00000 7 
 fake.rf 1440.00000000 50179.97342227535973080 1.00000 7 
 fake.rf 1440.00000000 50189.90733742548416529 1.00000 7 
 fake.rf 1440.00000000 50199.92925542859461530 1.00000 7 
 fake.rf 1440.00000000 50209.88306891531076559 1.00000 7 
 fake.rf 1440.00000000 50219.86456920901109768 1.00000 7 
 fake.rf 1440.00000000 50229.78168608910762671 1.00000 7 
 fake.rf 1440.00000000 50239.80833991509399183 1.00000 7 
 fake.rf 1440.00000000 50249.76068013564980319 1.00000 7 
 fake.rf 1440.00000000 50259.75597197296141516 1.00000 7 
 fake.rf 1440.00000000 50269.73041610585077166 1.00000 7 
 fake.rf 1440.00000000 50279.62893543878887925 1.00000 7 
 fake.rf 1440.00000000 50289.66668674669724837 1.00000 7 
 fake.rf 1440.00000000 50299.61482613238191774 1.00000 7 
 fake.rf 1440.00000000 50309.56034012664197164 1.00000 7 
 fake.rf 1440.00000000 50319.55190852255029199 1.00000 7 
 fake.rf 1440.00000000 50329.55098820456900555 1.00000 7 
 fake.rf 1440.00000000 50339.49522378863331085 1.00000 7 
 fake.rf 1440.00000000 50349.47735824098895208 1.00000 7 
 fake.rf 1440.00000000 50359.45261256445714793 1.00000 7 
 fake.rf 1440.00000000 50369.38537559459179249 1.00000 7 
 fake.rf 1440.00000000 50379.41475941919978965 1.00000 7 
 fake.rf 1440.00000000 50389.34755171104050930 1.00000 7 
 fake.rf 1440.00000000 50399.34063175056781603 1.00000 7 
 fake.rf 1440.00000000 50409.29306336077012318 1.00000 7 
 fake.rf 1440.00000000 50419.29656610961531982 1.00000 7 
 fake.rf 1440.00000000 50429.22832006050151321 1.00000 7 
 fake.rf 1440.00000000 50439.25170028032544067 1.00000 7 
 fake.rf 1440.00000000 50449.21863397473722657 1.00000 7 
 fake.rf 1440.00000000 50459.15339078521199312 1.00000 7 
 fake.rf 1440.00000000 50469.11681128218284798 1.00000 7 
 fake.rf 1440.00000000 50479.16027954926601851 1.00000 7 
 fake.rf 1440.00000000 50489.05967757347656644 1.00000 7 
 fake.rf 1440.00000000 50499.06765088802205454 1.00000 7 
 fake.rf 1440.00000000 50509.07700817180624142 1.00000 7 
 fake.rf 1440.00000000 50519.04085735501188026 1.00000 7 
 fake.rf 1440.00000000 50528.97430193535065968 1.00000 7 
 fake.rf 1440.00000000 50538.92808043607246304 1.00000 7 
 fake.rf 1440.00000000 50548.94588774743003157 1.00000 7 
 fake.rf 1440.00000000 50558.94231022422537691 1.00000 7 
 fake.rf 1440.00000000 50568.91868489679420762 1.00000 7 
 fake.rf 1440.00000000 50578.85490735291975639 1.00000 7 
 fake.rf 1440.00000000 50588.86048682665659726 1.00000 7 
 fake.rf 1440.00000000 50598.81858382586790412 1.00000 7 
 fake.rf 1440.00000000 50608.73025000408132001 1.00000 7 
 fake.rf 1440.00000000 50618.70864781076766903 1.00000 7 
 fake.rf 1440.00000000 50628.68561752795876529 1.00000 7 
 fake.rf 1440.00000000 50638.70700100578851632 1.00000 7 
 fake.rf 1440.00000000 50648.65693878846924747 1.00000 7 
 fake.rf 1440.00000000 50658.64334725016879801 1.00000 7 
 fake.rf 1440.00000000 50668.58395608742428351 1.00000 7 
 fake.rf 1440.00000000 50678.57729457091529568 1.00000 7 
 fake.rf 1440.00000000 50688.53705786718404269 1.00000 7 
 fake.rf 1440.00000000 50698.52109662893195718 1.00000 7 
 fake.rf 1440.00000000 50708.53481948116699485 1.00000 7 
 fake.rf 1440.00000000 50718.47431872193434543 1.00000 7 
 fake.rf 1440.00000000 50728.40583126656264312 1.00000 7 
 fake.rf 1440.00000000 50738.37861236596020831 1.00000 7 
 fake.rf 1440.00000000 50748.36879613067735662 1.00000 7 
 fake.rf 1440.00000000 50758.37788004678957776 1.00000 7 
 fake.rf 1440.00000000 50768.31272232075153994 1.00000 7 
 fake.rf 1440.00000000 50778.29363095407627426 1.00000 7 
 fake.rf 1440.00000000 50788.29015413184164629 1.00000 7 
 fake.rf 1440.00000000 50798.23503204973536640 1.00000 7 
 fake.rf 1440.00000000 50808.25121833328495669 1.00000 7 
 fake.rf 1440.00000000 50818.20106978849451096 1.00000 7 
 fake.rf 1440.00000000 50828.13710123498285043 1.00000 7 
 fake.rf 1440.00000000 50838.11403641279425969 1.00000 7 
 fake.rf 1440.00000000 50848.12830407564894486 1.00000 7 
 fake.rf 1440.00000000 50858.10944713566878050 1.00000 7 
 fake.rf 1440.00000000 50868.02677578220436772 1.00000 7 
 fake.rf 1440.00000000 50878.04472250265679989 1.00000 7 
 fake.rf 1440.00000000 50887.98939232622157647 1.00000 7 
 fake.rf 1440.00000000 50897.93960481899689441 1.00000 7 
 fake.rf 1440.00000000 50907.94295283954904008 1.00000 7 
 fake.rf 1440.00000000 50917.90992648491242534 1.00000 7 
 fake.rf 1440.00000000 50927.86584116113280274 1.00000 7 
 fake.rf 1440.00000000 50937.87346317967138276 1.00000 7 
 fake.rf 1440.00000000 50947.80579134153392928 1.00000 7 
 fake.rf 1440.00000000 50957.82228145713968814 1.00000 7 
 fake.rf 1440.00000000 50967.76028291741895515 1.00000 7 
 fake.rf 1440.00000000 50977.74385761852899535 1.00000 7 
 fake.rf 1440.00000000 50987.69765717550949802 1.00000 7 
 fake.rf 1440.00000000 50997.70605962306494163 1.00000 7 
 fake.rf 1440.00000000 51007.70097742759714876 1.00000 7 
 fake.rf 1440.00000000 51017.61247078809834576 1.00000 7 
 fake.rf 1440.00000000 51027.58767683875629118 1.00000 7 
 fake.rf 1440.00000000 51037.62474485156925397 1.00000 7 
 fake.rf 1440.00000000 51047.53632366374550244 1.00000 7 
 fake.rf 1440.00000000 51057.52901779647116953 1.00000 7 
 fake.rf 1440.00000000 51067.51914070057181405 1.00000 7 
 fake.rf 1440.00000000 51077.47619947560899689 1.00000 7 
 fake.rf 1440.00000000 51087.47710656730516376 1.00000 7 
 fake.rf 1440.00000000 51097.40772368464306297 1.00000 7 
 fake.rf 1440.00000000 51107.42029802852848164 1.00000 7 
 fake.rf 1440.00000000 51117.38136238952461810 1.00000 7 
 fake.rf 1440.00000000 51127.37246862214032106 1.00000 7 
 fake.rf 1440.00000000 51137.34837873309748346 1.00000 7 
 fake.rf 1440.00000000 51147.31368261716928103 1.00000 7 
 fake.rf 1440.00000000 51157.26302751412042014 1.00000 7 
 fake.rf 1440.00000000 51167.24738507619247940 1.00000 7 
 fake.rf 1440.00000000 51177.24065523379014309 1.00000 7 
 fake.rf 1440.00000000 51187.15191785653803791 1.00000 7 
 fake.rf 1440.00000000 51197.19158292710451974 1.00000 7 
 fake.rf 1440.00000000 51207.16236991015036395 1.00000 7 
 fake.rf 1440.00000000 51217.10428483188641735 1.00000 7 
 fake.rf 1440.00000000 51227.05489455933016174 1.00000 7 
 fake.rf 1440.00000000 51237.00890053693465376 1.00000 7 
 fake.rf 1440.00000000 51246.98574184087951622 1.00000 7 
 fake.rf 1440.00000000 51256.97931740589789129 1.00000 7 
 fake.rf 1440.00000000 51266.97711779454371950 1.00000 7 
 fake.rf 1440.00000000 51276.91926495187517787 1.00000 7 
 fake.rf 1440.00000000 51286.92371956431297875 1.00000 7 
 fake.rf 1440.00000000 51296.90262381802436664 1.00000 7 
 fake.rf 1440.00000000 51306.88047771357089388 1.00000 7 
 fake.rf 1440.00000000 51316.82382114883776225 1.00000 7 
 fake.rf 1440.00000000 51326.82485645325454726 1.00000 7 
 fake.rf 1440.00000000 51336.80522068967799498 1.00000 7 
 fake.rf 1440.00000000 51346.72960314210430610 1.00000 7 
 fake.rf 1440.00000000 51356.75285495069687514 1.00000 7 
 fake.rf 1440.00000000 51366.66988429373117953 1.00000 7 
 fake.rf 1440.00000000 51376.69502736524383124 1.00000 7 
 fake.rf 1440.00000000 51386.61930888031939801 1.00000 7 
 fake.rf 1440.00000000 51396.64788300995979498 1.00000 7 
 fake.rf 1440.00000000 51406.54761418561823660 1.00000 7 
 fake.rf 1440.00000000 51416.59510772437009862 1.00000 7 
 fake.rf 1440.00000000 51426.52871723839431439 1.00000 7 
 fake.rf 1440.00000000 51436.53019227735181929 1.00000 7 
 fake.rf 1440.00000000 51446.49756698654011799 1.00000 7 
 fake.rf 1440.00000000 51456.42378468337717123 1.00000 7 
 fake.rf 1440.00000000 51466.40190898470165237 1.00000 7 
 fake.rf 1440.00000000 51476.38094553584326718 1.00000 7 
 fake.rf 1440.00000000 51486.32773776256050979 1.00000 7 
 fake.rf 1440.00000000 51496.32776232535451655 1.00000 7 
 fake.rf 1440.00000000 51506.29043494419276428 1.00000 7 
 fake.rf 1440.00000000 51516.31865178386389914 1.00000 7 
 fake.rf 1440.00000000 51526.28789562345487951 1.00000 7 
 fake.rf 1440.00000000 51536.22848233134876850 1.00000 7 
 fake.rf 1440.00000000 51546.23800947921371218 1.00000 7 
 fake.rf 1440.00000000 51556.21139895927559138 1.00000 7 
 fake.rf 1440.00000000 51566.17286560871207968 1.00000 7 
 fake.rf 1440.00000000 51576.12416413971159201 1.00000 7 
 fake.rf 1440.00000000 51586.06700509092226881 1.00000 7 
 fake.rf 1440.00000000 51596.06023063180717259 1.00000 7 
 fake.rf 1440.00000000 51606.01773778803385540 1.00000 7 
 fake.rf 1440.00000000 51616.04907028657752832 1.00000 7 
 fake.rf 1440.00000000 51626.01294360252953197 1.00000 7 
 fake.rf 1440.00000000 51635.91545705765264884 1.00000 7 
 fake.rf 1440.00000000 51645.95445812856995005 1.00000 7 
 fake.rf 1440.00000000 51655.87001820104138261 1.00000 7 
 fake.rf 1440.00000000 51665.90642113884829456 1.00000 7 
 fake.rf 1440.00000000 51675.80642259413275852 1.00000 7 
 fake.rf 1440.00000000 51685.85776338437101174 1.00000 7 
 fake.rf 1440.00000000 51695.76241886038975437 1.00000 7 
 fake.rf 1440.00000000 51705.80163212545075524 1.00000 7 
 fake.rf 1440.00000000 51715.78000836603501256 1.00000 7 
 fake.rf 1440.00000000 51725.67612843527143696 1.00000 7 
 fake.rf 1440.00000000 51735.67625549372795390 1.00000 7 
 fake.rf 1440.00000000 51745.68341117314171740 1.00000 7 
 fake.rf 1440.00000000 51755.65754357226823146 1.00000 7 
 fake.rf 1440.00000000 51765.61119268160275908 1.00000 7 
 fake.rf 1440.00000000 51775.54044362285212344 1.00000 7 
 fake.rf 1440.00000000 51785.52091691717135191 1.00000 7 
 fake.rf 1440.00000000 51795.53199591169294536 1.00000 7 
 fake.rf 1440.00000000 51805.48857576124335367 1.00000 7 
 fake.rf 1440.00000000 51815.45902601474462301 1.00000 7 
 fake.rf 1440.00000000 51825.44229284546342384 1.00000 7 
 fake.rf 1440.00000000 51835.39542089932943725 1.00000 7 
 fake.rf 1440.00000000 51845.41709549617256059 1.00000 7 
 fake.rf 1440.00000000 51855.35386051341469127 1.00000 7 
 fake.rf 1440.00000000 51865.30768234709398357 1.00000 7 
 fake.rf 1440.00000000 51875.31812792335865225 1.00000 7 
 fake.rf 1440.00000000 51885.23349581912277628 1.00000 7 
 fake.rf 1440.00000000 51895.24079627344551824 1.00000 7 
 fake.rf 1440.00000000 51905.18843835490228500 1.00000 7 
 fake.rf 1440.00000000 51915.17195108293248751 1.00000 7 
 fake.rf 1440.00000000 51925.15455501369800473 1.00000 7 
 fake.rf 1440.00000000 51935.17670809652550190 1.00000 7 
 fake.rf 1440.00000000 51945.09003863036570436 1.00000 7 
 fake.rf 1440.00000000 51955.05561463580374237 1.00000 7 
 fake.rf 1440.00000000 51965.02063215673998187 1.00000 7 
 fake.rf 1440.00000000 51974.99766990698608993 1.00000 7 
 fake.rf 1440.00000000 51984.97388503457103326 1.00000 7 
 fake.rf 1440.00000000 51994.93421433067596382 1.00000 7 
 fake.rf 1440.00000000 52004.92654526829619144 1.00000 7 
 fake.rf 1440.00000000 52014.88594465056286964 1.00000 7 
 fake.rf 1440.00000000 52024.85195453331166604 1.00000 7 
 fake.rf 1440.00000000 52034.85104315724743529 1.00000 7 
 fake.rf 1440.00000000 52044.83787396796993008 1.00000 7 
 fake.rf 1440.00000000 52054.83834386518384463 1.00000 7 
 fake.rf 1440.00000000 52064.75553584453565747 1.00000 7 
 fake.rf 1440.00000000 52074.72332013374913373 1.00000 7 
 fake.rf 1440.00000000 52084.76367863574172290 1.00000 7 
 fake.rf 1440.00000000 52094.68864828105267506 1.00000 7 
 fake.rf 1440.00000000 52104.69481584427138188 1.00000 7 
 fake.rf 1440.00000000 52114.63572521261500015 1.00000 7 
 fake.rf 1440.00000000 52124.64178277916327886 1.00000 7 
 fake.rf 1440.00000000 52134.57518817995836358 1.00000 7 
 fake.rf 1440.00000000 52144.57986327497756918 1.00000 7 
 fake.rf 1440.00000000 52154.55156643725644727 1.00000 7 
 fake.rf 1440.00000000 52164.53237453796103296 1.00000 7 
 fake.rf 1440.00000000 52174.51817578877640358 1.00000 7 
 fake.rf 1440.00000000 52184.44429550953104169 1.00000 7 
 fake.rf 1440.00000000 52194.45110914373855238 1.00000 7 
 fake.rf 1440.00000000 52204.38818183883845592 1.00000 7 
 fake.rf 1440.00000000 52214.37258134707160906 1.00000 7 
 fake.rf 1440.00000000 52224.30687871425946156 1.00000 7 
 fake.rf 1440.00000000 52234.33719301431909443 1.00000 7 
 fake.rf 1440.00000000 52244.28771661238291912 1.00000 7 
 fake.rf 1440.00000000 52254.24598213809486680 1.00000 7 
 fake.rf 1440.00000000 52264.26917682608826254 1.00000 7 
 fake.rf 1440.00000000 52274.21202223128154429 1.00000 7 
 fake.rf 1440.00000000 52284.17462986078352927 1.00000 7 
 fake.rf 1440.00000000 52294.11801067370425855 1.00000 7 
 fake.rf 1440.00000000 52304.13182303950688734 1.00000 7 
 fake.rf 1440.00000000 52314.11406594592140351 1.00000 7 
 fake.rf 1440.00000000 52324.04415048022080015 1.00000 7 
 fake.rf 1440.00000000 52334.05127707228058753 1.00000 7 
 fake.rf 1440.00000000 52344.05991288698363917 1.00000 7 
 fake.rf 1440.00000000 52354.00413260159334072 1.00000 7 
 fake.rf 1440.00000000 52363.95570006892316073 1.00000 7 
 fake.rf 1440.00000000 52373.90883223778470779 1.00000 7 
 fake.rf 1440.00000000 52383.93147386795478937 1.00000 7 
 fake.rf 1440.00000000 52393.86737083660530345 1.00000 7 
 fake.rf 1440.00000000 52403.85611031857962416 1.00000 7 
 fake.rf 1440.00000000 52413.82889051753651799 1.00000 7 
 fake.rf 1440.00000000 52423.81633455458170090 1.00000 7 
 fake.rf 1440.00000000 52433.75510259465847085 1.00000 7 
 fake.rf 1440.00000000 52443.77192589089245800 1.00000 7 
 fake.rf 1440.00000000 52453.70801594987100813 1.00000 7 
 fake.rf 1440.00000000 52463.72912484396696797 1.00000 7 
 fake.rf 1440.00000000 52473.67072722207019098 1.00000 7 
 fake.rf 1440.00000000 52483.61992288205610180 1.00000 7 
 fake.rf 1440.00000000 52493.59445582537249209 1.00000 7 
 fake.rf 1440.00000000 52503.57017619358371618 1.00000 7 
 fake.rf 1440.00000000 52513.56708217814889395 1.00000 7 
 fake.rf 1440.00000000 52523.55331899197450696 1.00000 7 
 fake.rf 1440.00000000 52533.49064104177040591 1.00000 7 
 fake.rf 1440.00000000 52543.46183237828634915 1.00000 7 
 fake.rf 1440.00000000 52553.42589705995370863 1.00000 7 
 fake.rf 1440.00000000 52563.43212231065467321 1.00000 7 
 fake.rf 1440.00000000 52573.37047932178136733 1.00000 7 
 fake.rf 1440.00000000 52583.38802713619675444 1.00000 7 
 fake.rf 1440.00000000 52593.30083098322711166 1.00000 7 
 fake.rf 1440.00000000 52603.29320648627518153 1.00000 7 
 fake.rf 1440.00000000 52613.26853764259987400 1.00000 7 
 fake.rf 1440.00000000 52623.27422205726743698 1.00000 7 
 fake.rf 1440.00000000 52633.22398644243775934 1.00000 7 
 fake.rf 1440.00000000 52643.23374855970071806 1.00000 7 
 fake.rf 1440.00000000 52653.19203978570807223 1.00000 7 
 fake.rf 1440.00000000 52663.11332820565020185 1.00000 7 
 fake.rf 1440.00000000 52673.10196212609797684 1.00000 7 
 fake.rf 1440.00000000 52683.12402316889365395 1.00000 7 
 fake.rf 1440.00000000 52693.09525757040561444 1.00000 7 
 fake.rf 1440.00000000 52703.04709279315810377 1.00000 7 
 fake.rf 1440.00000000 52713.00186430946239824 1.00000 7 
 fake.rf 1440.00000000 52722.97318325360909341 1.00000 7 
 fake.rf 1440.00000000 52732.93976681961040498 1.00000 7 
 fake.rf 1440.00000000 52742.94394404713681368 1.00000 7 
 fake.rf 1440.00000000 52752.87605725462730533 1.00000 7 
 fake.rf 1440.00000000 52762.88936858897797322 1.00000 7 
 fake.rf 1440.00000000 52772.85862569372684661 1.00000 7 
 fake.rf 1440.00000000 52782.84297894421039388 1.00000 7 
 fake.rf 1440.00000000 52792.74945693827672244 1.00000 7 
 fake.rf 1440.00000000 52802.80388466200304265 1.00000 7 
 fake.rf 1440.00000000 52812.70792926760949015 1.00000 7 
 fake.rf 1440.00000000 52822.72195093754582018 1.00000 7 
 fake.rf 1440.00000000 52832.70658641787193233 1.00000 7 
 fake.rf 1440.00000000 52842.65859076438127317 1.00000 7 
 fake.rf 1440.00000000 52852.58777476847276589 1.00000 7 
 fake.rf 1440.00000000 52862.56377933606608011 1.00000 7 
 fake.rf 1440.00000000 52872.54931322204207689 1.00000 7 
 fake.rf 1440.00000000 52882.52749189538885233 1.00000 7 
 fake.rf 1440.00000000 52892.54834861011543623 1.00000 7 
 fake.rf 1440.00000000 52902.47399072618206617 1.00000 7 
 fake.rf 1440.00000000 52912.47184920223762106 1.00000 7 
 fake.rf 1440.00000000 52922.41200805135022733 1.00000 7 
 fake.rf 1440.00000000 52932.37063891088915213 1.00000 7 
 fake.rf 1440.00000000 52942.34556611259780823 1.00000 7 
 fake.rf 1440.00000000 52952.32279144650663127 1.00000 7 
 fake.rf 1440.00000000 52962.35035119570785511 1.00000 7 
 fake.rf 1440.00000000 52972.27387114511239474 1.00000 7 
 fake.rf 1440.00000000 52982.26703467055187602 1.00000 7 
 fake.rf 1440.00000000 52992.26062647782066506 1.00000 7 
 fake.rf 1440.00000000 53002.18268515456833967 1.00000 7 
 fake.rf 1440.00000000 53012.15498827341317778 1.00000 7 
 fake.rf 1440.00000000 53022.13065595956145870 1.00000 7 
 fake.rf 1440.00000000 53032.13467118243920950 1.00000 7 
 fake.rf 1440.00000000 53042.10086224010096956 1.00000 7 
 fake.rf 1440.00000000 53052.10801148045200648 1.00000 7 
 fake.rf 1440.00000000 53062.07144427244177010 1.00000 7 
 fake.rf 1440.00000000 53071.99491759830702975 1.00000 7 
 fake.rf 1440.00000000 53081.99862830701264471 1.00000 7 
 fake.rf 1440.00000000 53091.97371869425913715 1.00000 7 
 fake.rf 1440.00000000 53101.91430767693568527 1.00000 7 
 fake.rf 1440.00000000 53111.91641709495731050 1.00000 7 
 fake.rf 1440.00000000 53121.90618977184183791 1.00000 7 
 fake.rf 1440.00000000 53131.88810476841830877 1.00000 7 
 fake.rf 1440.00000000 53141.81882067859900332 1.00000 7 
 fake.rf 1440.00000000 53151.78790201107263158 1.00000 7 
 fake.rf 1440.00000000 53161.80963866133431850 1.00000 7 
 fake.rf 1440.00000000 53171.74366346676958983 1.00000 7 
 fake.rf 1440.00000000 53181.72558304435984766 1.00000 7 
 fake.rf 1440.00000000 53191.66946939445921316 1.00000 7 
 fake.rf 1440.00000000 53201.65165521647043789 1.00000 7 
 fake.rf 1440.00000000 53211.66985457140791027 1.00000 7 
 fake.rf 1440.00000000 53221.63890372191856315 1.00000 7 
 fake.rf 1440.00000000 53231.58855274522908019 1.00000 7 
 fake.rf 1440.00000000 53241.59268729154108613 1.00000 7 
 fake.rf 1440.00000000 53251.56396800910956912 1.00000 7 
 fake.rf 1440.00000000 53261.51814663680616135 1.00000 7 
 fake.rf 1440.00000000 53271.49381194398786832 1.00000 7 
 fake.rf 1440.00000000 53281.41591692549390658 1.00000 7 
 fake.rf 1440.00000000 53291.39056345672029380 1.00000 7 
 fake.rf 1440.00000000 53301.38712490546043199 1.00000 7 
 fake.rf 1440.00000000 53311.34192619860427342 1.00000 7 
 fake.rf 1440.00000000 53321.31618021057517609 1.00000 7 
 fake.rf 1440.00000000 53331.31571366687463964 1.00000 7 
 fake.rf 1440.00000000 53341.30183454283024602 1.00000 7 
 fake.rf 1440.00000000 53351.26958391643844948 1.00000 7 
 fake.rf 1440.00000000 53361.22023759318043545 1.00000 7 
 fake.rf 1440.00000000 53371.19709564482198871 1.00000 7 
 fake.rf 1440.00000000 53381.19895601349459113 1.00000 7 
 fake.rf 1440.00000000 53391.18062472103201088 1.00000 7 
 fake.rf 1440.00000000 53401.15987746684751869 1.00000 7 
 fake.rf 1440.00000000 53411.12963115466336106 1.00000 7 
 fake.rf 1440.00000000 53421.05738026758251635 1.00000 7 
 fake.rf 1440.00000000 53431.05371000595153319 1.00000 7 
 fake.rf 1440.00000000 53441.03268308545747800 1.00000 7 
 fake.rf 1440.00000000 53451.00178571555479934 1.00000 7 
 fake.rf 1440.00000000 53460.99450113242463090 1.00000 7 
 fake.rf 1440.00000000 53470.93918187954425036 1.00000 7 
 fake.rf 1440.00000000 53480.86961363604465802 1.00000 7 
 fake.rf 1440.00000000 53490.87155302129522383 1.00000 7 
 fake.rf 1440.00000000 53500.87075777284027112 1.00000 7 
 fake.rf 1440.00000000 53510.81067965408381681 1.00000 7 
 fake.rf 1440.00000000 53520.77478938332911795 1.00000 7 
 fake.rf 1440.00000000 53530.77034761086740744 1.00000 7 
 fake.rf 1440.00000000 53540.77055618234702195 1.00000 7 
 fake.rf 1440.00000000 53550.68277150575530143 1.00000 7 
 fake.rf 1440.00000000 53560.67691476474306000 1.00000 7 
 fake.rf 1440.00000000 53570.65860631955240834 1.00000 7 
 fake.rf 1440.00000000 53580.65712457121238188 1.00000 7 
 fake.rf 1440.00000000 53590.60067716644212865 1.00000 7 
 fake.rf 1440.00000000 53600.58431958868237999 1.00000 7 
 fake.rf 1440.00000000 53610.52337027743482878 1.00000 7 
 fake.rf 1440.00000000 53620.53236183222439237 1.00000 7 
 fake.rf 1440.00000000 53630.51756263196519825 1.00000 7 
 fake.rf 1440.00000000 53640.48345109555173593 1.00000 7 
 fake.rf 1440.00000000 53650.42253452321679674 1.00000 7 
 fake.rf 1440.00000000 53660.40278900481984792 1.00000 7 
