FORMAT 1
 fake.rf 1440.00000000 50000.81007697664859890 1.00000 7 
 fake.rf 1440.00000000 50010.81992305671958832 1.00000 7 
 fake.rf 1440.00000000 50020.76022567561098242 1.00000 7 
 fake.rf 1440.00000000 50030.73164296383169614 1.00000 7 
 fake.rf 1440.00000000 50040.69490469332737703 1.00000 7 
 fake.rf 1440.00000000 50050.72710832506442813 1.00000 7 
 fake.rf 1440.00000000 50060.68833137251964160 1.00000 7 
 fake.rf 1440.00000000 50070.62494317778348929 1.00000 7 
 fake.rf 1440.00000000 50080.63851003967493725 1.00000 7 
 fake.rf 1440.00000000 50090.58818945076658125 1.00000 7 
 fake.rf 1440.00000000 50100.56726620072981504 1.00000 7 
 fake.rf 1440.00000000 50110.52733906481821791 1.00000 7 
 fake.rf 1440.00000000 50120.52204194656966507 1.00000 7 
 fake.rf 1440.00000000 50130.48235287139858229 1.00000 7 
 fake.rf 1440.00000000 50140.41847948524863199 1.00000 7 
 fake.rf 1440.00000000 50150.39417805118775107 1.00000 7 
 fake.rf 1440.00000000 50160.39024733014762703 1.00000 7 
 fake.rf 1440.00000000 50170.35614419501406758 1.00000 7 
 fake.rf 1440.00000000 50180.37681441876875965 1.00000 7 
 fake.rf 1440.00000000 50190.31072954518139539 1.00000 7 
 fake.rf 1440.00000000 50200.33264757203446393 1.00000 7 
 fake.rf 1440.00000000 50210.28646106937313220 1.00000 7 
 fake.rf 1440.00000000 50220.26796130591066358 1.00000 7 
 fake.rf 1440.00000000 50230.18507821457601636 1.00000 7 
 fake.rf 1440.00000000 50240.21173205738416101 1.00000 7 
 fake.rf 1440.00000000 50250.16407228036173649 1.00000 7 
 fake.rf 1440.00000000 50260.15936406551161753 1.00000 7 
 fake.rf 1440.00000000 50270.13380820398103310 1.00000 7 
 fake.rf 1440.00000000 50280.03232760286137548 1.00000 7 
 fake.rf 1440.00000000 50290.07007886779152273 1.00000 7 
 fake.rf 1440.00000000 50300.01821822884027213 1.00000 7 
 fake.rf 1440.00000000 50309.96373230183794334 1.00000 7 
 fake.rf 1440.00000000 50319.95530061804226918 1.00000 7 
 fake.rf 1440.00000000 50329.95438035311401492 1.00000 7 
 fake.rf 1440.00000000 50339.89861594423073043 1.00000 7 
 fake.rf 1440.00000000 50349.88075035612225605 1.00000 7 
 fake.rf 1440.00000000 50359.85600471732854899 1.00000 7 
 fake.rf 1440.00000000 50369.78876772891608837 1.00000 7 
 fake.rf 1440.00000000 50379.81815157481492662 1.00000 7 
 fake.rf 1440.00000000 50389.75094379198870342 1.00000 7 
 fake.rf 1440.00000000 50399.74402388942566589 1.00000 7 
 fake.rf 1440.00000000 50409.69645545108870621 1.00000 7 
 fake.rf 1440.00000000 50419.69995822518679773 1.00000 7 
 fake.rf 1440.00000000 50429.63171219075708507 1.00000 7 
 fake.rf 1440.00000000 50439.65509239248541462 1.00000 7 
 fake.rf 1440.00000000 50449.62202612291187620 1.00000 7 
 fake.rf 1440.00000000 50459.55678289888010823 1.00000 7 
 fake.rf 1440.00000000 50469.52020340991820646 1.00000 7 
 fake.rf 1440.00000000 50479.56367168573723347 1.00000 7 
 fake.rf 1440.00000000 50489.46306969287421040 1.00000 7 
 fake.rf 1440.00000000 50499.47104299459041243 1.00000 7 
 fake.rf 1440.00000000 50509.48040032412573908 1.00000 7 
 fake.rf 1440.00000000 50519.44424948684857668 1.00000 7 
 fake.rf 1440.00000000 50529.37769404496217263 1.00000 7 
 fake.rf 1440.00000000 50539.33147256633681721 1.00000 7 
 fake.rf 1440.00000000 50549.34927989587538377 1.00000 7 
 fake.rf 1440.00000000 50559.34570232755446639 1.00000 7 
 fake.rf 1440.00000000 50569.32207706915948009 1.00000 7 
 fake.rf 1440.00000000 50579.25829949439722810 1.00000 7 
 fake.rf 1440.00000000 50589.26387899900257494 1.00000 7 
 fake.rf 1440.00000000 50599.22197599231729015 1.00000 7 
 fake.rf 1440.00000000 50609.13364209971074104 1.00000 7 
 fake.rf 1440.00000000 50619.11203992883068281 1.00000 7 
 fake.rf 1440.00000000 50629.08900962261033030 1.00000 7 
 fake.rf 1440.00000000 50639.11039313872704071 1.00000 7 
 fake.rf 1440.00000000 50649.06033095866344240 1.00000 7 
 fake.rf 1440.00000000 50659.04673935105599369 1.00000 7 
 fake.rf 1440.00000000 50668.98734824441760338 1.00000 7 
 fake.rf 1440.00000000 50678.98068670109301337 1.00000 7 
 fake.rf 1440.00000000 50688.94044995329812053 1.00000 7 
 fake.rf 1440.00000000 50698.92448872951283789 1.00000 7 
 fake.rf 1440.00000000 50708.93821159109263164 1.00000 7 
 fake.rf 1440.00000000 50718.87771083877432332 1.00000 7 
 fake.rf 1440.00000000 50728.80922335695936809 1.00000 7 
 fake.rf 1440.00000000 50738.78200447575504484 1.00000 7 
 fake.rf 1440.00000000 50748.77218828177251808 1.00000 7 
 fake.rf 1440.00000000 50758.78127217660829373 1.00000 7 
 fake.rf 1440.00000000 50768.71611441651473839 1.00000 7 
 fake.rf 1440.00000000 50778.69702306515558021 1.00000 7 
 fake.rf 1440.00000000 50788.69354624272931886 1.00000 7 
 fake.rf 1440.00000000 50798.63842417680776364 1.00000 7 
 fake.rf 1440.00000000 50808.65461047844444664 1.00000 7 
 fake.rf 1440.00000000 50818.60446193834193096 1.00000 7 
 fake.rf 1440.00000000 50828.54049334404623295 1.00000 7 
 fake.rf 1440.00000000 50838.51742852515750570 1.00000 7 
 fake.rf 1440.00000000 50848.53169621181411486 1.00000 7 
 fake.rf 1440.00000000 50858.51283926389993084 1.00000 7 
 fake.rf 1440.00000000 50868.43016793452532198 1.00000 7 
 fake.rf 1440.00000000 50878.44811463163576803 1.00000 7 
 fake.rf 1440.00000000 50888.39278449248840985 1.00000 7 
 fake.rf 1440.00000000 50898.34299692845927154 1.00000 7 
 fake.rf 1440.00000000 50908.34634492564920905 1.00000 7 
 fake.rf 1440.00000000 50918.31331860157850855 1.00000 7 
 fake.rf 1440.00000000 50928.26923327588143664 1.00000 7 
 fake.rf 1440.00000000 50938.27685530063632768 1.00000 7 
 fake.rf 1440.00000000 50948.20918346513541053 1.00000 7 
 fake.rf 1440.00000000 50958.22567355046403037 1.00000 7 
 fake.rf 1440.00000000 50968.16367505008060235 1.00000 7 
 fake.rf 1440.00000000 50978.14724977933659744 1.00000 7 
 fake.rf 1440.00000000 50988.10104931571490994 1.00000 7 
 fake.rf 1440.00000000 50998.10945172493184785 1.00000 7 
 fake.rf 1440.00000000 51008.10436951977668585 1.00000 7 
 fake.rf 1440.00000000 51018.01586293584025356 1.00000 7 
 fake.rf 1440.00000000 51027.99106893801378249 1.00000 7 
 fake.rf 1440.00000000 51038.02813697856531050 1.00000 7 
 fake.rf 1440.00000000 51047.93971579641638314 1.00000 7 
 fake.rf 1440.00000000 51057.93240990712864757 1.00000 7 
 fake.rf 1440.00000000 51067.92253285265214302 1.00000 7 
 fake.rf 1440.00000000 51077.87959156677016637 1.00000 7 
 fake.rf 1440.00000000 51087.88049866924438192 1.00000 7 
 fake.rf 1440.00000000 51097.81111579471215123 1.00000 7 
 fake.rf 1440.00000000 51107.82369015118840139 1.00000 7 
 fake.rf 1440.00000000 51117.78475446970556817 1.00000 7 
 fake.rf 1440.00000000 51127.77586073762051910 1.00000 7 
 fake.rf 1440.00000000 51137.75177085322777160 1.00000 7 
 fake.rf 1440.00000000 51147.71707472531086580 1.00000 7 
 fake.rf 1440.00000000 51157.66641965550065763 1.00000 7 
 fake.rf 1440.00000000 51167.65077717728577511 1.00000 7 
 fake.rf 1440.00000000 51177.64404738902893044 1.00000 7 
 fake.rf 1440.00000000 51187.55530995174008524 1.00000 7 
 fake.rf 1440.00000000 51197.59497505006248730 1.00000 7 
 fake.rf 1440.00000000 51207.56576203891688692 1.00000 7 
 fake.rf 1440.00000000 51217.50767693963224403 1.00000 7 
 fake.rf 1440.00000000 51227.45828671290831124 1.00000 7 
 fake.rf 1440.00000000 51237.41229265759349332 1.00000 7 
 fake.rf 1440.00000000 51247.38913399207536514 1.00000 7 
 fake.rf 1440.00000000 51257.38270957825648466 1.00000 7 
 fake.rf 1440.00000000 51267.38050996375396196 1.00000 7 
 fake.rf 1440.00000000 51277.32265705627785835 1.00000 7 
 fake.rf 1440.00000000 51287.32711165846573209 1.00000 7 
 fake.rf 1440.00000000 51297.30601592979594372 1.00000 7 
 fake.rf 1440.00000000 51307.28386981999189231 1.00000 7 
 fake.rf 1440.00000000 51317.22721329096349052 1.00000 7 
 fake.rf 1440.00000000 51327.22824860447714812 1.00000 7 
 fake.rf 1440.00000000 51337.20861282512364809 1.00000 7 
 fake.rf 1440.00000000 51347.13299526222327884 1.00000 7 
 fake.rf 1440.00000000 51357.15624704925395250 1.00000 7 
 fake.rf 1440.00000000 51367.07327642881693919 1.00000 7 
 fake.rf 1440.00000000 51377.09841947483148417 1.00000 7 
 fake.rf 1440.00000000 51387.02270099210344867 1.00000 7 
 fake.rf 1440.00000000 51397.05127514630036245 1.00000 7 
 fake.rf 1440.00000000 51406.95100628089869232 1.00000 7 
 fake.rf 1440.00000000 51416.99849986088466736 1.00000 7 
 fake.rf 1440.00000000 51426.93210932321532525 1.00000 7 
 fake.rf 1440.00000000 51436.93358439473332311 1.00000 7 
 fake.rf 1440.00000000 51446.90095909723214973 1.00000 7 
 fake.rf 1440.00000000 51456.82717682903339096 1.00000 7 
 fake.rf 1440.00000000 51466.80530109245071202 1.00000 7 
 fake.rf 1440.00000000 51476.78433763996721240 1.00000 7 
 fake.rf 1440.00000000 51486.73112987340570257 1.00000 7 
 fake.rf 1440.00000000 51496.73115440954246935 1.00000 7 
 fake.rf 1440.00000000 51506.69382707367947205 1.00000 7 
 fake.rf 1440.00000000 51516.72204395690031475 1.00000 7 
 fake.rf 1440.00000000 51526.69128776539621839 1.00000 7 
 fake.rf 1440.00000000 51536.63187444244110580 1.00000 7 
 fake.rf 1440.00000000 51546.64140164155110924 1.00000 7 
 fake.rf 1440.00000000 51556.61479111071957604 1.00000 7 
 fake.rf 1440.00000000 51566.57625772248216123 1.00000 7 
 fake.rf 1440.00000000 51576.52755629648742541 1.00000 7 
 fake.rf 1440.00000000 51586.47039720886364833 1.00000 7 
 fake.rf 1440.00000000 51596.46362275905506323 1.00000 7 
 fake.rf 1440.00000000 51606.42112987238589028 1.00000 7 
 fake.rf 1440.00000000 51616.45246240365258927 1.00000 7 
 fake.rf 1440.00000000 51626.41633572111483019 1.00000 7 
 fake.rf 1440.00000000 51636.31884918189003386 1.00000 7 
 fake.rf 1440.00000000 51646.35785025334347864 1.00000 7 
 fake.rf 1440.00000000 51656.27341033146740656 1.00000 7 
 fake.rf 1440.00000000 51666.30981323933998439 1.00000 7 
 fake.rf 1440.00000000 51676.20981473557489139 1.00000 7 
 fake.rf 1440.00000000 51686.26115548211515716 1.00000 7 
 fake.rf 1440.00000000 51696.16581096755048108 1.00000 7 
 fake.rf 1440.00000000 51706.20502422841204293 1.00000 7 
 fake.rf 1440.00000000 51716.18340049942653280 1.00000 7 
 fake.rf 1440.00000000 51726.07952053698869221 1.00000 7 
 fake.rf 1440.00000000 51736.07964763393099261 1.00000 7 
 fake.rf 1440.00000000 51746.08680329784460739 1.00000 7 
 fake.rf 1440.00000000 51756.06093571109325069 1.00000 7 
 fake.rf 1440.00000000 51766.01458479199138552 1.00000 7 
 fake.rf 1440.00000000 51775.94383577068204261 1.00000 7 
 fake.rf 1440.00000000 51785.92430905562100207 1.00000 7 
 fake.rf 1440.00000000 51795.93538805553836113 1.00000 7 
 fake.rf 1440.00000000 51805.89196791612000936 1.00000 7 
 fake.rf 1440.00000000 51815.86241815663010613 1.00000 7 
 fake.rf 1440.00000000 51825.84568498765497679 1.00000 7 
 fake.rf 1440.00000000 51835.79881301515556657 1.00000 7 
 fake.rf 1440.00000000 51845.82048763907001998 1.00000 7 
 fake.rf 1440.00000000 51855.75725262635959112 1.00000 7 
 fake.rf 1440.00000000 51865.71107450287530938 1.00000 7 
 fake.rf 1440.00000000 51875.72152007130627638 1.00000 7 
 fake.rf 1440.00000000 51885.63688795776848650 1.00000 7 
 fake.rf 1440.00000000 51895.64418839178388865 1.00000 7 
 fake.rf 1440.00000000 51905.59183050683369132 1.00000 7 
 fake.rf 1440.00000000 51915.57534322002680227 1.00000 7 
 fake.rf 1440.00000000 51925.55794715010421569 1.00000 7 
 fake.rf 1440.00000000 51935.58010026183401919 1.00000 7 
 fake.rf 1440.00000000 51945.49343076146123366 1.00000 7 
 fake.rf 1440.00000000 51955.45900674260723662 1.00000 7 
 fake.rf 1440.00000000 51965.42402425747003036 1.00000 7 
 fake.rf 1440.00000000 51975.40106205995418520 1.00000 7 
 fake.rf 1440.00000000 51985.37727719765424084 1.00000 7 
 fake.rf 1440.00000000 51995.33760649509646257 1.00000 7 
 fake.rf 1440.00000000 52005.32993734903220329 1.00000 7 
 fake.rf 1440.00000000 52015.28933675264468661 1.00000 7 
 fake.rf 1440.00000000 52025.25534666631562786 1.00000 7 
 fake.rf 1440.00000000 52035.25443529764700656 1.00000 7 
 fake.rf 1440.00000000 52045.24126608114492853 1.00000 7 
 fake.rf 1440.00000000 52055.24173597897136645 1.00000 7 
 fake.rf 1440.00000000 52065.15892799864230156 1.00000 7 
 fake.rf 1440.00000000 52075.12671222880656785 1.00000 7 
 fake.rf 1440.00000000 52085.16707073345137147 1.00000 7 
 fake.rf 1440.00000000 52095.09204037672335375 1.00000 7 
 fake.rf 1440.00000000 52105.09820798183417523 1.00000 7 
 fake.rf 1440.00000000 52115.03911732716806782 1.00000 7 
 fake.rf 1440.00000000 52125.04517490317923034 1.00000 7 
 fake.rf 1440.00000000 52134.97858032233410697 1.00000 7 
 fake.rf 1440.00000000 52144.98325535235137096 1.00000 7 
 fake.rf 1440.00000000 52154.95495853632932537 1.00000 7 
 fake.rf 1440.00000000 52164.93576667173782724 1.00000 7 
 fake.rf 1440.00000000 52174.92156792145238597 1.00000 7 
 fake.rf 1440.00000000 52184.84768765452432859 1.00000 7 
 fake.rf 1440.00000000 52194.85450128664893654 1.00000 7 
 fake.rf 1440.00000000 52204.79157399805993478 1.00000 7 
 fake.rf 1440.00000000 52214.77597347139106887 1.00000 7 
 fake.rf 1440.00000000 52224.71027082482452641 1.00000 7 
 fake.rf 1440.00000000 52234.74058515531882207 1.00000 7 
 fake.rf 1440.00000000 52244.69110872633254417 1.00000 7 
 fake.rf 1440.00000000 52254.64937425799702808 1.00000 7 
 fake.rf 1440.00000000 52264.67256890096533439 1.00000 7 
 fake.rf 1440.00000000 52274.61541434426079178 1.00000 7 
 fake.rf 1440.00000000 52284.57802199362119566 1.00000 7 
 fake.rf 1440.00000000 52294.52140279244202503 1.00000 7 
 fake.rf 1440.00000000 52304.53521521348262624 1.00000 7 
 fake.rf 1440.00000000 52314.51745808252550773 1.00000 7 
 fake.rf 1440.00000000 52324.44754262413106716 1.00000 7 
 fake.rf 1440.00000000 52334.45466923043630203 1.00000 7 
 fake.rf 1440.00000000 52344.46330500020501830 1.00000 7 
 fake.rf 1440.00000000 52354.40752473760904095 1.00000 7 
 fake.rf 1440.00000000 52364.35909219035609397 1.00000 7 
 fake.rf 1440.00000000 52374.31222435682124328 1.00000 7 
 fake.rf 1440.00000000 52384.33486597978169286 1.00000 7 
 fake.rf 1440.00000000 52394.27076300427099298 1.00000 7 
 fake.rf 1440.00000000 52404.25950244760641894 1.00000 7 
 fake.rf 1440.00000000 52414.23228265569270690 1.00000 7 
 fake.rf 1440.00000000 52424.21972670233948932 1.00000 7 
 fake.rf 1440.00000000 52434.15849469834126850 1.00000 7 
 fake.rf 1440.00000000 52444.17531800932894726 1.00000 7 
 fake.rf 1440.00000000 52454.11140808498700849 1.00000 7 
 fake.rf 1440.00000000 52464.13251697747864100 1.00000 7 
 fake.rf 1440.00000000 52474.07411935296606487 1.00000 7 
 fake.rf 1440.00000000 52484.02331501399018521 1.00000 7 
 fake.rf 1440.00000000 52493.99784794960172007 1.00000 7 
 fake.rf 1440.00000000 52503.97356832379962199 1.00000 7 
 fake.rf 1440.00000000 52513.97047431602595324 1.00000 7 
 fake.rf 1440.00000000 52523.95671113894856674 1.00000 7 
 fake.rf 1440.00000000 52533.89403316482998108 1.00000 7 
 fake.rf 1440.00000000 52543.86522450454873123 1.00000 7 
 fake.rf 1440.00000000 52553.82928919864909645 1.00000 7 
 fake.rf 1440.00000000 52563.83551443853827578 1.00000 7 
 fake.rf 1440.00000000 52573.77387146761243386 1.00000 7 
 fake.rf 1440.00000000 52583.79141923462857378 1.00000 7 
 fake.rf 1440.00000000 52593.70422309529319804 1.00000 7 
 fake.rf 1440.00000000 52603.69659857411284776 1.00000 7 
 fake.rf 1440.00000000 52613.67192981372886962 1.00000 7 
 fake.rf 1440.00000000 52623.67761416157179255 1.00000 7 
 fake.rf 1440.00000000 52633.62737855347232241 1.00000 7 
 fake.rf 1440.00000000 52643.63714064891644639 1.00000 7 
 fake.rf 1440.00000000 52653.59543192820329693 1.00000 7 
 fake.rf 1440.00000000 52663.51672033611258072 1.00000 7 
 fake.rf 1440.00000000 52673.50535423089834097 1.00000 7 
 fake.rf 1440.00000000 52683.52741526711523079 1.00000 7 
 fake.rf 1440.00000000 52693.49864969305571449 1.00000 7 
 fake.rf 1440.00000000 52703.45048491339363395 1.00000 7 
 fake.rf 1440.00000000 52713.40525643997942495 1.00000 7 
 fake.rf 1440.00000000 52723.37657537003315511 1.00000 7 
 fake.rf 1440.00000000 52733.34315895674460961 1.00000 7 
 fake.rf 1440.00000000 52743.34733613987307521 1.00000 7 
 fake.rf 1440.00000000 52753.27944939071829467 1.00000 7 
 fake.rf 1440.00000000 52763.29276070905927298 1.00000 7 
 fake.rf 1440.00000000 52773.26201781604339658 1.00000 7 
 fake.rf 1440.00000000 52783.24637107534944036 1.00000 7 
 fake.rf 1440.00000000 52793.15284902428153302 1.00000 7 
 fake.rf 1440.00000000 52803.20727674345488012 1.00000 7 
 fake.rf 1440.00000000 52813.11132136535298898 1.00000 7 
 fake.rf 1440.00000000 52823.12534305658230238 1.00000 7 
 fake.rf 1440.00000000 52833.10997858312006770 1.00000 7 
 fake.rf 1440.00000000 52843.06198288546285369 1.00000 7 
 fake.rf 1440.00000000 52852.99116687405003034 1.00000 7 
 fake.rf 1440.00000000 52862.96717142480229512 1.00000 7 
 fake.rf 1440.00000000 52872.95270535758724861 1.00000 7 
 fake.rf 1440.00000000 52882.93088401463335302 1.00000 7 
 fake.rf 1440.00000000 52892.95174073964118122 1.00000 7 
 fake.rf 1440.00000000 52902.87738286177980385 1.00000 7 
 fake.rf 1440.00000000 52912.87524135128365543 1.00000 7 
 fake.rf 1440.00000000 52922.81540017340103788 1.00000 7 
 fake.rf 1440.00000000 52932.77403107341223887 1.00000 7 
 fake.rf 1440.00000000 52942.74895824187577986 1.00000 7 
 fake.rf 1440.00000000 52952.72618355604519280 1.00000 7 
 fake.rf 1440.00000000 52962.75374331991374888 1.00000 7 
 fake.rf 1440.00000000 52972.67726324728345233 1.00000 7 
 fake.rf 1440.00000000 52982.67042680135184440 1.00000 7 
 fake.rf 1440.00000000 52992.66401860918742628 1.00000 7 
 fake.rf 1440.00000000 53002.58607728274233395 1.00000 7 
 fake.rf 1440.00000000 53012.55838038078102770 1.00000 7 
 fake.rf 1440.00000000 53022.53404804675750484 1.00000 7 
 fake.rf 1440.00000000 53032.53806335445350228 1.00000 7 
 fake.rf 1440.00000000 53042.50425437722003608 1.00000 7 
 fake.rf 1440.00000000 53052.51140356703947276 1.00000 7 
 fake.rf 1440.00000000 53062.47483638680094842 1.00000 7 
 fake.rf 1440.00000000 53072.39830974578358891 1.00000 7 
 fake.rf 1440.00000000 53082.40202043850463554 1.00000 7 
 fake.rf 1440.00000000 53092.37711078061230552 1.00000 7 
 fake.rf 1440.00000000 53102.31769982378793316 1.00000 7 
 fake.rf 1440.00000000 53112.31980918167667127 1.00000 7 
 fake.rf 1440.00000000 53122.30958190720606638 1.00000 7 
 fake.rf 1440.00000000 53132.29149691656736465 1.00000 7 
 fake.rf 1440.00000000 53142.22221276641350940 1.00000 7 
 fake.rf 1440.00000000 53152.19129414387360555 1.00000 7 
 fake.rf 1440.00000000 53162.21303081031570059 1.00000 7 
 fake.rf 1440.00000000 53172.14705556154771671 1.00000 7 
 fake.rf 1440.00000000 53182.12897520643010552 1.00000 7 
 fake.rf 1440.00000000 53192.07286155107987469 1.00000 7 
 fake.rf 1440.00000000 53202.05504734339611517 1.00000 7 
 fake.rf 1440.00000000 53212.07324672072674687 1.00000 7 
 fake.rf 1440.00000000 53222.04229586657261564 1.00000 7 
 fake.rf 1440.00000000 53231.99194484637373748 1.00000 7 
 fake.rf 1440.00000000 53241.99607943249136000 1.00000 7 
 fake.rf 1440.00000000 53251.96736011224477281 1.00000 7 
 fake.rf 1440.00000000 53261.92153880069918515 1.00000 7 
 fake.rf 1440.00000000 53271.89720404385065677 1.00000 7 
 fake.rf 1440.00000000 53281.81930905566474621 1.00000 7 
 fake.rf 1440.00000000 53291.79395561634091294 1.00000 7 
 fake.rf 1440.00000000 53301.79051704388740518 1.00000 7 
 fake.rf 1440.00000000 53311.74531833959517968 1.00000 7 
 fake.rf 1440.00000000 53321.71957232531743287 1.00000 7 
 fake.rf 1440.00000000 53331.71910579688121956 1.00000 7 
 fake.rf 1440.00000000 53341.70522666075976659 1.00000 7 
 fake.rf 1440.00000000 53351.67297603422657559 1.00000 7 
 fake.rf 1440.00000000 53361.62362974036922481 1.00000 7 
 fake.rf 1440.00000000 53371.60048772476703149 1.00000 7 
 fake.rf 1440.00000000 53381.60234815126612773 1.00000 7 
 fake.rf 1440.00000000 53391.58401684200607562 1.00000 7 
 fake.rf 1440.00000000 53401.56326959646280628 1.00000 7 
 fake.rf 1440.00000000 53411.53302327645360847 1.00000 7 
 fake.rf 1440.00000000 53421.46077235526159299 1.00000 7 
 fake.rf 1440.00000000 53431.45710215616109906 1.00000 7 
 fake.rf 1440.00000000 53441.43607520083200058 1.00000 7 
 fake.rf 1440.00000000 53451.40517785564551545 1.00000 7 
 fake.rf 1440.00000000 53461.39789330625071173 1.00000 7 
 fake.rf 1440.00000000 53471.34257400567075180 1.00000 7 
 fake.rf 1440.00000000 53481.27300575766139090 1.00000 7 
 fake.rf 1440.00000000 53491.27494516089771537 1.00000 7 
 fake.rf 1440.00000000 53501.27414991374642383 1.00000 7 
 fake.rf 1440.00000000 53511.21407177765555119 1.00000 7 
 fake.rf 1440.00000000 53521.17818153289152150 1.00000 7 
 fake.rf 1440.00000000 53531.17373975279401321 1.00000 7 
 fake.rf 1440.00000000 53541.17394833161135992 1.00000 7 
 fake.rf 1440.00000000 53551.08616358643633504 1.00000 7 
 fake.rf 1440.00000000 53561.08030690264464724 1.00000 7 
 fake.rf 1440.00000000 53571.06199844741056282 1.00000 7 
 fake.rf 1440.00000000 53581.06051672424521115 1.00000 7 
 fake.rf 1440.00000000 53591.00406926366562388 1.00000 7 
 fake.rf 1440.00000000 53600.98771170767960825 1.00000 7 
 fake.rf 1440.00000000 53610.92676241347386323 1.00000 7 
 fake.rf 1440.00000000 53620.93575395334244860 1.00000 7 
 fake.rf 1440.00000000 53630.92095477234775913 1.00000 7 
 fake.rf 1440.00000000 53640.88684318471617729 1.00000 7 
 fake.rf 1440.00000000 53650.82592663284629353 1.00000 7 
 fake.rf 1440.00000000 53660.80618117110448395 1.00000 7 
