FORMAT 1
 fake.rf 1440.00000000 50000.48401408851330885 1.00000 7 
 fake.rf 1440.00000000 50010.49386013440210874 1.00000 7 
 fake.rf 1440.00000000 50020.43416277882411336 1.00000 7 
 fake.rf 1440.00000000 50030.40558007784192185 1.00000 7 
 fake.rf 1440.00000000 50040.36884178708701043 1.00000 7 
 fake.rf 1440.00000000 50050.40104546446970346 1.00000 7 
 fake.rf 1440.00000000 50060.36226852927312336 1.00000 7 
 fake.rf 1440.00000000 50070.29888024987087292 1.00000 7 
 fake.rf 1440.00000000 50080.31244719344890015 1.00000 7 
 fake.rf 1440.00000000 50090.26212654514679201 1.00000 7 
 fake.rf 1440.00000000 50100.24120328526553436 1.00000 7 
 fake.rf 1440.00000000 50110.20127615914105590 1.00000 7 
 fake.rf 1440.00000000 50120.19597902944915546 1.00000 7 
 fake.rf 1440.00000000 50130.15628996587969368 1.00000 7 
 fake.rf 1440.00000000 50140.09241658440592460 1.00000 7 
 fake.rf 1440.00000000 50150.06811516541252516 1.00000 7 
 fake.rf 1440.00000000 50160.06418442570293337 1.00000 7 
 fake.rf 1440.00000000 50170.03008133229470289 1.00000 7 
 fake.rf 1440.00000000 50180.05075152449092712 1.00000 7 
 fake.rf 1440.00000000 50189.98466667084839088 1.00000 7 
 fake.rf 1440.00000000 50200.00658466996090112 1.00000 7 
 fake.rf 1440.00000000 50209.96039817943763239 1.00000 7 
 fake.rf 1440.00000000 50219.94189841065115942 1.00000 7 
 fake.rf 1440.00000000 50229.85901532551129023 1.00000 7 
 fake.rf 1440.00000000 50239.88566916385561711 1.00000 7 
 fake.rf 1440.00000000 50249.83800936088718103 1.00000 7 
 fake.rf 1440.00000000 50259.83330118191869573 1.00000 7 
 fake.rf 1440.00000000 50269.80774534791013863 1.00000 7 
 fake.rf 1440.00000000 50279.70626466878307426 1.00000 7 
 fake.rf 1440.00000000 50289.74401598332889662 1.00000 7 
 fake.rf 1440.00000000 50299.69215537282762085 1.00000 7 
 fake.rf 1440.00000000 50309.63766935780818201 1.00000 7 
 fake.rf 1440.00000000 50319.62923773005137917 1.00000 7 
 fake.rf 1440.00000000 50329.62831745772574621 1.00000 7 
 fake.rf 1440.00000000 50339.57255305402032519 1.00000 7 
 fake.rf 1440.00000000 50349.55468749579380017 1.00000 7 
 fake.rf 1440.00000000 50359.52994180620847686 1.00000 7 
 fake.rf 1440.00000000 50369.46270483049211109 1.00000 7 
 fake.rf 1440.00000000 50379.49208868319108845 1.00000 7 
 fake.rf 1440.00000000 50389.42488091791708626 1.00000 7 
 fake.rf 1440.00000000 50399.41796097777304553 1.00000 7 
 fake.rf 1440.00000000 50409.37039260334260860 1.00000 7 
 fake.rf 1440.00000000 50419.37389535935956530 1.00000 7 
 fake.rf 1440.00000000 50429.30564929719164269 1.00000 7 
 fake.rf 1440.00000000 50439.32902948899658924 1.00000 7 
 fake.rf 1440.00000000 50449.29596318128188770 1.00000 7 
 fake.rf 1440.00000000 50459.23072003347959580 1.00000 7 
 fake.rf 1440.00000000 50469.19414050907663594 1.00000 7 
 fake.rf 1440.00000000 50479.23760879089023845 1.00000 7 
 fake.rf 1440.00000000 50489.13700679178162645 1.00000 7 
 fake.rf 1440.00000000 50499.14498011164157631 1.00000 7 
 fake.rf 1440.00000000 50509.15433740068211321 1.00000 7 
 fake.rf 1440.00000000 50519.11818655878624540 1.00000 7 
 fake.rf 1440.00000000 50529.05163118350218099 1.00000 7 
 fake.rf 1440.00000000 50539.00540967747907928 1.00000 7 
 fake.rf 1440.00000000 50549.02321696960834174 1.00000 7 
 fake.rf 1440.00000000 50559.01963946956229279 1.00000 7 
 fake.rf 1440.00000000 50568.99601413051686905 1.00000 7 
 fake.rf 1440.00000000 50578.93223661562620208 1.00000 7 
 fake.rf 1440.00000000 50588.93781607888783114 1.00000 7 
 fake.rf 1440.00000000 50598.89591306214264677 1.00000 7 
 fake.rf 1440.00000000 50608.80757922050147712 1.00000 7 
 fake.rf 1440.00000000 50618.78597703979625777 1.00000 7 
 fake.rf 1440.00000000 50628.76294675367092069 1.00000 7 
 fake.rf 1440.00000000 50638.78433027830279656 1.00000 7 
 fake.rf 1440.00000000 50648.73426803235658866 1.00000 7 
 fake.rf 1440.00000000 50658.72067649158689306 1.00000 7 
 fake.rf 1440.00000000 50668.66128533812673851 1.00000 7 
 fake.rf 1440.00000000 50678.65462381523620650 1.00000 7 
 fake.rf 1440.00000000 50688.61438710877312275 1.00000 7 
 fake.rf 1440.00000000 50698.59842584468613680 1.00000 7 
 fake.rf 1440.00000000 50708.61214871576832408 1.00000 7 
 fake.rf 1440.00000000 50718.55164796782592518 1.00000 7 
 fake.rf 1440.00000000 50728.48316050495034091 1.00000 7 
 fake.rf 1440.00000000 50738.45594159988273475 1.00000 7 
 fake.rf 1440.00000000 50748.44612540075378249 1.00000 7 
 fake.rf 1440.00000000 50758.45520928550863360 1.00000 7 
 fake.rf 1440.00000000 50768.39005157428366033 1.00000 7 
 fake.rf 1440.00000000 50778.37096018582212764 1.00000 7 
 fake.rf 1440.00000000 50788.36748333823235768 1.00000 7 
 fake.rf 1440.00000000 50798.31236129239464816 1.00000 7 
 fake.rf 1440.00000000 50808.32854758276475948 1.00000 7 
 fake.rf 1440.00000000 50818.27839904197554688 1.00000 7 
 fake.rf 1440.00000000 50828.21443045459400523 1.00000 7 
 fake.rf 1440.00000000 50838.19136567385173109 1.00000 7 
 fake.rf 1440.00000000 50848.20563328609796727 1.00000 7 
 fake.rf 1440.00000000 50858.18677639091255571 1.00000 7 
 fake.rf 1440.00000000 50868.10410506722302060 1.00000 7 
 fake.rf 1440.00000000 50878.12205171893715416 1.00000 7 
 fake.rf 1440.00000000 50888.06672158368241909 1.00000 7 
 fake.rf 1440.00000000 50898.01693408060048895 1.00000 7 
 fake.rf 1440.00000000 50908.02028207457018283 1.00000 7 
 fake.rf 1440.00000000 50917.98725574048092568 1.00000 7 
 fake.rf 1440.00000000 50927.94317039314143258 1.00000 7 
 fake.rf 1440.00000000 50937.95079242727618407 1.00000 7 
 fake.rf 1440.00000000 50947.88312057498590946 1.00000 7 
 fake.rf 1440.00000000 50957.89961069080767331 1.00000 7 
 fake.rf 1440.00000000 50967.83761214412855978 1.00000 7 
 fake.rf 1440.00000000 50977.82118686031549970 1.00000 7 
 fake.rf 1440.00000000 50987.77498640566350829 1.00000 7 
 fake.rf 1440.00000000 50997.78338887901481513 1.00000 7 
 fake.rf 1440.00000000 51007.77830664688166706 1.00000 7 
 fake.rf 1440.00000000 51017.68980006471513633 1.00000 7 
 fake.rf 1440.00000000 51027.66500608057306820 1.00000 7 
 fake.rf 1440.00000000 51037.70207409792672948 1.00000 7 
 fake.rf 1440.00000000 51047.61365290608653922 1.00000 7 
 fake.rf 1440.00000000 51057.60634701499217059 1.00000 7 
 fake.rf 1440.00000000 51067.59646993634336098 1.00000 7 
 fake.rf 1440.00000000 51077.55352873077471187 1.00000 7 
 fake.rf 1440.00000000 51087.55443580109968593 1.00000 7 
 fake.rf 1440.00000000 51097.48505288155690351 1.00000 7 
 fake.rf 1440.00000000 51107.49762725501468452 1.00000 7 
 fake.rf 1440.00000000 51117.45869159328744047 1.00000 7 
 fake.rf 1440.00000000 51127.44979786004642008 1.00000 7 
 fake.rf 1440.00000000 51137.42570799702679807 1.00000 7 
 fake.rf 1440.00000000 51147.39101184009541257 1.00000 7 
 fake.rf 1440.00000000 51157.34035676228914369 1.00000 7 
 fake.rf 1440.00000000 51167.32471432510872589 1.00000 7 
 fake.rf 1440.00000000 51177.31798449609692625 1.00000 7 
 fake.rf 1440.00000000 51187.22924705924808109 1.00000 7 
 fake.rf 1440.00000000 51197.26891215843566485 1.00000 7 
 fake.rf 1440.00000000 51207.23969911515208864 1.00000 7 
 fake.rf 1440.00000000 51217.18161408950015812 1.00000 7 
 fake.rf 1440.00000000 51227.13222382872839233 1.00000 7 
 fake.rf 1440.00000000 51237.08622975017578582 1.00000 7 
 fake.rf 1440.00000000 51247.06307107037314097 1.00000 7 
 fake.rf 1440.00000000 51257.05664665935829660 1.00000 7 
 fake.rf 1440.00000000 51267.05444705687853357 1.00000 7 
 fake.rf 1440.00000000 51276.99659415143294083 1.00000 7 
 fake.rf 1440.00000000 51287.00104875998576048 1.00000 7 
 fake.rf 1440.00000000 51296.97995305547733480 1.00000 7 
 fake.rf 1440.00000000 51306.95780696991550229 1.00000 7 
 fake.rf 1440.00000000 51316.90115038195514785 1.00000 7 
 fake.rf 1440.00000000 51326.90218567684784645 1.00000 7 
 fake.rf 1440.00000000 51336.88254993242125934 1.00000 7 
 fake.rf 1440.00000000 51346.80693237801509099 1.00000 7 
 fake.rf 1440.00000000 51356.83018416405795037 1.00000 7 
 fake.rf 1440.00000000 51366.74721355810895318 1.00000 7 
 fake.rf 1440.00000000 51376.77235657810282277 1.00000 7 
 fake.rf 1440.00000000 51386.69663810706643403 1.00000 7 
 fake.rf 1440.00000000 51396.72521223864621120 1.00000 7 
 fake.rf 1440.00000000 51406.62494340394694703 1.00000 7 
 fake.rf 1440.00000000 51416.67243699512292210 1.00000 7 
 fake.rf 1440.00000000 51426.60604645252859157 1.00000 7 
 fake.rf 1440.00000000 51436.60752155222758475 1.00000 7 
 fake.rf 1440.00000000 51446.57489620830848054 1.00000 7 
 fake.rf 1440.00000000 51456.50111388776395671 1.00000 7 
 fake.rf 1440.00000000 51466.47923821396965849 1.00000 7 
 fake.rf 1440.00000000 51476.45827478074031092 1.00000 7 
 fake.rf 1440.00000000 51486.40506698903894645 1.00000 7 
 fake.rf 1440.00000000 51496.40509155319562140 1.00000 7 
 fake.rf 1440.00000000 51506.36776419556340301 1.00000 7 
 fake.rf 1440.00000000 51516.39598104271830081 1.00000 7 
 fake.rf 1440.00000000 51526.36522489191361629 1.00000 7 
 fake.rf 1440.00000000 51536.30581155172181340 1.00000 7 
 fake.rf 1440.00000000 51546.31533872164843046 1.00000 7 
 fake.rf 1440.00000000 51556.28872823619978760 1.00000 7 
 fake.rf 1440.00000000 51566.25019483336512138 1.00000 7 
 fake.rf 1440.00000000 51576.20149337563697856 1.00000 7 
 fake.rf 1440.00000000 51586.14433431044379930 1.00000 7 
 fake.rf 1440.00000000 51596.13755987232793743 1.00000 7 
 fake.rf 1440.00000000 51606.09506700128959622 1.00000 7 
 fake.rf 1440.00000000 51616.12639951417245499 1.00000 7 
 fake.rf 1440.00000000 51626.09027284860795248 1.00000 7 
 fake.rf 1440.00000000 51635.99278628176755745 1.00000 7 
 fake.rf 1440.00000000 51646.03178734616443890 1.00000 7 
 fake.rf 1440.00000000 51655.94734742141737627 1.00000 7 
 fake.rf 1440.00000000 51665.98375039909979023 1.00000 7 
 fake.rf 1440.00000000 51675.88375184943983953 1.00000 7 
 fake.rf 1440.00000000 51685.93509259761574270 1.00000 7 
 fake.rf 1440.00000000 51695.83974811489982315 1.00000 7 
 fake.rf 1440.00000000 51705.87896134212737209 1.00000 7 
 fake.rf 1440.00000000 51715.85733759027593592 1.00000 7 
 fake.rf 1440.00000000 51725.75345767793612950 1.00000 7 
 fake.rf 1440.00000000 51735.75358473551411009 1.00000 7 
 fake.rf 1440.00000000 51745.76074039682254480 1.00000 7 
 fake.rf 1440.00000000 51755.73487277903272030 1.00000 7 
 fake.rf 1440.00000000 51765.68852190079537223 1.00000 7 
 fake.rf 1440.00000000 51775.61777283931498417 1.00000 7 
 fake.rf 1440.00000000 51785.59824615777534973 1.00000 7 
 fake.rf 1440.00000000 51795.60932511392091726 1.00000 7 
 fake.rf 1440.00000000 51805.56590497613776236 1.00000 7 
 fake.rf 1440.00000000 51815.53635523308965816 1.00000 7 
 fake.rf 1440.00000000 51825.51962209593568076 1.00000 7 
 fake.rf 1440.00000000 51835.47275013764462770 1.00000 7 
 fake.rf 1440.00000000 51845.49442474656700597 1.00000 7 
 fake.rf 1440.00000000 51855.43118973550006245 1.00000 7 
 fake.rf 1440.00000000 51865.38501158800124813 1.00000 7 
 fake.rf 1440.00000000 51875.39545717064626373 1.00000 7 
 fake.rf 1440.00000000 51885.31082504359642726 1.00000 7 
 fake.rf 1440.00000000 51895.31812548294541187 1.00000 7 
 fake.rf 1440.00000000 51905.26576757733691636 1.00000 7 
 fake.rf 1440.00000000 51915.24928030977536508 1.00000 7 
 fake.rf 1440.00000000 51925.23188423571188466 1.00000 7 
 fake.rf 1440.00000000 51935.25403734985643212 1.00000 7 
 fake.rf 1440.00000000 51945.16736782200954892 1.00000 7 
 fake.rf 1440.00000000 51955.13294387609688485 1.00000 7 
 fake.rf 1440.00000000 51965.09796137679382610 1.00000 7 
 fake.rf 1440.00000000 51975.07499913183259821 1.00000 7 
 fake.rf 1440.00000000 51985.05121431943217658 1.00000 7 
 fake.rf 1440.00000000 51995.01154356309582738 1.00000 7 
 fake.rf 1440.00000000 52005.00387449585266708 1.00000 7 
 fake.rf 1440.00000000 52014.96327389685166764 1.00000 7 
 fake.rf 1440.00000000 52024.92928377157865327 1.00000 7 
 fake.rf 1440.00000000 52034.92837241324426500 1.00000 7 
 fake.rf 1440.00000000 52044.91520322137919052 1.00000 7 
 fake.rf 1440.00000000 52054.91567307290914002 1.00000 7 
 fake.rf 1440.00000000 52064.83286512099705590 1.00000 7 
 fake.rf 1440.00000000 52074.80064933197197874 1.00000 7 
 fake.rf 1440.00000000 52084.84100788921349334 1.00000 7 
 fake.rf 1440.00000000 52094.76597750635840356 1.00000 7 
 fake.rf 1440.00000000 52104.77214506349990941 1.00000 7 
 fake.rf 1440.00000000 52114.71305445135437751 1.00000 7 
 fake.rf 1440.00000000 52124.71911198424468736 1.00000 7 
 fake.rf 1440.00000000 52134.65251744407328260 1.00000 7 
 fake.rf 1440.00000000 52144.65719248206954006 1.00000 7 
 fake.rf 1440.00000000 52154.62889567682088199 1.00000 7 
 fake.rf 1440.00000000 52164.60970376416209149 1.00000 7 
 fake.rf 1440.00000000 52174.59550502314349529 1.00000 7 
 fake.rf 1440.00000000 52184.52162474631652245 1.00000 7 
 fake.rf 1440.00000000 52194.52843836210965378 1.00000 7 
 fake.rf 1440.00000000 52204.46551110584393030 1.00000 7 
 fake.rf 1440.00000000 52214.44991059102203579 1.00000 7 
 fake.rf 1440.00000000 52224.38420796194261797 1.00000 7 
 fake.rf 1440.00000000 52234.41452224980123376 1.00000 7 
 fake.rf 1440.00000000 52244.36504586077773027 1.00000 7 
 fake.rf 1440.00000000 52254.32331138502728152 1.00000 7 
 fake.rf 1440.00000000 52264.34650606694620123 1.00000 7 
 fake.rf 1440.00000000 52274.28935147636992298 1.00000 7 
 fake.rf 1440.00000000 52284.25195911229493362 1.00000 7 
 fake.rf 1440.00000000 52294.19533992738802297 1.00000 7 
 fake.rf 1440.00000000 52304.20915226818569721 1.00000 7 
 fake.rf 1440.00000000 52314.19139519155867291 1.00000 7 
 fake.rf 1440.00000000 52324.12147974396219752 1.00000 7 
 fake.rf 1440.00000000 52334.12860633448719483 1.00000 7 
 fake.rf 1440.00000000 52344.13724213978763800 1.00000 7 
 fake.rf 1440.00000000 52354.08146186051292048 1.00000 7 
 fake.rf 1440.00000000 52364.03302930951729977 1.00000 7 
 fake.rf 1440.00000000 52373.98616149606112202 1.00000 7 
 fake.rf 1440.00000000 52384.00880313722770865 1.00000 7 
 fake.rf 1440.00000000 52393.94470007607001705 1.00000 7 
 fake.rf 1440.00000000 52403.93343957757632623 1.00000 7 
 fake.rf 1440.00000000 52413.90621980001290581 1.00000 7 
 fake.rf 1440.00000000 52423.89366378713135930 1.00000 7 
 fake.rf 1440.00000000 52433.83243182343562339 1.00000 7 
 fake.rf 1440.00000000 52443.84925511057226899 1.00000 7 
 fake.rf 1440.00000000 52453.78534520331816537 1.00000 7 
 fake.rf 1440.00000000 52463.80645404115096397 1.00000 7 
 fake.rf 1440.00000000 52473.74805644782054515 1.00000 7 
 fake.rf 1440.00000000 52483.69725210831149198 1.00000 7 
 fake.rf 1440.00000000 52493.67178507806259091 1.00000 7 
 fake.rf 1440.00000000 52503.64750543732407451 1.00000 7 
 fake.rf 1440.00000000 52513.64441145106213682 1.00000 7 
 fake.rf 1440.00000000 52523.63064822642429519 1.00000 7 
 fake.rf 1440.00000000 52533.56797029275853461 1.00000 7 
 fake.rf 1440.00000000 52543.53916162146053281 1.00000 7 
 fake.rf 1440.00000000 52553.50322632138666989 1.00000 7 
 fake.rf 1440.00000000 52563.50945155081979365 1.00000 7 
 fake.rf 1440.00000000 52573.44780857467196711 1.00000 7 
 fake.rf 1440.00000000 52583.46535635416661236 1.00000 7 
 fake.rf 1440.00000000 52593.37816024342630783 1.00000 7 
 fake.rf 1440.00000000 52603.37053571083061954 1.00000 7 
 fake.rf 1440.00000000 52613.34586690520861652 1.00000 7 
 fake.rf 1440.00000000 52623.35155131440263787 1.00000 7 
 fake.rf 1440.00000000 52633.30131566359527184 1.00000 7 
 fake.rf 1440.00000000 52643.31107776696040190 1.00000 7 
 fake.rf 1440.00000000 52653.26936903486650365 1.00000 7 
 fake.rf 1440.00000000 52663.19065743014768088 1.00000 7 
 fake.rf 1440.00000000 52673.17929132871146081 1.00000 7 
 fake.rf 1440.00000000 52683.20135241871131981 1.00000 7 
 fake.rf 1440.00000000 52693.17258679221062323 1.00000 7 
 fake.rf 1440.00000000 52703.12442202020975657 1.00000 7 
 fake.rf 1440.00000000 52713.07919353697480247 1.00000 7 
 fake.rf 1440.00000000 52723.05051248440917178 1.00000 7 
 fake.rf 1440.00000000 52733.01709602343877492 1.00000 7 
 fake.rf 1440.00000000 52743.02127325649771095 1.00000 7 
 fake.rf 1440.00000000 52752.95338651817488085 1.00000 7 
 fake.rf 1440.00000000 52762.96669780593515497 1.00000 7 
 fake.rf 1440.00000000 52772.93595494720201344 1.00000 7 
 fake.rf 1440.00000000 52782.92030818223119226 1.00000 7 
 fake.rf 1440.00000000 52792.82678614218799851 1.00000 7 
 fake.rf 1440.00000000 52802.88121390162825719 1.00000 7 
 fake.rf 1440.00000000 52812.78525848138293597 1.00000 7 
 fake.rf 1440.00000000 52822.79928018673859569 1.00000 7 
 fake.rf 1440.00000000 52832.78391569304091391 1.00000 7 
 fake.rf 1440.00000000 52842.73591999162385235 1.00000 7 
 fake.rf 1440.00000000 52852.66510400968670069 1.00000 7 
 fake.rf 1440.00000000 52862.64110856346832534 1.00000 7 
 fake.rf 1440.00000000 52872.62664249415662709 1.00000 7 
 fake.rf 1440.00000000 52882.60482115175366502 1.00000 7 
 fake.rf 1440.00000000 52892.62567781651273791 1.00000 7 
 fake.rf 1440.00000000 52902.55131996941539541 1.00000 7 
 fake.rf 1440.00000000 52912.54917845426138712 1.00000 7 
 fake.rf 1440.00000000 52922.48933729616984678 1.00000 7 
 fake.rf 1440.00000000 52932.44796818111680992 1.00000 7 
 fake.rf 1440.00000000 52942.42289534744930890 1.00000 7 
 fake.rf 1440.00000000 52952.40012066209208186 1.00000 7 
 fake.rf 1440.00000000 52962.42768040370343741 1.00000 7 
 fake.rf 1440.00000000 52972.35120038319380598 1.00000 7 
 fake.rf 1440.00000000 52982.34436391963507162 1.00000 7 
 fake.rf 1440.00000000 52992.33795571326580287 1.00000 7 
 fake.rf 1440.00000000 53002.26001437484182333 1.00000 7 
 fake.rf 1440.00000000 53012.23231750092099190 1.00000 7 
 fake.rf 1440.00000000 53022.20798518606484606 1.00000 7 
 fake.rf 1440.00000000 53032.21200044284352870 1.00000 7 
 fake.rf 1440.00000000 53042.17819145342162201 1.00000 7 
 fake.rf 1440.00000000 53052.18534069819505916 1.00000 7 
 fake.rf 1440.00000000 53062.14877349168306964 1.00000 7 
 fake.rf 1440.00000000 53072.07224687524429996 1.00000 7 
 fake.rf 1440.00000000 53082.07595753551887086 1.00000 7 
 fake.rf 1440.00000000 53092.05104794253592360 1.00000 7 
 fake.rf 1440.00000000 53101.99163694431689109 1.00000 7 
 fake.rf 1440.00000000 53111.99374632855443323 1.00000 7 
 fake.rf 1440.00000000 53121.98351900777567636 1.00000 7 
 fake.rf 1440.00000000 53131.96543400895918197 1.00000 7 
 fake.rf 1440.00000000 53141.89614991084901519 1.00000 7 
 fake.rf 1440.00000000 53151.86523123948827418 1.00000 7 
 fake.rf 1440.00000000 53161.88696790909338219 1.00000 7 
 fake.rf 1440.00000000 53171.82099271618917768 1.00000 7 
 fake.rf 1440.00000000 53181.80291227682929645 1.00000 7 
 fake.rf 1440.00000000 53191.74679861739120668 1.00000 7 
 fake.rf 1440.00000000 53201.72898442843384359 1.00000 7 
 fake.rf 1440.00000000 53211.74718381680873236 1.00000 7 
 fake.rf 1440.00000000 53221.71623295371472295 1.00000 7 
 fake.rf 1440.00000000 53231.66588195897957547 1.00000 7 
 fake.rf 1440.00000000 53241.67001654498558239 1.00000 7 
 fake.rf 1440.00000000 53251.64129723381309844 1.00000 7 
 fake.rf 1440.00000000 53261.59547589174172799 1.00000 7 
 fake.rf 1440.00000000 53271.57114118229706179 1.00000 7 
 fake.rf 1440.00000000 53281.49324617842639995 1.00000 7 
 fake.rf 1440.00000000 53291.46789270420628526 1.00000 7 
 fake.rf 1440.00000000 53301.46445414951027786 1.00000 7 
 fake.rf 1440.00000000 53311.41925543750853578 1.00000 7 
 fake.rf 1440.00000000 53321.39350945753501776 1.00000 7 
 fake.rf 1440.00000000 53331.39304288197524428 1.00000 7 
 fake.rf 1440.00000000 53341.37916382167268736 1.00000 7 
 fake.rf 1440.00000000 53351.34691317866557014 1.00000 7 
 fake.rf 1440.00000000 53361.29756683718616017 1.00000 7 
 fake.rf 1440.00000000 53371.27442485746473722 1.00000 7 
 fake.rf 1440.00000000 53381.27628524443021618 1.00000 7 
 fake.rf 1440.00000000 53391.25795392641053994 1.00000 7 
 fake.rf 1440.00000000 53401.23720666994230655 1.00000 7 
 fake.rf 1440.00000000 53411.20696042392316727 1.00000 7 
 fake.rf 1440.00000000 53421.13470949375332708 1.00000 7 
 fake.rf 1440.00000000 53431.13103923644315074 1.00000 7 
 fake.rf 1440.00000000 53441.11001228752693848 1.00000 7 
 fake.rf 1440.00000000 53451.07911494805217600 1.00000 7 
 fake.rf 1440.00000000 53461.07183039275931691 1.00000 7 
 fake.rf 1440.00000000 53471.01651113713480257 1.00000 7 
 fake.rf 1440.00000000 53480.94694289633083528 1.00000 7 
 fake.rf 1440.00000000 53490.94888224960167022 1.00000 7 
 fake.rf 1440.00000000 53500.94808701572890186 1.00000 7 
 fake.rf 1440.00000000 53510.88800887764132241 1.00000 7 
 fake.rf 1440.00000000 53520.85211862536501926 1.00000 7 
 fake.rf 1440.00000000 53530.84767688689000664 1.00000 7 
 fake.rf 1440.00000000 53540.84788544109721542 1.00000 7 
 fake.rf 1440.00000000 53550.76010069534329361 1.00000 7 
 fake.rf 1440.00000000 53560.75424399195562941 1.00000 7 
 fake.rf 1440.00000000 53570.73593557235581741 1.00000 7 
 fake.rf 1440.00000000 53580.73445378117983395 1.00000 7 
 fake.rf 1440.00000000 53590.67800640630370879 1.00000 7 
 fake.rf 1440.00000000 53600.66164879744751914 1.00000 7 
 fake.rf 1440.00000000 53610.60069951034801505 1.00000 7 
 fake.rf 1440.00000000 53620.60969105116038591 1.00000 7 
 fake.rf 1440.00000000 53630.59489185530487987 1.00000 7 
 fake.rf 1440.00000000 53640.56078029408530838 1.00000 7 
 fake.rf 1440.00000000 53650.49986374098225284 1.00000 7 
 fake.rf 1440.00000000 53660.48011826395582702 1.00000 7 
