FORMAT 1
 fake.rf 1440.00000000 50000.40668485059406478 1.00000 7 
 fake.rf 1440.00000000 50010.41653091829030586 1.00000 7 
 fake.rf 1440.00000000 50020.35683353981846011 1.00000 7 
 fake.rf 1440.00000000 50030.32825081156757818 1.00000 7 
 fake.rf 1440.00000000 50040.29151253677459721 1.00000 7 
 fake.rf 1440.00000000 50050.32371620702848602 1.00000 7 
 fake.rf 1440.00000000 50060.28493925314895563 1.00000 7 
 fake.rf 1440.00000000 50070.22155102856228126 1.00000 7 
 fake.rf 1440.00000000 50080.23511795111851086 1.00000 7 
 fake.rf 1440.00000000 50090.18479733155671951 1.00000 7 
 fake.rf 1440.00000000 50100.16387408467420883 1.00000 7 
 fake.rf 1440.00000000 50110.12394690208262205 1.00000 7 
 fake.rf 1440.00000000 50120.11864978564774020 1.00000 7 
 fake.rf 1440.00000000 50130.07896074231394223 1.00000 7 
 fake.rf 1440.00000000 50140.01508734647527987 1.00000 7 
 fake.rf 1440.00000000 50149.99078589865023403 1.00000 7 
 fake.rf 1440.00000000 50159.98685517216981467 1.00000 7 
 fake.rf 1440.00000000 50169.95275209282409890 1.00000 7 
 fake.rf 1440.00000000 50179.97342227536928050 1.00000 7 
 fake.rf 1440.00000000 50189.90733742548366436 1.00000 7 
 fake.rf 1440.00000000 50199.92925542857327770 1.00000 7 
 fake.rf 1440.00000000 50209.88306891530073983 1.00000 7 
 fake.rf 1440.00000000 50219.86456920904835499 1.00000 7 
 fake.rf 1440.00000000 50229.78168608913051330 1.00000 7 
 fake.rf 1440.00000000 50239.80833991508199432 1.00000 7 
 fake.rf 1440.00000000 50249.76068013566994352 1.00000 7 
 fake.rf 1440.00000000 50259.75597197295263641 1.00000 7 
 fake.rf 1440.00000000 50269.73041610583764793 1.00000 7 
 fake.rf 1440.00000000 50279.62893543879648561 1.00000 7 
 fake.rf 1440.00000000 50289.66668674671462824 1.00000 7 
 fake.rf 1440.00000000 50299.61482613239249062 1.00000 7 
 fake.rf 1440.00000000 50309.56034012664670030 1.00000 7 
 fake.rf 1440.00000000 50319.55190852256004774 1.00000 7 
 fake.rf 1440.00000000 50329.55098820456766973 1.00000 7 
 fake.rf 1440.00000000 50339.49522378863175831 1.00000 7 
 fake.rf 1440.00000000 50349.47735824097297908 1.00000 7 
 fake.rf 1440.00000000 50359.45261256447991727 1.00000 7 
 fake.rf 1440.00000000 50369.38537559460316118 1.00000 7 
 fake.rf 1440.00000000 50379.41475941919260961 1.00000 7 
 fake.rf 1440.00000000 50389.34755171104399452 1.00000 7 
 fake.rf 1440.00000000 50399.34063175057249140 1.00000 7 
 fake.rf 1440.00000000 50409.29306336078532524 1.00000 7 
 fake.rf 1440.00000000 50419.29656610964754293 1.00000 7 
 fake.rf 1440.00000000 50429.22832006048795250 1.00000 7 
 fake.rf 1440.00000000 50439.25170028035461911 1.00000 7 
 fake.rf 1440.00000000 50449.21863397471836876 1.00000 7 
 fake.rf 1440.00000000 50459.15339078522580252 1.00000 7 
 fake.rf 1440.00000000 50469.11681128217748338 1.00000 7 
 fake.rf 1440.00000000 50479.16027954926148880 1.00000 7 
 fake.rf 1440.00000000 50489.05967757347008273 1.00000 7 
 fake.rf 1440.00000000 50499.06765088802282904 1.00000 7 
 fake.rf 1440.00000000 50509.07700817178323049 1.00000 7 
 fake.rf 1440.00000000 50519.04085735503329957 1.00000 7 
 fake.rf 1440.00000000 50528.97430193533648080 1.00000 7 
 fake.rf 1440.00000000 50538.92808043606336099 1.00000 7 
 fake.rf 1440.00000000 50548.94588774742993564 1.00000 7 
 fake.rf 1440.00000000 50558.94231022422069444 1.00000 7 
 fake.rf 1440.00000000 50568.91868489681589693 1.00000 7 
 fake.rf 1440.00000000 50578.85490735292715314 1.00000 7 
 fake.rf 1440.00000000 50588.86048682667282961 1.00000 7 
 fake.rf 1440.00000000 50598.81858382587231659 1.00000 7 
 fake.rf 1440.00000000 50608.73025000408439666 1.00000 7 
 fake.rf 1440.00000000 50618.70864781076276628 1.00000 7 
 fake.rf 1440.00000000 50628.68561752795911346 1.00000 7 
 fake.rf 1440.00000000 50638.70700100579096414 1.00000 7 
 fake.rf 1440.00000000 50648.65693878850218823 1.00000 7 
 fake.rf 1440.00000000 50658.64334725013727478 1.00000 7 
 fake.rf 1440.00000000 50668.58395608743968808 1.00000 7 
 fake.rf 1440.00000000 50678.57729457093784831 1.00000 7 
 fake.rf 1440.00000000 50688.53705786718036919 1.00000 7 
 fake.rf 1440.00000000 50698.52109662891551167 1.00000 7 
 fake.rf 1440.00000000 50708.53481948116514744 1.00000 7 
 fake.rf 1440.00000000 50718.47431872191116398 1.00000 7 
 fake.rf 1440.00000000 50728.40583126657861612 1.00000 7 
 fake.rf 1440.00000000 50738.37861236596722492 1.00000 7 
 fake.rf 1440.00000000 50748.36879613068887451 1.00000 7 
 fake.rf 1440.00000000 50758.37788004680605169 1.00000 7 
 fake.rf 1440.00000000 50768.31272232075822615 1.00000 7 
 fake.rf 1440.00000000 50778.29363095406306883 1.00000 7 
 fake.rf 1440.00000000 50788.29015413184369621 1.00000 7 
 fake.rf 1440.00000000 50798.23503204974526781 1.00000 7 
 fake.rf 1440.00000000 50808.25121833330131338 1.00000 7 
 fake.rf 1440.00000000 50818.20106978851726254 1.00000 7 
 fake.rf 1440.00000000 50828.13710123495651061 1.00000 7 
 fake.rf 1440.00000000 50838.11403641279220622 1.00000 7 
 fake.rf 1440.00000000 50848.12830407564857182 1.00000 7 
 fake.rf 1440.00000000 50858.10944713564679986 1.00000 7 
 fake.rf 1440.00000000 50868.02677578222768418 1.00000 7 
 fake.rf 1440.00000000 50878.04472250266045563 1.00000 7 
 fake.rf 1440.00000000 50887.98939232621808060 1.00000 7 
 fake.rf 1440.00000000 50897.93960481899805970 1.00000 7 
 fake.rf 1440.00000000 50907.94295283953074005 1.00000 7 
 fake.rf 1440.00000000 50917.90992648490420081 1.00000 7 
 fake.rf 1440.00000000 50927.86584116113837695 1.00000 7 
 fake.rf 1440.00000000 50937.87346317966354903 1.00000 7 
 fake.rf 1440.00000000 50947.80579134153131093 1.00000 7 
 fake.rf 1440.00000000 50957.82228145713063228 1.00000 7 
 fake.rf 1440.00000000 50967.76028291745115695 1.00000 7 
 fake.rf 1440.00000000 50977.74385761854678734 1.00000 7 
 fake.rf 1440.00000000 50987.69765717550068373 1.00000 7 
 fake.rf 1440.00000000 50997.70605962306671088 1.00000 7 
 fake.rf 1440.00000000 51007.70097742759284998 1.00000 7 
 fake.rf 1440.00000000 51017.61247078810508881 1.00000 7 
 fake.rf 1440.00000000 51027.58767683877650967 1.00000 7 
 fake.rf 1440.00000000 51037.62474485159696869 1.00000 7 
 fake.rf 1440.00000000 51047.53632366375120100 1.00000 7 
 fake.rf 1440.00000000 51057.52901779646937896 1.00000 7 
 fake.rf 1440.00000000 51067.51914070058213113 1.00000 7 
 fake.rf 1440.00000000 51077.47619947558808207 1.00000 7 
 fake.rf 1440.00000000 51087.47710656732317602 1.00000 7 
 fake.rf 1440.00000000 51097.40772368464447339 1.00000 7 
 fake.rf 1440.00000000 51107.42029802855097742 1.00000 7 
 fake.rf 1440.00000000 51117.38136238951997470 1.00000 7 
 fake.rf 1440.00000000 51127.37246862211976861 1.00000 7 
 fake.rf 1440.00000000 51137.34837873310088696 1.00000 7 
 fake.rf 1440.00000000 51147.31368261717811308 1.00000 7 
 fake.rf 1440.00000000 51157.26302751410089442 1.00000 7 
 fake.rf 1440.00000000 51167.24738507616367755 1.00000 7 
 fake.rf 1440.00000000 51177.24065523378194698 1.00000 7 
 fake.rf 1440.00000000 51187.15191785653700762 1.00000 7 
 fake.rf 1440.00000000 51197.19158292710823233 1.00000 7 
 fake.rf 1440.00000000 51207.16236991016334201 1.00000 7 
 fake.rf 1440.00000000 51217.10428483188146487 1.00000 7 
 fake.rf 1440.00000000 51227.05489455932893605 1.00000 7 
 fake.rf 1440.00000000 51237.00890053696538828 1.00000 7 
 fake.rf 1440.00000000 51246.98574184087547323 1.00000 7 
 fake.rf 1440.00000000 51256.97931740592927241 1.00000 7 
 fake.rf 1440.00000000 51266.97711779456870573 1.00000 7 
 fake.rf 1440.00000000 51276.91926495188917201 1.00000 7 
 fake.rf 1440.00000000 51286.92371956430628543 1.00000 7 
 fake.rf 1440.00000000 51296.90262381804831193 1.00000 7 
 fake.rf 1440.00000000 51306.88047771357942395 1.00000 7 
 fake.rf 1440.00000000 51316.82382114885078295 1.00000 7 
 fake.rf 1440.00000000 51326.82485645324607759 1.00000 7 
 fake.rf 1440.00000000 51336.80522068965370153 1.00000 7 
 fake.rf 1440.00000000 51346.72960314211890420 1.00000 7 
 fake.rf 1440.00000000 51356.75285495068584041 1.00000 7 
 fake.rf 1440.00000000 51366.66988429374095659 1.00000 7 
 fake.rf 1440.00000000 51376.69502736522330011 1.00000 7 
 fake.rf 1440.00000000 51386.61930888032444997 1.00000 7 
 fake.rf 1440.00000000 51396.64788300996096382 1.00000 7 
 fake.rf 1440.00000000 51406.54761418560034514 1.00000 7 
 fake.rf 1440.00000000 51416.59510772435092463 1.00000 7 
 fake.rf 1440.00000000 51426.52871723838565643 1.00000 7 
 fake.rf 1440.00000000 51436.53019227735258312 1.00000 7 
 fake.rf 1440.00000000 51446.49756698653297704 1.00000 7 
 fake.rf 1440.00000000 51456.42378468339586206 1.00000 7 
 fake.rf 1440.00000000 51466.40190898471380976 1.00000 7 
 fake.rf 1440.00000000 51476.38094553584819479 1.00000 7 
 fake.rf 1440.00000000 51486.32773776252199127 1.00000 7 
 fake.rf 1440.00000000 51496.32776232534092031 1.00000 7 
 fake.rf 1440.00000000 51506.29043494419586580 1.00000 7 
 fake.rf 1440.00000000 51516.31865178387237592 1.00000 7 
 fake.rf 1440.00000000 51526.28789562347552433 1.00000 7 
 fake.rf 1440.00000000 51536.22848233134933338 1.00000 7 
 fake.rf 1440.00000000 51546.23800947924295812 1.00000 7 
 fake.rf 1440.00000000 51556.21139895928980579 1.00000 7 
 fake.rf 1440.00000000 51566.17286560869448664 1.00000 7 
 fake.rf 1440.00000000 51576.12416413969335593 1.00000 7 
 fake.rf 1440.00000000 51586.06700509091038498 1.00000 7 
 fake.rf 1440.00000000 51596.06023063182749411 1.00000 7 
 fake.rf 1440.00000000 51606.01773778805922888 1.00000 7 
 fake.rf 1440.00000000 51616.04907028657281742 1.00000 7 
 fake.rf 1440.00000000 51626.01294360253808691 1.00000 7 
 fake.rf 1440.00000000 51635.91545705766360896 1.00000 7 
 fake.rf 1440.00000000 51645.95445812857089507 1.00000 7 
 fake.rf 1440.00000000 51655.87001820106076977 1.00000 7 
 fake.rf 1440.00000000 51665.90642113882294240 1.00000 7 
 fake.rf 1440.00000000 51675.80642259412903883 1.00000 7 
 fake.rf 1440.00000000 51685.85776338436388144 1.00000 7 
 fake.rf 1440.00000000 51695.76241886039245443 1.00000 7 
 fake.rf 1440.00000000 51705.80163212543512330 1.00000 7 
 fake.rf 1440.00000000 51715.78000836602642210 1.00000 7 
 fake.rf 1440.00000000 51725.67612843528169009 1.00000 7 
 fake.rf 1440.00000000 51735.67625549372491278 1.00000 7 
 fake.rf 1440.00000000 51745.68341117313963906 1.00000 7 
 fake.rf 1440.00000000 51755.65754357225930704 1.00000 7 
 fake.rf 1440.00000000 51765.61119268160723905 1.00000 7 
 fake.rf 1440.00000000 51775.54044362285279490 1.00000 7 
 fake.rf 1440.00000000 51785.52091691717639321 1.00000 7 
 fake.rf 1440.00000000 51795.53199591172831617 1.00000 7 
 fake.rf 1440.00000000 51805.48857576125194413 1.00000 7 
 fake.rf 1440.00000000 51815.45902601474911009 1.00000 7 
 fake.rf 1440.00000000 51825.44229284543823510 1.00000 7 
 fake.rf 1440.00000000 51835.39542089933236113 1.00000 7 
 fake.rf 1440.00000000 51845.41709549615035613 1.00000 7 
 fake.rf 1440.00000000 51855.35386051343289893 1.00000 7 
 fake.rf 1440.00000000 51865.30768234711433351 1.00000 7 
 fake.rf 1440.00000000 51875.31812792335665918 1.00000 7 
 fake.rf 1440.00000000 51885.23349581914164119 1.00000 7 
 fake.rf 1440.00000000 51895.24079627345740562 1.00000 7 
 fake.rf 1440.00000000 51905.18843835491044914 1.00000 7 
 fake.rf 1440.00000000 51915.17195108291683425 1.00000 7 
 fake.rf 1440.00000000 51925.15455501373609692 1.00000 7 
 fake.rf 1440.00000000 51935.17670809653832720 1.00000 7 
 fake.rf 1440.00000000 51945.09003863037260373 1.00000 7 
 fake.rf 1440.00000000 51955.05561463579034864 1.00000 7 
 fake.rf 1440.00000000 51965.02063215674469276 1.00000 7 
 fake.rf 1440.00000000 51974.99766990698041269 1.00000 7 
 fake.rf 1440.00000000 51984.97388503459348996 1.00000 7 
 fake.rf 1440.00000000 51994.93421433067469906 1.00000 7 
 fake.rf 1440.00000000 52004.92654526832853179 1.00000 7 
 fake.rf 1440.00000000 52014.88594465057102312 1.00000 7 
 fake.rf 1440.00000000 52024.85195453332358184 1.00000 7 
 fake.rf 1440.00000000 52034.85104315724259294 1.00000 7 
 fake.rf 1440.00000000 52044.83787396795232283 1.00000 7 
 fake.rf 1440.00000000 52054.83834386516947390 1.00000 7 
 fake.rf 1440.00000000 52064.75553584452919864 1.00000 7 
 fake.rf 1440.00000000 52074.72332013374159487 1.00000 7 
 fake.rf 1440.00000000 52084.76367863573089068 1.00000 7 
 fake.rf 1440.00000000 52094.68864828103937725 1.00000 7 
 fake.rf 1440.00000000 52104.69481584428078236 1.00000 7 
 fake.rf 1440.00000000 52114.63572521262285164 1.00000 7 
 fake.rf 1440.00000000 52124.64178277914667703 1.00000 7 
 fake.rf 1440.00000000 52134.57518817995219251 1.00000 7 
 fake.rf 1440.00000000 52144.57986327498622003 1.00000 7 
 fake.rf 1440.00000000 52154.55156643727477217 1.00000 7 
 fake.rf 1440.00000000 52164.53237453796329248 1.00000 7 
 fake.rf 1440.00000000 52174.51817578877401616 1.00000 7 
 fake.rf 1440.00000000 52184.44429550953493191 1.00000 7 
 fake.rf 1440.00000000 52194.45110914372688526 1.00000 7 
 fake.rf 1440.00000000 52204.38818183885160096 1.00000 7 
 fake.rf 1440.00000000 52214.37258134707244750 1.00000 7 
 fake.rf 1440.00000000 52224.30687871425483948 1.00000 7 
 fake.rf 1440.00000000 52234.33719301431908377 1.00000 7 
 fake.rf 1440.00000000 52244.28771661238614143 1.00000 7 
 fake.rf 1440.00000000 52254.24598213807551161 1.00000 7 
 fake.rf 1440.00000000 52264.26917682610514859 1.00000 7 
 fake.rf 1440.00000000 52274.21202223131189157 1.00000 7 
 fake.rf 1440.00000000 52284.17462986075924292 1.00000 7 
 fake.rf 1440.00000000 52294.11801067372568497 1.00000 7 
 fake.rf 1440.00000000 52304.13182303949358243 1.00000 7 
 fake.rf 1440.00000000 52314.11406594593639952 1.00000 7 
 fake.rf 1440.00000000 52324.04415048019795265 1.00000 7 
 fake.rf 1440.00000000 52334.05127707229850031 1.00000 7 
 fake.rf 1440.00000000 52344.05991288697602926 1.00000 7 
 fake.rf 1440.00000000 52354.00413260161267814 1.00000 7 
 fake.rf 1440.00000000 52363.95570006892423010 1.00000 7 
 fake.rf 1440.00000000 52373.90883223778885380 1.00000 7 
 fake.rf 1440.00000000 52383.93147386796796638 1.00000 7 
 fake.rf 1440.00000000 52393.86737083661575198 1.00000 7 
 fake.rf 1440.00000000 52403.85611031860095110 1.00000 7 
 fake.rf 1440.00000000 52413.82889051753708287 1.00000 7 
 fake.rf 1440.00000000 52423.81633455459082427 1.00000 7 
 fake.rf 1440.00000000 52433.75510259469182017 1.00000 7 
 fake.rf 1440.00000000 52443.77192589088061325 1.00000 7 
 fake.rf 1440.00000000 52453.70801594988084915 1.00000 7 
 fake.rf 1440.00000000 52463.72912484395515165 1.00000 7 
 fake.rf 1440.00000000 52473.67072722207058888 1.00000 7 
 fake.rf 1440.00000000 52483.61992288202850787 1.00000 7 
 fake.rf 1440.00000000 52493.59445582537022901 1.00000 7 
 fake.rf 1440.00000000 52503.57017619358891380 1.00000 7 
 fake.rf 1440.00000000 52513.56708217813909556 1.00000 7 
 fake.rf 1440.00000000 52523.55331899195381595 1.00000 7 
 fake.rf 1440.00000000 52533.49064104180098411 1.00000 7 
 fake.rf 1440.00000000 52543.46183237829869128 1.00000 7 
 fake.rf 1440.00000000 52553.42589705993870908 1.00000 7 
 fake.rf 1440.00000000 52563.43212231063817086 1.00000 7 
 fake.rf 1440.00000000 52573.37047932177855003 1.00000 7 
 fake.rf 1440.00000000 52583.38802713619675799 1.00000 7 
 fake.rf 1440.00000000 52593.30083098323030555 1.00000 7 
 fake.rf 1440.00000000 52603.29320648629343182 1.00000 7 
 fake.rf 1440.00000000 52613.26853764260046376 1.00000 7 
 fake.rf 1440.00000000 52623.27422205726900728 1.00000 7 
 fake.rf 1440.00000000 52633.22398644244326604 1.00000 7 
 fake.rf 1440.00000000 52643.23374855970621056 1.00000 7 
 fake.rf 1440.00000000 52653.19203978569692737 1.00000 7 
 fake.rf 1440.00000000 52663.11332820565433011 1.00000 7 
 fake.rf 1440.00000000 52673.10196212609790223 1.00000 7 
 fake.rf 1440.00000000 52683.12402316889086507 1.00000 7 
 fake.rf 1440.00000000 52693.09525757038934657 1.00000 7 
 fake.rf 1440.00000000 52703.04709279316148596 1.00000 7 
 fake.rf 1440.00000000 52713.00186430945674587 1.00000 7 
 fake.rf 1440.00000000 52722.97318325365121439 1.00000 7 
 fake.rf 1440.00000000 52732.93976681961030195 1.00000 7 
 fake.rf 1440.00000000 52742.94394404713420244 1.00000 7 
 fake.rf 1440.00000000 52752.87605725464946715 1.00000 7 
 fake.rf 1440.00000000 52762.88936858897562132 1.00000 7 
 fake.rf 1440.00000000 52772.85862569372656949 1.00000 7 
 fake.rf 1440.00000000 52782.84297894418997288 1.00000 7 
 fake.rf 1440.00000000 52792.74945693826725446 1.00000 7 
 fake.rf 1440.00000000 52802.80388466199109487 1.00000 7 
 fake.rf 1440.00000000 52812.70792926758726082 1.00000 7 
 fake.rf 1440.00000000 52822.72195093753715156 1.00000 7 
 fake.rf 1440.00000000 52832.70658641788168453 1.00000 7 
 fake.rf 1440.00000000 52842.65859076438577091 1.00000 7 
 fake.rf 1440.00000000 52852.58777476844543486 1.00000 7 
 fake.rf 1440.00000000 52862.56377933603606323 1.00000 7 
 fake.rf 1440.00000000 52872.54931322205768751 1.00000 7 
 fake.rf 1440.00000000 52882.52749189535357743 1.00000 7 
 fake.rf 1440.00000000 52892.54834861010799685 1.00000 7 
 fake.rf 1440.00000000 52902.47399072620061844 1.00000 7 
 fake.rf 1440.00000000 52912.47184920223642379 1.00000 7 
 fake.rf 1440.00000000 52922.41200805135839147 1.00000 7 
 fake.rf 1440.00000000 52932.37063891089816536 1.00000 7 
 fake.rf 1440.00000000 52942.34556611259761993 1.00000 7 
 fake.rf 1440.00000000 52952.32279144650007652 1.00000 7 
 fake.rf 1440.00000000 52962.35035119574367002 1.00000 7 
 fake.rf 1440.00000000 52972.27387114510989718 1.00000 7 
 fake.rf 1440.00000000 52982.26703467053895125 1.00000 7 
 fake.rf 1440.00000000 52992.26062647780690540 1.00000 7 
 fake.rf 1440.00000000 53002.18268515457622669 1.00000 7 
 fake.rf 1440.00000000 53012.15498827342086585 1.00000 7 
 fake.rf 1440.00000000 53022.13065595955335851 1.00000 7 
 fake.rf 1440.00000000 53032.13467118243400833 1.00000 7 
 fake.rf 1440.00000000 53042.10086224009487310 1.00000 7 
 fake.rf 1440.00000000 53052.10801148045350573 1.00000 7 
 fake.rf 1440.00000000 53062.07144427241508566 1.00000 7 
 fake.rf 1440.00000000 53071.99491759829862758 1.00000 7 
 fake.rf 1440.00000000 53081.99862830701883709 1.00000 7 
 fake.rf 1440.00000000 53091.97371869426170932 1.00000 7 
 fake.rf 1440.00000000 53101.91430767692880011 1.00000 7 
 fake.rf 1440.00000000 53111.91641709494917123 1.00000 7 
 fake.rf 1440.00000000 53121.90618977183592619 1.00000 7 
 fake.rf 1440.00000000 53131.88810476837401708 1.00000 7 
 fake.rf 1440.00000000 53141.81882067856632545 1.00000 7 
 fake.rf 1440.00000000 53151.78790201107468505 1.00000 7 
 fake.rf 1440.00000000 53161.80963866133300399 1.00000 7 
 fake.rf 1440.00000000 53171.74366346674775485 1.00000 7 
 fake.rf 1440.00000000 53181.72558304433702858 1.00000 7 
 fake.rf 1440.00000000 53191.66946939443791464 1.00000 7 
 fake.rf 1440.00000000 53201.65165521645170443 1.00000 7 
 fake.rf 1440.00000000 53211.66985457142227034 1.00000 7 
 fake.rf 1440.00000000 53221.63890372190337530 1.00000 7 
 fake.rf 1440.00000000 53231.58855274519615008 1.00000 7 
 fake.rf 1440.00000000 53241.59268729154833721 1.00000 7 
 fake.rf 1440.00000000 53251.56396800909427469 1.00000 7 
 fake.rf 1440.00000000 53261.51814663679341066 1.00000 7 
 fake.rf 1440.00000000 53271.49381194399501283 1.00000 7 
 fake.rf 1440.00000000 53281.41591692549423698 1.00000 7 
 fake.rf 1440.00000000 53291.39056345669975556 1.00000 7 
 fake.rf 1440.00000000 53301.38712490545809430 1.00000 7 
 fake.rf 1440.00000000 53311.34192619858576734 1.00000 7 
 fake.rf 1440.00000000 53321.31618021054601897 1.00000 7 
 fake.rf 1440.00000000 53331.31571366686532443 1.00000 7 
 fake.rf 1440.00000000 53341.30183454283072919 1.00000 7 
 fake.rf 1440.00000000 53351.26958391643015744 1.00000 7 
 fake.rf 1440.00000000 53361.22023759318795300 1.00000 7 
 fake.rf 1440.00000000 53371.19709564481890851 1.00000 7 
 fake.rf 1440.00000000 53381.19895601348857284 1.00000 7 
 fake.rf 1440.00000000 53391.18062472102782579 1.00000 7 
 fake.rf 1440.00000000 53401.15987746682445092 1.00000 7 
 fake.rf 1440.00000000 53411.12963115469111131 1.00000 7 
 fake.rf 1440.00000000 53421.05738026759182091 1.00000 7 
 fake.rf 1440.00000000 53431.05371000596755238 1.00000 7 
 fake.rf 1440.00000000 53441.03268308544634024 1.00000 7 
 fake.rf 1440.00000000 53451.00178571554892670 1.00000 7 
 fake.rf 1440.00000000 53460.99450113241035254 1.00000 7 
 fake.rf 1440.00000000 53470.93918187956571941 1.00000 7 
 fake.rf 1440.00000000 53480.86961363604321917 1.00000 7 
 fake.rf 1440.00000000 53490.87155302127635181 1.00000 7 
 fake.rf 1440.00000000 53500.87075777284417555 1.00000 7 
 fake.rf 1440.00000000 53510.81067965407117271 1.00000 7 
 fake.rf 1440.00000000 53520.77478938331339364 1.00000 7 
 fake.rf 1440.00000000 53530.77034761086878589 1.00000 7 
 fake.rf 1440.00000000 53540.77055618235321433 1.00000 7 
 fake.rf 1440.00000000 53550.68277150576333412 1.00000 7 
 fake.rf 1440.00000000 53560.67691476475287260 1.00000 7 
 fake.rf 1440.00000000 53570.65860631953759707 1.00000 7 
 fake.rf 1440.00000000 53580.65712457121681211 1.00000 7 
 fake.rf 1440.00000000 53590.60067716642612368 1.00000 7 
 fake.rf 1440.00000000 53600.58431958869289602 1.00000 7 
 fake.rf 1440.00000000 53610.52337027742624898 1.00000 7 
 fake.rf 1440.00000000 53620.53236183220056787 1.00000 7 
 fake.rf 1440.00000000 53630.51756263197249908 1.00000 7 
 fake.rf 1440.00000000 53640.48345109553770271 1.00000 7 
 fake.rf 1440.00000000 53650.42253452322643525 1.00000 7 
 fake.rf 1440.00000000 53660.40278900481502689 1.00000 7 
