FORMAT 1
MODE 1
 fake.rf 1440.00000000 50000.53489558058664244 1.00000 7 
 fake.rf 1440.00000000 50010.54474162127052139 1.00000 7 
 fake.rf 1440.00000000 50020.48504427488794377 1.00000 7 
 fake.rf 1440.00000000 50030.45646154420195018 1.00000 7 
 fake.rf 1440.00000000 50040.41972330036151817 1.00000 7 
 fake.rf 1440.00000000 50050.45192696252686204 1.00000 7 
 fake.rf 1440.00000000 50060.41314998720094565 1.00000 7 
 fake.rf 1440.00000000 50070.34976176577692542 1.00000 7 
 fake.rf 1440.00000000 50080.36332867985581530 1.00000 7 
 fake.rf 1440.00000000 50090.31300804288724748 1.00000 7 
 fake.rf 1440.00000000 50100.29208478116004244 1.00000 7 
 fake.rf 1440.00000000 50110.25215763322975349 1.00000 7 
 fake.rf 1440.00000000 50120.24686054566171123 1.00000 7 
 fake.rf 1440.00000000 50130.20717148259122808 1.00000 7 
 fake.rf 1440.00000000 50140.14329807075654699 1.00000 7 
 fake.rf 1440.00000000 50150.11899663432467023 1.00000 7 
 fake.rf 1440.00000000 50160.11506593111803198 1.00000 7 
 fake.rf 1440.00000000 50170.08096282146729905 1.00000 7 
 fake.rf 1440.00000000 50180.10163300070223258 1.00000 7 
 fake.rf 1440.00000000 50190.03554814774050641 1.00000 7 
 fake.rf 1440.00000000 50200.05746619267662822 1.00000 7 
 fake.rf 1440.00000000 50210.01127966025065774 1.00000 7 
 fake.rf 1440.00000000 50219.99277990503090408 1.00000 7 
 fake.rf 1440.00000000 50229.90989681329249095 1.00000 7 
 fake.rf 1440.00000000 50239.93655066113501917 1.00000 7 
 fake.rf 1440.00000000 50249.88889085351077313 1.00000 7 
 fake.rf 1440.00000000 50259.88418268467198757 1.00000 7 
 fake.rf 1440.00000000 50269.85862681404786301 1.00000 7 
 fake.rf 1440.00000000 50279.75714617748283786 1.00000 7 
 fake.rf 1440.00000000 50289.79489748054972154 1.00000 7 
 fake.rf 1440.00000000 50299.74303685425783428 1.00000 7 
 fake.rf 1440.00000000 50309.68855087475550292 1.00000 7 
 fake.rf 1440.00000000 50319.68011926499508135 1.00000 7 
 fake.rf 1440.00000000 50329.67919894964692062 1.00000 7 
 fake.rf 1440.00000000 50339.62343451610849598 1.00000 7 
 fake.rf 1440.00000000 50349.60556897669307119 1.00000 7 
 fake.rf 1440.00000000 50359.58082330030085672 1.00000 7 
 fake.rf 1440.00000000 50369.51358629960719782 1.00000 7 
 fake.rf 1440.00000000 50379.54297016732293102 1.00000 7 
 fake.rf 1440.00000000 50389.47576241664582852 1.00000 7 
 fake.rf 1440.00000000 50399.46884249359985120 1.00000 7 
 fake.rf 1440.00000000 50409.42127409415336814 1.00000 7 
 fake.rf 1440.00000000 50419.42477685133398424 1.00000 7 
 fake.rf 1440.00000000 50429.35653079659338260 1.00000 7 
 fake.rf 1440.00000000 50439.37991102642261865 1.00000 7 
 fake.rf 1440.00000000 50449.34684467665800867 1.00000 7 
 fake.rf 1440.00000000 50459.28160152886069767 1.00000 7 
 fake.rf 1440.00000000 50469.24502202496408287 1.00000 7 
 fake.rf 1440.00000000 50479.28849030824697408 1.00000 7 
 fake.rf 1440.00000000 50489.18788829543317220 1.00000 7 
 fake.rf 1440.00000000 50499.19586160004687514 1.00000 7 
 fake.rf 1440.00000000 50509.20521889800783200 1.00000 7 
 fake.rf 1440.00000000 50519.16906808138192986 1.00000 7 
 fake.rf 1440.00000000 50529.10251265855726643 1.00000 7 
 fake.rf 1440.00000000 50539.05629118668666422 1.00000 7 
 fake.rf 1440.00000000 50549.07409850090515846 1.00000 7 
 fake.rf 1440.00000000 50559.07052097400481827 1.00000 7 
 fake.rf 1440.00000000 50569.04689564258684342 1.00000 7 
 fake.rf 1440.00000000 50578.98311808718641203 1.00000 7 
 fake.rf 1440.00000000 50588.98869757859870688 1.00000 7 
 fake.rf 1440.00000000 50598.94679458160534224 1.00000 7 
 fake.rf 1440.00000000 50608.85846071107276245 1.00000 7 
 fake.rf 1440.00000000 50618.83685856379931067 1.00000 7 
 fake.rf 1440.00000000 50628.81382826699355704 1.00000 7 
 fake.rf 1440.00000000 50638.83521173302073493 1.00000 7 
 fake.rf 1440.00000000 50648.78514953788793562 1.00000 7 
 fake.rf 1440.00000000 50658.77155797282156868 1.00000 7 
 fake.rf 1440.00000000 50668.71216684679079734 1.00000 7 
 fake.rf 1440.00000000 50678.70550530161015956 1.00000 7 
 fake.rf 1440.00000000 50688.66526859746966593 1.00000 7 
 fake.rf 1440.00000000 50698.64930735077395241 1.00000 7 
 fake.rf 1440.00000000 50708.66303019462920076 1.00000 7 
 fake.rf 1440.00000000 50718.60252945715275175 1.00000 7 
 fake.rf 1440.00000000 50728.53404197939358511 1.00000 7 
 fake.rf 1440.00000000 50738.50682309045106066 1.00000 7 
 fake.rf 1440.00000000 50748.49700687196885340 1.00000 7 
 fake.rf 1440.00000000 50758.50609075517757418 1.00000 7 
 fake.rf 1440.00000000 50768.44093303299150577 1.00000 7 
 fake.rf 1440.00000000 50778.42184165500880866 1.00000 7 
 fake.rf 1440.00000000 50788.41836486683729035 1.00000 7 
 fake.rf 1440.00000000 50798.36324276127381339 1.00000 7 
 fake.rf 1440.00000000 50808.37942904784251397 1.00000 7 
 fake.rf 1440.00000000 50818.32928054417077490 1.00000 7 
 fake.rf 1440.00000000 50828.26531197324370126 1.00000 7 
 fake.rf 1440.00000000 50838.24224711926436626 1.00000 7 
 fake.rf 1440.00000000 50848.25651482598720321 1.00000 7 
 fake.rf 1440.00000000 50858.23765785916874194 1.00000 7 
 fake.rf 1440.00000000 50868.15498653020084063 1.00000 7 
 fake.rf 1440.00000000 50878.17293320084963071 1.00000 7 
 fake.rf 1440.00000000 50888.11760305999857223 1.00000 7 
 fake.rf 1440.00000000 50898.06781553236076832 1.00000 7 
 fake.rf 1440.00000000 50908.07116356449257566 1.00000 7 
 fake.rf 1440.00000000 50918.03813723191527529 1.00000 7 
 fake.rf 1440.00000000 50927.99405189187284293 1.00000 7 
 fake.rf 1440.00000000 50938.00167393180933217 1.00000 7 
 fake.rf 1440.00000000 50947.93400210886725077 1.00000 7 
 fake.rf 1440.00000000 50957.95049218898375187 1.00000 7 
 fake.rf 1440.00000000 50967.88849366222746085 1.00000 7 
 fake.rf 1440.00000000 50977.87206837996469133 1.00000 7 
 fake.rf 1440.00000000 50987.82586787664749650 1.00000 7 
 fake.rf 1440.00000000 50997.83427034336968475 1.00000 7 
 fake.rf 1440.00000000 51007.82918816081832603 1.00000 7 
 fake.rf 1440.00000000 51017.74068153448377672 1.00000 7 
 fake.rf 1440.00000000 51027.71588756677737564 1.00000 7 
 fake.rf 1440.00000000 51037.75295555044716878 1.00000 7 
 fake.rf 1440.00000000 51047.66453436248869480 1.00000 7 
 fake.rf 1440.00000000 51057.65722849992445376 1.00000 7 
 fake.rf 1440.00000000 51067.64735145979417297 1.00000 7 
 fake.rf 1440.00000000 51077.60441019056257161 1.00000 7 
 fake.rf 1440.00000000 51087.60531731092035912 1.00000 7 
 fake.rf 1440.00000000 51097.53593437382589926 1.00000 7 
 fake.rf 1440.00000000 51107.54850875350774686 1.00000 7 
 fake.rf 1440.00000000 51117.50957311753840528 1.00000 7 
 fake.rf 1440.00000000 51127.50067932866377873 1.00000 7 
 fake.rf 1440.00000000 51137.47658947006698327 1.00000 7 
 fake.rf 1440.00000000 51147.44189337132664264 1.00000 7 
 fake.rf 1440.00000000 51157.39123823535310009 1.00000 7 
 fake.rf 1440.00000000 51167.37559579433441925 1.00000 7 
 fake.rf 1440.00000000 51177.36886600060068631 1.00000 7 
 fake.rf 1440.00000000 51187.28012858781128003 1.00000 7 
 fake.rf 1440.00000000 51197.31979365887503164 1.00000 7 
 fake.rf 1440.00000000 51207.29058064385593596 1.00000 7 
 fake.rf 1440.00000000 51217.23249556336796218 1.00000 7 
 fake.rf 1440.00000000 51227.18310530776945555 1.00000 7 
 fake.rf 1440.00000000 51237.13711124787509377 1.00000 7 
 fake.rf 1440.00000000 51247.11395254532996901 1.00000 7 
 fake.rf 1440.00000000 51257.10752813607153655 1.00000 7 
 fake.rf 1440.00000000 51267.10532854310168460 1.00000 7 
 fake.rf 1440.00000000 51277.04747568376067335 1.00000 7 
 fake.rf 1440.00000000 51287.05193028291273194 1.00000 7 
 fake.rf 1440.00000000 51297.03083452008219112 1.00000 7 
 fake.rf 1440.00000000 51307.00868843416985143 1.00000 7 
 fake.rf 1440.00000000 51316.95203184235498384 1.00000 7 
 fake.rf 1440.00000000 51326.95306715651847895 1.00000 7 
 fake.rf 1440.00000000 51336.93343144330717465 1.00000 7 
 fake.rf 1440.00000000 51346.85781385570177449 1.00000 7 
 fake.rf 1440.00000000 51356.88106564899601381 1.00000 7 
 fake.rf 1440.00000000 51366.79809502322732939 1.00000 7 
 fake.rf 1440.00000000 51376.82323809010811289 1.00000 7 
 fake.rf 1440.00000000 51386.74751959853906058 1.00000 7 
 fake.rf 1440.00000000 51396.77609375787762147 1.00000 7 
 fake.rf 1440.00000000 51406.67582492348732970 1.00000 7 
 fake.rf 1440.00000000 51416.72331845795090288 1.00000 7 
 fake.rf 1440.00000000 51426.65692798486212212 1.00000 7 
 fake.rf 1440.00000000 51436.65840301831786618 1.00000 7 
 fake.rf 1440.00000000 51446.62577769232086666 1.00000 7 
 fake.rf 1440.00000000 51456.55199542128136514 1.00000 7 
 fake.rf 1440.00000000 51466.53011968097375473 1.00000 7 
 fake.rf 1440.00000000 51476.50915629613258773 1.00000 7 
 fake.rf 1440.00000000 51486.45594846811028589 1.00000 7 
 fake.rf 1440.00000000 51496.45597302984234389 1.00000 7 
 fake.rf 1440.00000000 51506.41864569517255390 1.00000 7 
 fake.rf 1440.00000000 51516.44686251698467672 1.00000 7 
 fake.rf 1440.00000000 51526.41610635676747521 1.00000 7 
 fake.rf 1440.00000000 51536.35669306882844865 1.00000 7 
 fake.rf 1440.00000000 51546.36622022519205544 1.00000 7 
 fake.rf 1440.00000000 51556.33960969776668648 1.00000 7 
 fake.rf 1440.00000000 51566.30107630337903046 1.00000 7 
 fake.rf 1440.00000000 51576.25237484930349297 1.00000 7 
 fake.rf 1440.00000000 51586.19521582087494238 1.00000 7 
 fake.rf 1440.00000000 51596.18844137072487754 1.00000 7 
 fake.rf 1440.00000000 51606.14594850157416417 1.00000 7 
 fake.rf 1440.00000000 51616.17728101878856251 1.00000 7 
 fake.rf 1440.00000000 51626.14115430952297459 1.00000 7 
 fake.rf 1440.00000000 51636.04366774987543920 1.00000 7 
 fake.rf 1440.00000000 51646.08266887168262471 1.00000 7 
 fake.rf 1440.00000000 51655.99822896135529149 1.00000 7 
 fake.rf 1440.00000000 51666.03463187200655682 1.00000 7 
 fake.rf 1440.00000000 51675.93463330972409864 1.00000 7 
 fake.rf 1440.00000000 51685.98597410104879302 1.00000 7 
 fake.rf 1440.00000000 51695.89062956533501492 1.00000 7 
 fake.rf 1440.00000000 51705.92984287045404912 1.00000 7 
 fake.rf 1440.00000000 51715.90821908839954091 1.00000 7 
 fake.rf 1440.00000000 51725.80433915041873405 1.00000 7 
 fake.rf 1440.00000000 51735.80446625345883049 1.00000 7 
 fake.rf 1440.00000000 51745.81162188768956511 1.00000 7 
 fake.rf 1440.00000000 51755.78575427088811267 1.00000 7 
 fake.rf 1440.00000000 51765.73940338458796617 1.00000 7 
 fake.rf 1440.00000000 51775.66865434446845384 1.00000 7 
 fake.rf 1440.00000000 51785.64912765342026191 1.00000 7 
 fake.rf 1440.00000000 51795.66020665770991371 1.00000 7 
 fake.rf 1440.00000000 51805.61678651537588536 1.00000 7 
 fake.rf 1440.00000000 51815.58723673582767333 1.00000 7 
 fake.rf 1440.00000000 51825.57050358149851021 1.00000 7 
 fake.rf 1440.00000000 51835.52363164811881546 1.00000 7 
 fake.rf 1440.00000000 51845.54530625578861702 1.00000 7 
 fake.rf 1440.00000000 51855.48207124162188819 1.00000 7 
 fake.rf 1440.00000000 51865.43589306523813320 1.00000 7 
 fake.rf 1440.00000000 51875.44633866976055359 1.00000 7 
 fake.rf 1440.00000000 51885.36170654009146830 1.00000 7 
 fake.rf 1440.00000000 51895.36900701131478186 1.00000 7 
 fake.rf 1440.00000000 51905.31664911681967567 1.00000 7 
 fake.rf 1440.00000000 51915.30016177937293520 1.00000 7 
 fake.rf 1440.00000000 51925.28276574589492398 1.00000 7 
 fake.rf 1440.00000000 51935.30491885219525372 1.00000 7 
 fake.rf 1440.00000000 51945.21824935319082783 1.00000 7 
 fake.rf 1440.00000000 51955.18382538701433404 1.00000 7 
 fake.rf 1440.00000000 51965.14884284751562049 1.00000 7 
 fake.rf 1440.00000000 51975.12588063312171371 1.00000 7 
 fake.rf 1440.00000000 51985.10209579444436656 1.00000 7 
 fake.rf 1440.00000000 51995.06242505728458880 1.00000 7 
 fake.rf 1440.00000000 52005.05475596042428421 1.00000 7 
 fake.rf 1440.00000000 52015.01415537561645763 1.00000 7 
 fake.rf 1440.00000000 52024.98016526595771936 1.00000 7 
 fake.rf 1440.00000000 52034.97925389450200484 1.00000 7 
 fake.rf 1440.00000000 52044.96608471892382397 1.00000 7 
 fake.rf 1440.00000000 52054.96655459275416078 1.00000 7 
 fake.rf 1440.00000000 52064.88374661994572534 1.00000 7 
 fake.rf 1440.00000000 52074.85153085434158982 1.00000 7 
 fake.rf 1440.00000000 52084.89188933599620412 1.00000 7 
 fake.rf 1440.00000000 52094.81685901723114540 1.00000 7 
 fake.rf 1440.00000000 52104.82302655810557468 1.00000 7 
 fake.rf 1440.00000000 52114.76393595931455494 1.00000 7 
 fake.rf 1440.00000000 52124.76999348503169784 1.00000 7 
 fake.rf 1440.00000000 52134.70339891906283825 1.00000 7 
 fake.rf 1440.00000000 52144.70807396618430118 1.00000 7 
 fake.rf 1440.00000000 52154.67977718857896718 1.00000 7 
 fake.rf 1440.00000000 52164.66058525349653507 1.00000 7 
 fake.rf 1440.00000000 52174.64638651977498185 1.00000 7 
 fake.rf 1440.00000000 52184.57250620527203822 1.00000 7 
 fake.rf 1440.00000000 52194.57931989507395798 1.00000 7 
 fake.rf 1440.00000000 52204.51639255993716304 1.00000 7 
 fake.rf 1440.00000000 52214.50079206935259535 1.00000 7 
 fake.rf 1440.00000000 52224.43508946540893589 1.00000 7 
 fake.rf 1440.00000000 52234.46540373119557898 1.00000 7 
 fake.rf 1440.00000000 52244.41592733346319122 1.00000 7 
 fake.rf 1440.00000000 52254.37419285987748196 1.00000 7 
 fake.rf 1440.00000000 52264.39738756379982831 1.00000 7 
 fake.rf 1440.00000000 52274.34023298004171565 1.00000 7 
 fake.rf 1440.00000000 52284.30284060593957918 1.00000 7 
 fake.rf 1440.00000000 52294.24622143562955401 1.00000 7 
 fake.rf 1440.00000000 52304.26003378373774311 1.00000 7 
 fake.rf 1440.00000000 52314.24227667370801598 1.00000 7 
 fake.rf 1440.00000000 52324.17236123422218697 1.00000 7 
 fake.rf 1440.00000000 52334.17948778499024343 1.00000 7 
 fake.rf 1440.00000000 52344.18812365415012522 1.00000 7 
 fake.rf 1440.00000000 52354.13234334287889382 1.00000 7 
 fake.rf 1440.00000000 52364.08391078244625305 1.00000 7 
 fake.rf 1440.00000000 52374.03704298587519972 1.00000 7 
 fake.rf 1440.00000000 52384.05968462243066952 1.00000 7 
 fake.rf 1440.00000000 52393.99558157167889050 1.00000 7 
 fake.rf 1440.00000000 52403.98432105876848297 1.00000 7 
 fake.rf 1440.00000000 52413.95710127562575664 1.00000 7 
 fake.rf 1440.00000000 52423.94454527109834530 1.00000 7 
 fake.rf 1440.00000000 52433.88331331205908725 1.00000 7 
 fake.rf 1440.00000000 52443.90013662349461043 1.00000 7 
 fake.rf 1440.00000000 52453.83622670990617110 1.00000 7 
 fake.rf 1440.00000000 52463.85733553815625996 1.00000 7 
 fake.rf 1440.00000000 52473.79893791254017543 1.00000 7 
 fake.rf 1440.00000000 52483.74813357571488837 1.00000 7 
 fake.rf 1440.00000000 52493.72266652139930798 1.00000 7 
 fake.rf 1440.00000000 52503.69838693141004171 1.00000 7 
 fake.rf 1440.00000000 52513.69529295634174559 1.00000 7 
 fake.rf 1440.00000000 52523.68152972612381646 1.00000 7 
 fake.rf 1440.00000000 52533.61885175292803751 1.00000 7 
 fake.rf 1440.00000000 52543.59004311715715474 1.00000 7 
 fake.rf 1440.00000000 52553.55410779565363910 1.00000 7 
 fake.rf 1440.00000000 52563.56033307255703235 1.00000 7 
 fake.rf 1440.00000000 52573.49869003313468596 1.00000 7 
 fake.rf 1440.00000000 52583.51623786881548384 1.00000 7 
 fake.rf 1440.00000000 52593.42904170211189552 1.00000 7 
 fake.rf 1440.00000000 52603.42141720423253659 1.00000 7 
 fake.rf 1440.00000000 52613.39674838660827660 1.00000 7 
 fake.rf 1440.00000000 52623.40243279724424497 1.00000 7 
 fake.rf 1440.00000000 52633.35219716444895610 1.00000 7 
 fake.rf 1440.00000000 52643.36195928309516034 1.00000 7 
 fake.rf 1440.00000000 52653.32025051387433479 1.00000 7 
 fake.rf 1440.00000000 52663.24153895000472048 1.00000 7 
 fake.rf 1440.00000000 52673.23017282719169430 1.00000 7 
 fake.rf 1440.00000000 52683.25223391476909640 1.00000 7 
 fake.rf 1440.00000000 52693.22346830497879822 1.00000 7 
 fake.rf 1440.00000000 52703.17530350625336055 1.00000 7 
 fake.rf 1440.00000000 52713.13007502563359807 1.00000 7 
 fake.rf 1440.00000000 52723.10139394512384570 1.00000 7 
 fake.rf 1440.00000000 52733.06797756510800923 1.00000 7 
 fake.rf 1440.00000000 52743.07215475124370485 1.00000 7 
 fake.rf 1440.00000000 52753.00426798995802713 1.00000 7 
 fake.rf 1440.00000000 52763.01757932462115619 1.00000 7 
 fake.rf 1440.00000000 52772.98683642438434660 1.00000 7 
 fake.rf 1440.00000000 52782.97118969285018153 1.00000 7 
 fake.rf 1440.00000000 52792.87766764611102488 1.00000 7 
 fake.rf 1440.00000000 52802.93209535695464751 1.00000 7 
 fake.rf 1440.00000000 52812.83614001491712742 1.00000 7 
 fake.rf 1440.00000000 52822.85016164186532706 1.00000 7 
 fake.rf 1440.00000000 52832.83479715902490881 1.00000 7 
 fake.rf 1440.00000000 52842.78680151567297685 1.00000 7 
 fake.rf 1440.00000000 52852.71598550508318581 1.00000 7 
 fake.rf 1440.00000000 52862.69199007858349759 1.00000 7 
 fake.rf 1440.00000000 52872.67752395935470489 1.00000 7 
 fake.rf 1440.00000000 52882.65570263364625347 1.00000 7 
 fake.rf 1440.00000000 52892.67655933523895584 1.00000 7 
 fake.rf 1440.00000000 52902.60220141307825870 1.00000 7 
 fake.rf 1440.00000000 52912.60005994361289439 1.00000 7 
 fake.rf 1440.00000000 52922.54021881811476291 1.00000 7 
 fake.rf 1440.00000000 52932.49884967789019186 1.00000 7 
 fake.rf 1440.00000000 52942.47377684624006022 1.00000 7 
 fake.rf 1440.00000000 52952.45100216467452725 1.00000 7 
 fake.rf 1440.00000000 52962.47856191819281690 1.00000 7 
 fake.rf 1440.00000000 52972.40208184094827715 1.00000 7 
 fake.rf 1440.00000000 52982.39524542090303783 1.00000 7 
 fake.rf 1440.00000000 52992.38883724099341777 1.00000 7 
 fake.rf 1440.00000000 53002.31089590667465927 1.00000 7 
 fake.rf 1440.00000000 53012.28319901432563555 1.00000 7 
 fake.rf 1440.00000000 53022.25886665947281173 1.00000 7 
 fake.rf 1440.00000000 53032.26288194831304423 1.00000 7 
 fake.rf 1440.00000000 53042.22907294121851152 1.00000 7 
 fake.rf 1440.00000000 53052.23622219887419149 1.00000 7 
 fake.rf 1440.00000000 53062.19965496868061905 1.00000 7 
 fake.rf 1440.00000000 53072.12312832451950939 1.00000 7 
 fake.rf 1440.00000000 53082.12683901448215096 1.00000 7 
 fake.rf 1440.00000000 53092.10192941474329587 1.00000 7 
 fake.rf 1440.00000000 53102.04251839663720958 1.00000 7 
 fake.rf 1440.00000000 53112.04462780428449520 1.00000 7 
 fake.rf 1440.00000000 53122.03440046425642507 1.00000 7 
 fake.rf 1440.00000000 53132.01631551689428790 1.00000 7 
 fake.rf 1440.00000000 53141.94703138746481130 1.00000 7 
 fake.rf 1440.00000000 53151.91611272874635929 1.00000 7 
 fake.rf 1440.00000000 53161.93784938558588848 1.00000 7 
 fake.rf 1440.00000000 53171.87187419005876166 1.00000 7 
 fake.rf 1440.00000000 53181.85379378024675390 1.00000 7 
 fake.rf 1440.00000000 53191.79768010156774238 1.00000 7 
 fake.rf 1440.00000000 53201.77986592083171757 1.00000 7 
 fake.rf 1440.00000000 53211.79806532473362068 1.00000 7 
 fake.rf 1440.00000000 53221.76711449037560442 1.00000 7 
 fake.rf 1440.00000000 53231.71676346011217262 1.00000 7 
 fake.rf 1440.00000000 53241.72089804885139230 1.00000 7 
 fake.rf 1440.00000000 53251.69217872836583894 1.00000 7 
 fake.rf 1440.00000000 53261.64635739242844537 1.00000 7 
 fake.rf 1440.00000000 53271.62202266641089921 1.00000 7 
 fake.rf 1440.00000000 53281.54412763437426293 1.00000 7 
 fake.rf 1440.00000000 53291.51877418172770362 1.00000 7 
 fake.rf 1440.00000000 53301.51533565746912302 1.00000 7 
 fake.rf 1440.00000000 53311.47013691947075387 1.00000 7 
 fake.rf 1440.00000000 53321.44439097069853162 1.00000 7 
 fake.rf 1440.00000000 53331.44392437530857620 1.00000 7 
 fake.rf 1440.00000000 53341.43004529221204990 1.00000 7 
 fake.rf 1440.00000000 53351.39779465413449699 1.00000 7 
 fake.rf 1440.00000000 53361.34844830559592310 1.00000 7 
 fake.rf 1440.00000000 53371.32530637137274354 1.00000 7 
 fake.rf 1440.00000000 53381.32716676581094006 1.00000 7 
 fake.rf 1440.00000000 53391.30883542838558142 1.00000 7 
 fake.rf 1440.00000000 53401.28808818769408617 1.00000 7 
 fake.rf 1440.00000000 53411.25784188721984336 1.00000 7 
 fake.rf 1440.00000000 53421.18559099250762401 1.00000 7 
 fake.rf 1440.00000000 53431.18192076269215818 1.00000 7 
 fake.rf 1440.00000000 53441.16089378659632914 1.00000 7 
 fake.rf 1440.00000000 53451.12999644177821779 1.00000 7 
 fake.rf 1440.00000000 53461.12271186145543567 1.00000 7 
 fake.rf 1440.00000000 53471.06739261837548938 1.00000 7 
 fake.rf 1440.00000000 53480.99782438207736845 1.00000 7 
 fake.rf 1440.00000000 53490.99976374784880662 1.00000 7 
 fake.rf 1440.00000000 53500.99896847198630923 1.00000 7 
 fake.rf 1440.00000000 53510.93889035423917022 1.00000 7 
 fake.rf 1440.00000000 53520.90300009341079956 1.00000 7 
 fake.rf 1440.00000000 53530.89855838608768579 1.00000 7 
 fake.rf 1440.00000000 53540.89876689868945547 1.00000 7 
 fake.rf 1440.00000000 53550.81098220779584906 1.00000 7 
 fake.rf 1440.00000000 53560.80512546850673061 1.00000 7 
 fake.rf 1440.00000000 53570.78681704790522389 1.00000 7 
 fake.rf 1440.00000000 53580.78533529263166457 1.00000 7 
 fake.rf 1440.00000000 53590.72888787892744489 1.00000 7 
 fake.rf 1440.00000000 53600.71253033051707959 1.00000 7 
 fake.rf 1440.00000000 53610.65158101571375937 1.00000 7 
 fake.rf 1440.00000000 53620.66057255662454750 1.00000 7 
 fake.rf 1440.00000000 53630.64577332445609414 1.00000 7 
 fake.rf 1440.00000000 53640.61166178229551704 1.00000 7 
 fake.rf 1440.00000000 53650.55074528748826168 1.00000 7 
 fake.rf 1440.00000000 53660.53099973746932250 1.00000 7 
