FORMAT 1
MODE 1
 fake.rf 1440.00000000 50000.56918485060563029 1.00000 7 
 fake.rf 1440.00000000 50010.57903093730997313 1.00000 7 
 fake.rf 1440.00000000 50020.51933355330602993 1.00000 7 
 fake.rf 1440.00000000 50030.49075083214776072 1.00000 7 
 fake.rf 1440.00000000 50040.45401256874088247 1.00000 7 
 fake.rf 1440.00000000 50050.48621621360359768 1.00000 7 
 fake.rf 1440.00000000 50060.44743925450697830 1.00000 7 
 fake.rf 1440.00000000 50070.38405101550485909 1.00000 7 
 fake.rf 1440.00000000 50080.39761794198004097 1.00000 7 
 fake.rf 1440.00000000 50090.34729733490051018 1.00000 7 
 fake.rf 1440.00000000 50100.32637409398402539 1.00000 7 
 fake.rf 1440.00000000 50110.28644691547932410 1.00000 7 
 fake.rf 1440.00000000 50120.28114978483994690 1.00000 7 
 fake.rf 1440.00000000 50130.24146076822612983 1.00000 7 
 fake.rf 1440.00000000 50140.17758734147214739 1.00000 7 
 fake.rf 1440.00000000 50150.15328590776101692 1.00000 7 
 fake.rf 1440.00000000 50160.14935518330969444 1.00000 7 
 fake.rf 1440.00000000 50170.11525207338350896 1.00000 7 
 fake.rf 1440.00000000 50180.13592227048468075 1.00000 7 
 fake.rf 1440.00000000 50190.06983742671409487 1.00000 7 
 fake.rf 1440.00000000 50200.09175545468107771 1.00000 7 
 fake.rf 1440.00000000 50210.04556893375562510 1.00000 7 
 fake.rf 1440.00000000 50220.02706920205419650 1.00000 7 
 fake.rf 1440.00000000 50229.94418608183647734 1.00000 7 
 fake.rf 1440.00000000 50239.97083990144118104 1.00000 7 
 fake.rf 1440.00000000 50249.92318014460355968 1.00000 7 
 fake.rf 1440.00000000 50259.91847197484851861 1.00000 7 
 fake.rf 1440.00000000 50269.89291607775442472 1.00000 7 
 fake.rf 1440.00000000 50279.79143547262998837 1.00000 7 
 fake.rf 1440.00000000 50289.82918674733325659 1.00000 7 
 fake.rf 1440.00000000 50299.77732612019255143 1.00000 7 
 fake.rf 1440.00000000 50309.72284015585674055 1.00000 7 
 fake.rf 1440.00000000 50319.71440852357180518 1.00000 7 
 fake.rf 1440.00000000 50329.71348818794937330 1.00000 7 
 fake.rf 1440.00000000 50339.65772379234890010 1.00000 7 
 fake.rf 1440.00000000 50349.63985824697774163 1.00000 7 
 fake.rf 1440.00000000 50359.61511258407402991 1.00000 7 
 fake.rf 1440.00000000 50369.54787557790171348 1.00000 7 
 fake.rf 1440.00000000 50379.57725942740298919 1.00000 7 
 fake.rf 1440.00000000 50389.51005170082943607 1.00000 7 
 fake.rf 1440.00000000 50399.50313173011018719 1.00000 7 
 fake.rf 1440.00000000 50409.45556332610059158 1.00000 7 
 fake.rf 1440.00000000 50419.45906609930410269 1.00000 7 
 fake.rf 1440.00000000 50429.39082005705210321 1.00000 7 
 fake.rf 1440.00000000 50439.41420028339827297 1.00000 7 
 fake.rf 1440.00000000 50449.38113396630375718 1.00000 7 
 fake.rf 1440.00000000 50459.31589077968930113 1.00000 7 
 fake.rf 1440.00000000 50469.27931127811763190 1.00000 7 
 fake.rf 1440.00000000 50479.32277954031496492 1.00000 7 
 fake.rf 1440.00000000 50489.22217758821775035 1.00000 7 
 fake.rf 1440.00000000 50499.23015086601696666 1.00000 7 
 fake.rf 1440.00000000 50509.23950816132863295 1.00000 7 
 fake.rf 1440.00000000 50519.20335734314470955 1.00000 7 
 fake.rf 1440.00000000 50529.13680190210124366 1.00000 7 
 fake.rf 1440.00000000 50539.09058045181549801 1.00000 7 
 fake.rf 1440.00000000 50549.10838773536886492 1.00000 7 
 fake.rf 1440.00000000 50559.10481020552898457 1.00000 7 
 fake.rf 1440.00000000 50569.08118492165572277 1.00000 7 
 fake.rf 1440.00000000 50579.01740737149798122 1.00000 7 
 fake.rf 1440.00000000 50589.02298686405150008 1.00000 7 
 fake.rf 1440.00000000 50598.98108384234425472 1.00000 7 
 fake.rf 1440.00000000 50608.89275000991695208 1.00000 7 
 fake.rf 1440.00000000 50618.87114783041736388 1.00000 7 
 fake.rf 1440.00000000 50628.84811750928455965 1.00000 7 
 fake.rf 1440.00000000 50638.86950104210959012 1.00000 7 
 fake.rf 1440.00000000 50648.81943882013056779 1.00000 7 
 fake.rf 1440.00000000 50658.80584726664295303 1.00000 7 
 fake.rf 1440.00000000 50668.74645611010715740 1.00000 7 
 fake.rf 1440.00000000 50678.73979457348396949 1.00000 7 
 fake.rf 1440.00000000 50688.69955787361962152 1.00000 7 
 fake.rf 1440.00000000 50698.68359664961407418 1.00000 7 
 fake.rf 1440.00000000 50708.69731948400009003 1.00000 7 
 fake.rf 1440.00000000 50718.63681870597723389 1.00000 7 
 fake.rf 1440.00000000 50728.56833123517789730 1.00000 7 
 fake.rf 1440.00000000 50738.54111234387081808 1.00000 7 
 fake.rf 1440.00000000 50748.53129614987743068 1.00000 7 
 fake.rf 1440.00000000 50758.54038006628143975 1.00000 7 
 fake.rf 1440.00000000 50768.47522231992376263 1.00000 7 
 fake.rf 1440.00000000 50778.45613094514341057 1.00000 7 
 fake.rf 1440.00000000 50788.45265409699368675 1.00000 7 
 fake.rf 1440.00000000 50798.39753206873123403 1.00000 7 
 fake.rf 1440.00000000 50808.41371830486080441 1.00000 7 
 fake.rf 1440.00000000 50818.36356977158393278 1.00000 7 
 fake.rf 1440.00000000 50828.29960123662217342 1.00000 7 
 fake.rf 1440.00000000 50838.27653641249216321 1.00000 7 
 fake.rf 1440.00000000 50848.29080408236317723 1.00000 7 
 fake.rf 1440.00000000 50858.27194714073475978 1.00000 7 
 fake.rf 1440.00000000 50868.18927581715998798 1.00000 7 
 fake.rf 1440.00000000 50878.20722250596284297 1.00000 7 
 fake.rf 1440.00000000 50888.15189235268782397 1.00000 7 
 fake.rf 1440.00000000 50898.10210482630976969 1.00000 7 
 fake.rf 1440.00000000 50908.10545282630214459 1.00000 7 
 fake.rf 1440.00000000 50918.07242652038385344 1.00000 7 
 fake.rf 1440.00000000 50928.02834113436889396 1.00000 7 
 fake.rf 1440.00000000 50938.03596315711588005 1.00000 7 
 fake.rf 1440.00000000 50947.96829135482036577 1.00000 7 
 fake.rf 1440.00000000 50957.98478145718553378 1.00000 7 
 fake.rf 1440.00000000 50967.92278292067225820 1.00000 7 
 fake.rf 1440.00000000 50977.90635760663185394 1.00000 7 
 fake.rf 1440.00000000 50987.86015717921421242 1.00000 7 
 fake.rf 1440.00000000 50997.86855960872862070 1.00000 7 
 fake.rf 1440.00000000 51007.86347744240668689 1.00000 7 
 fake.rf 1440.00000000 51017.77497080642140759 1.00000 7 
 fake.rf 1440.00000000 51027.75017680257379027 1.00000 7 
 fake.rf 1440.00000000 51037.78724482412166452 1.00000 7 
 fake.rf 1440.00000000 51047.69882367086458785 1.00000 7 
 fake.rf 1440.00000000 51057.69151778551836429 1.00000 7 
 fake.rf 1440.00000000 51067.68164071054402697 1.00000 7 
 fake.rf 1440.00000000 51077.63869944686013724 1.00000 7 
 fake.rf 1440.00000000 51087.63960656056202225 1.00000 7 
 fake.rf 1440.00000000 51097.57022367783704553 1.00000 7 
 fake.rf 1440.00000000 51107.58279803507429762 1.00000 7 
 fake.rf 1440.00000000 51117.54386235847297115 1.00000 7 
 fake.rf 1440.00000000 51127.53496860635413412 1.00000 7 
 fake.rf 1440.00000000 51137.51087874695373259 1.00000 7 
 fake.rf 1440.00000000 51147.47618262884038742 1.00000 7 
 fake.rf 1440.00000000 51157.42552750884886592 1.00000 7 
 fake.rf 1440.00000000 51167.40988505921581364 1.00000 7 
 fake.rf 1440.00000000 51177.40315525030290544 1.00000 7 
 fake.rf 1440.00000000 51187.31441782991073808 1.00000 7 
 fake.rf 1440.00000000 51197.35408289251501657 1.00000 7 
 fake.rf 1440.00000000 51207.32486989229784058 1.00000 7 
 fake.rf 1440.00000000 51217.26678483171068734 1.00000 7 
 fake.rf 1440.00000000 51227.21739455373203853 1.00000 7 
 fake.rf 1440.00000000 51237.17140053919569453 1.00000 7 
 fake.rf 1440.00000000 51247.14824184489327408 1.00000 7 
 fake.rf 1440.00000000 51257.14181743772464017 1.00000 7 
 fake.rf 1440.00000000 51267.13961781596644229 1.00000 7 
 fake.rf 1440.00000000 51277.08176493183108491 1.00000 7 
 fake.rf 1440.00000000 51287.08621954655109576 1.00000 7 
 fake.rf 1440.00000000 51297.06512380794510975 1.00000 7 
 fake.rf 1440.00000000 51307.04297770765741404 1.00000 7 
 fake.rf 1440.00000000 51316.98632115037037593 1.00000 7 
 fake.rf 1440.00000000 51326.98735643088983238 1.00000 7 
 fake.rf 1440.00000000 51336.96772070682966316 1.00000 7 
 fake.rf 1440.00000000 51346.89210314828960335 1.00000 7 
 fake.rf 1440.00000000 51356.91535492347568947 1.00000 7 
 fake.rf 1440.00000000 51366.83238431176868133 1.00000 7 
 fake.rf 1440.00000000 51376.85752736850394484 1.00000 7 
 fake.rf 1440.00000000 51386.78180890904589617 1.00000 7 
 fake.rf 1440.00000000 51396.81038301571684812 1.00000 7 
 fake.rf 1440.00000000 51406.71011418309668883 1.00000 7 
 fake.rf 1440.00000000 51416.75760772463271309 1.00000 7 
 fake.rf 1440.00000000 51426.69121724555709818 1.00000 7 
 fake.rf 1440.00000000 51436.69269229365019669 1.00000 7 
 fake.rf 1440.00000000 51446.66006696478714488 1.00000 7 
 fake.rf 1440.00000000 51456.58628465770928884 1.00000 7 
 fake.rf 1440.00000000 51466.56440897798156442 1.00000 7 
 fake.rf 1440.00000000 51476.54344554964760761 1.00000 7 
 fake.rf 1440.00000000 51486.49023774576757617 1.00000 7 
 fake.rf 1440.00000000 51496.49026231375432161 1.00000 7 
 fake.rf 1440.00000000 51506.45293494167860615 1.00000 7 
 fake.rf 1440.00000000 51516.48115179843414424 1.00000 7 
 fake.rf 1440.00000000 51526.45039565397492609 1.00000 7 
 fake.rf 1440.00000000 51536.39098234833353374 1.00000 7 
 fake.rf 1440.00000000 51546.40050948110875240 1.00000 7 
 fake.rf 1440.00000000 51556.37389897984012421 1.00000 7 
 fake.rf 1440.00000000 51566.33536558583969978 1.00000 7 
 fake.rf 1440.00000000 51576.28666413742099905 1.00000 7 
 fake.rf 1440.00000000 51586.22950505155077749 1.00000 7 
 fake.rf 1440.00000000 51596.22273061525546112 1.00000 7 
 fake.rf 1440.00000000 51606.18023777693716525 1.00000 7 
 fake.rf 1440.00000000 51616.21157027073674683 1.00000 7 
 fake.rf 1440.00000000 51626.17544359716861990 1.00000 7 
 fake.rf 1440.00000000 51636.07795706580979100 1.00000 7 
 fake.rf 1440.00000000 51646.11695812059263488 1.00000 7 
 fake.rf 1440.00000000 51656.03251820051266563 1.00000 7 
 fake.rf 1440.00000000 51666.06892113795908728 1.00000 7 
 fake.rf 1440.00000000 51675.96892258693767630 1.00000 7 
 fake.rf 1440.00000000 51686.02026339416220679 1.00000 7 
 fake.rf 1440.00000000 51695.92491886922840649 1.00000 7 
 fake.rf 1440.00000000 51705.96413209599590743 1.00000 7 
 fake.rf 1440.00000000 51715.94250836929711923 1.00000 7 
 fake.rf 1440.00000000 51725.83862843046814461 1.00000 7 
 fake.rf 1440.00000000 51735.83875549009327699 1.00000 7 
 fake.rf 1440.00000000 51745.84591117199567023 1.00000 7 
 fake.rf 1440.00000000 51755.82004355998972400 1.00000 7 
 fake.rf 1440.00000000 51765.77369268028364857 1.00000 7 
 fake.rf 1440.00000000 51775.70294360904862074 1.00000 7 
 fake.rf 1440.00000000 51785.68341692852715141 1.00000 7 
 fake.rf 1440.00000000 51795.69449591091061791 1.00000 7 
 fake.rf 1440.00000000 51805.65107575424434572 1.00000 7 
 fake.rf 1440.00000000 51815.62152599838463019 1.00000 7 
 fake.rf 1440.00000000 51825.60479287143853000 1.00000 7 
 fake.rf 1440.00000000 51835.55792088322819922 1.00000 7 
 fake.rf 1440.00000000 51845.57959552755785282 1.00000 7 
 fake.rf 1440.00000000 51855.51636052815920053 1.00000 7 
 fake.rf 1440.00000000 51865.47018235032696509 1.00000 7 
 fake.rf 1440.00000000 51875.48062792189588421 1.00000 7 
 fake.rf 1440.00000000 51885.39599581053906263 1.00000 7 
 fake.rf 1440.00000000 51895.40329625697225069 1.00000 7 
 fake.rf 1440.00000000 51905.35093834659355849 1.00000 7 
 fake.rf 1440.00000000 51915.33445108994729722 1.00000 7 
 fake.rf 1440.00000000 51925.31705502319725909 1.00000 7 
 fake.rf 1440.00000000 51935.33920811738438061 1.00000 7 
 fake.rf 1440.00000000 51945.25253859931587641 1.00000 7 
 fake.rf 1440.00000000 51955.21811461884115246 1.00000 7 
 fake.rf 1440.00000000 51965.18313215543038197 1.00000 7 
 fake.rf 1440.00000000 51975.16016991880081122 1.00000 7 
 fake.rf 1440.00000000 51985.13638507199584282 1.00000 7 
 fake.rf 1440.00000000 51995.09671433378481709 1.00000 7 
 fake.rf 1440.00000000 52005.08904525559352194 1.00000 7 
 fake.rf 1440.00000000 52015.04844466258436242 1.00000 7 
 fake.rf 1440.00000000 52025.01445454036542415 1.00000 7 
 fake.rf 1440.00000000 52035.01354316761394259 1.00000 7 
 fake.rf 1440.00000000 52045.00037396819795887 1.00000 7 
 fake.rf 1440.00000000 52055.00084384642707036 1.00000 7 
 fake.rf 1440.00000000 52064.91803585923177877 1.00000 7 
 fake.rf 1440.00000000 52074.88582010128092392 1.00000 7 
 fake.rf 1440.00000000 52084.92617861798985857 1.00000 7 
 fake.rf 1440.00000000 52094.85114825076219347 1.00000 7 
 fake.rf 1440.00000000 52104.85731582428482156 1.00000 7 
 fake.rf 1440.00000000 52114.79822522610381341 1.00000 7 
 fake.rf 1440.00000000 52124.80428277569030016 1.00000 7 
 fake.rf 1440.00000000 52134.73768818595671704 1.00000 7 
 fake.rf 1440.00000000 52144.74236326826038734 1.00000 7 
 fake.rf 1440.00000000 52154.71406644779768413 1.00000 7 
 fake.rf 1440.00000000 52164.69487453187952042 1.00000 7 
 fake.rf 1440.00000000 52174.68067575543093284 1.00000 7 
 fake.rf 1440.00000000 52184.60679550938407445 1.00000 7 
 fake.rf 1440.00000000 52194.61360913056357447 1.00000 7 
 fake.rf 1440.00000000 52204.55068185830574023 1.00000 7 
 fake.rf 1440.00000000 52214.53508133847417838 1.00000 7 
 fake.rf 1440.00000000 52224.46937869323034320 1.00000 7 
 fake.rf 1440.00000000 52234.49969300182883813 1.00000 7 
 fake.rf 1440.00000000 52244.45021660449773293 1.00000 7 
 fake.rf 1440.00000000 52254.40848212782037763 1.00000 7 
 fake.rf 1440.00000000 52264.43167680909775541 1.00000 7 
 fake.rf 1440.00000000 52274.37452224795167055 1.00000 7 
 fake.rf 1440.00000000 52284.33712985296282127 1.00000 7 
 fake.rf 1440.00000000 52294.28051065808840647 1.00000 7 
 fake.rf 1440.00000000 52304.29432304983654589 1.00000 7 
 fake.rf 1440.00000000 52314.27656590920372182 1.00000 7 
 fake.rf 1440.00000000 52324.20665048182157264 1.00000 7 
 fake.rf 1440.00000000 52334.21377707453176953 1.00000 7 
 fake.rf 1440.00000000 52344.22241289792938801 1.00000 7 
 fake.rf 1440.00000000 52354.16663259410597675 1.00000 7 
 fake.rf 1440.00000000 52364.11820008030269591 1.00000 7 
 fake.rf 1440.00000000 52374.07133225797554132 1.00000 7 
 fake.rf 1440.00000000 52384.09397387558011872 1.00000 7 
 fake.rf 1440.00000000 52394.02987086597443067 1.00000 7 
 fake.rf 1440.00000000 52404.01861031474521013 1.00000 7 
 fake.rf 1440.00000000 52413.99139053702138114 1.00000 7 
 fake.rf 1440.00000000 52423.97883455714536183 1.00000 7 
 fake.rf 1440.00000000 52433.91760257566208381 1.00000 7 
 fake.rf 1440.00000000 52443.93442586069095057 1.00000 7 
 fake.rf 1440.00000000 52453.87051593709691133 1.00000 7 
 fake.rf 1440.00000000 52463.89162484007950837 1.00000 7 
 fake.rf 1440.00000000 52473.83322722946920891 1.00000 7 
 fake.rf 1440.00000000 52483.78242287746189731 1.00000 7 
 fake.rf 1440.00000000 52493.75695581099860831 1.00000 7 
 fake.rf 1440.00000000 52503.73267615814948783 1.00000 7 
 fake.rf 1440.00000000 52513.72958218490402160 1.00000 7 
 fake.rf 1440.00000000 52523.71581898948621969 1.00000 7 
 fake.rf 1440.00000000 52533.65314101502345778 1.00000 7 
 fake.rf 1440.00000000 52543.62433236804243819 1.00000 7 
 fake.rf 1440.00000000 52553.58839708719512629 1.00000 7 
 fake.rf 1440.00000000 52563.59462230630156654 1.00000 7 
 fake.rf 1440.00000000 52573.53297931692646827 1.00000 7 
 fake.rf 1440.00000000 52583.55052713443324564 1.00000 7 
 fake.rf 1440.00000000 52593.46333097239040555 1.00000 7 
 fake.rf 1440.00000000 52603.45570649372235650 1.00000 7 
 fake.rf 1440.00000000 52613.43103766854863323 1.00000 7 
 fake.rf 1440.00000000 52623.43672205076275006 1.00000 7 
 fake.rf 1440.00000000 52633.38648643919177061 1.00000 7 
 fake.rf 1440.00000000 52643.39624853989519337 1.00000 7 
 fake.rf 1440.00000000 52653.35453976993650826 1.00000 7 
 fake.rf 1440.00000000 52663.27582819773457246 1.00000 7 
 fake.rf 1440.00000000 52673.26446211383426288 1.00000 7 
 fake.rf 1440.00000000 52683.28652315517499005 1.00000 7 
 fake.rf 1440.00000000 52693.25775755898147779 1.00000 7 
 fake.rf 1440.00000000 52703.20959276414376404 1.00000 7 
 fake.rf 1440.00000000 52713.16436430036705119 1.00000 7 
 fake.rf 1440.00000000 52723.13568323636197022 1.00000 7 
 fake.rf 1440.00000000 52733.10226680285206413 1.00000 7 
 fake.rf 1440.00000000 52743.10644405216975628 1.00000 7 
 fake.rf 1440.00000000 52753.03855725489512096 1.00000 7 
 fake.rf 1440.00000000 52763.05186859189408466 1.00000 7 
 fake.rf 1440.00000000 52773.02112570055781049 1.00000 7 
 fake.rf 1440.00000000 52783.00547894608202526 1.00000 7 
 fake.rf 1440.00000000 52792.91195694464985522 1.00000 7 
 fake.rf 1440.00000000 52802.96638464375723743 1.00000 7 
 fake.rf 1440.00000000 52812.87042927351459198 1.00000 7 
 fake.rf 1440.00000000 52822.88445094425524573 1.00000 7 
 fake.rf 1440.00000000 52832.86908644488612907 1.00000 7 
 fake.rf 1440.00000000 52842.82109075682491550 1.00000 7 
 fake.rf 1440.00000000 52852.75027478719690066 1.00000 7 
 fake.rf 1440.00000000 52862.72627933049818338 1.00000 7 
 fake.rf 1440.00000000 52872.71181323370268146 1.00000 7 
 fake.rf 1440.00000000 52882.68999192364879747 1.00000 7 
 fake.rf 1440.00000000 52892.71084858191478162 1.00000 7 
 fake.rf 1440.00000000 52902.63649071742781871 1.00000 7 
 fake.rf 1440.00000000 52912.63434918255359563 1.00000 7 
 fake.rf 1440.00000000 52922.57450808785898033 1.00000 7 
 fake.rf 1440.00000000 52932.53313890874289172 1.00000 7 
 fake.rf 1440.00000000 52942.50806613734697237 1.00000 7 
 fake.rf 1440.00000000 52952.48529144139420310 1.00000 7 
 fake.rf 1440.00000000 52962.51285118745928315 1.00000 7 
 fake.rf 1440.00000000 52972.43637111059698697 1.00000 7 
 fake.rf 1440.00000000 52982.42953469423234480 1.00000 7 
 fake.rf 1440.00000000 52992.42312647854375385 1.00000 7 
 fake.rf 1440.00000000 53002.34518517433675200 1.00000 7 
 fake.rf 1440.00000000 53012.31748829653774635 1.00000 7 
 fake.rf 1440.00000000 53022.29315596313786330 1.00000 7 
 fake.rf 1440.00000000 53032.29717121530142876 1.00000 7 
 fake.rf 1440.00000000 53042.26336221887617839 1.00000 7 
 fake.rf 1440.00000000 53052.27051147369240880 1.00000 7 
 fake.rf 1440.00000000 53062.23394428019583557 1.00000 7 
 fake.rf 1440.00000000 53072.15741761297567791 1.00000 7 
 fake.rf 1440.00000000 53082.16112829926896666 1.00000 7 
 fake.rf 1440.00000000 53092.13621866622657919 1.00000 7 
 fake.rf 1440.00000000 53102.07680767381015841 1.00000 7 
 fake.rf 1440.00000000 53112.07891705856750875 1.00000 7 
 fake.rf 1440.00000000 53122.06868976116874492 1.00000 7 
 fake.rf 1440.00000000 53132.05060474703377693 1.00000 7 
 fake.rf 1440.00000000 53141.98132065125898293 1.00000 7 
 fake.rf 1440.00000000 53151.95040202334138257 1.00000 7 
 fake.rf 1440.00000000 53161.97213868161777484 1.00000 7 
 fake.rf 1440.00000000 53171.90616346016825844 1.00000 7 
 fake.rf 1440.00000000 53181.88808304950169514 1.00000 7 
 fake.rf 1440.00000000 53191.83196941615670283 1.00000 7 
 fake.rf 1440.00000000 53201.81415520727772872 1.00000 7 
 fake.rf 1440.00000000 53211.83235456248723239 1.00000 7 
 fake.rf 1440.00000000 53221.80140371569745739 1.00000 7 
 fake.rf 1440.00000000 53231.75105276001846377 1.00000 7 
 fake.rf 1440.00000000 53241.75518728371060817 1.00000 7 
 fake.rf 1440.00000000 53251.72646797569931465 1.00000 7 
 fake.rf 1440.00000000 53261.68064663918226387 1.00000 7 
 fake.rf 1440.00000000 53271.65631196220683208 1.00000 7 
 fake.rf 1440.00000000 53281.57841690390027978 1.00000 7 
 fake.rf 1440.00000000 53291.55306349160167656 1.00000 7 
 fake.rf 1440.00000000 53301.54962489306313955 1.00000 7 
 fake.rf 1440.00000000 53311.50442620755983114 1.00000 7 
 fake.rf 1440.00000000 53321.47868024073228455 1.00000 7 
 fake.rf 1440.00000000 53331.47821367821909533 1.00000 7 
 fake.rf 1440.00000000 53341.46433454225783066 1.00000 7 
 fake.rf 1440.00000000 53351.43208391784039790 1.00000 7 
 fake.rf 1440.00000000 53361.38273761861934119 1.00000 7 
 fake.rf 1440.00000000 53371.35959560839521743 1.00000 7 
 fake.rf 1440.00000000 53381.36145603544523297 1.00000 7 
 fake.rf 1440.00000000 53391.34312469809043122 1.00000 7 
 fake.rf 1440.00000000 53401.32237746228606667 1.00000 7 
 fake.rf 1440.00000000 53411.29213118009852934 1.00000 7 
 fake.rf 1440.00000000 53421.21988026003405992 1.00000 7 
 fake.rf 1440.00000000 53431.21621001574560950 1.00000 7 
 fake.rf 1440.00000000 53441.19518306154456511 1.00000 7 
 fake.rf 1440.00000000 53451.16428571339017495 1.00000 7 
 fake.rf 1440.00000000 53461.15700115928824587 1.00000 7 
 fake.rf 1440.00000000 53471.10168187077695379 1.00000 7 
 fake.rf 1440.00000000 53481.03211362467348167 1.00000 7 
 fake.rf 1440.00000000 53491.03405302493991158 1.00000 7 
 fake.rf 1440.00000000 53501.03325775665769015 1.00000 7 
 fake.rf 1440.00000000 53510.97317966663802125 1.00000 7 
 fake.rf 1440.00000000 53520.93728937722560701 1.00000 7 
 fake.rf 1440.00000000 53530.93284762257447795 1.00000 7 
 fake.rf 1440.00000000 53540.93305617466894120 1.00000 7 
 fake.rf 1440.00000000 53550.84527149770213938 1.00000 7 
 fake.rf 1440.00000000 53560.83941477677470999 1.00000 7 
 fake.rf 1440.00000000 53570.82110629658649614 1.00000 7 
 fake.rf 1440.00000000 53580.81962456655093519 1.00000 7 
 fake.rf 1440.00000000 53590.76317715423461507 1.00000 7 
 fake.rf 1440.00000000 53600.74681960552449311 1.00000 7 
 fake.rf 1440.00000000 53610.68587027571119208 1.00000 7 
 fake.rf 1440.00000000 53620.69486184953058228 1.00000 7 
 fake.rf 1440.00000000 53630.68006261635230558 1.00000 7 
 fake.rf 1440.00000000 53640.64595107490049486 1.00000 7 
 fake.rf 1440.00000000 53650.58503451244520477 1.00000 7 
 fake.rf 1440.00000000 53660.56528902099578815 1.00000 7 
