FORMAT 1
MODE 1
 fake.rf 1440.00000000 50000.70269144416180396 1.00000 7 
 fake.rf 1440.00000000 50010.71253747699683245 1.00000 7 
 fake.rf 1440.00000000 50020.65284015298149001 1.00000 7 
 fake.rf 1440.00000000 50030.62425741933337164 1.00000 7 
 fake.rf 1440.00000000 50040.58751913294002733 1.00000 7 
 fake.rf 1440.00000000 50050.61972278446064877 1.00000 7 
 fake.rf 1440.00000000 50060.58094582812995910 1.00000 7 
 fake.rf 1440.00000000 50070.51755759483247132 1.00000 7 
 fake.rf 1440.00000000 50080.53112451104718161 1.00000 7 
 fake.rf 1440.00000000 50090.48080393994042936 1.00000 7 
 fake.rf 1440.00000000 50100.45988066936470773 1.00000 7 
 fake.rf 1440.00000000 50110.41995352476753922 1.00000 7 
 fake.rf 1440.00000000 50120.41465637496708752 1.00000 7 
 fake.rf 1440.00000000 50130.37496735689041216 1.00000 7 
 fake.rf 1440.00000000 50140.31109392410019865 1.00000 7 
 fake.rf 1440.00000000 50150.28679247400997099 1.00000 7 
 fake.rf 1440.00000000 50160.28286175742331210 1.00000 7 
 fake.rf 1440.00000000 50170.24875867091048676 1.00000 7 
 fake.rf 1440.00000000 50180.26942885781755876 1.00000 7 
 fake.rf 1440.00000000 50190.20334403717782124 1.00000 7 
 fake.rf 1440.00000000 50200.22526204208190492 1.00000 7 
 fake.rf 1440.00000000 50210.17907555137160358 1.00000 7 
 fake.rf 1440.00000000 50220.16057580818780437 1.00000 7 
 fake.rf 1440.00000000 50230.07769268888968028 1.00000 7 
 fake.rf 1440.00000000 50240.10434648827502357 1.00000 7 
 fake.rf 1440.00000000 50250.05668669360915501 1.00000 7 
 fake.rf 1440.00000000 50260.05197856748469576 1.00000 7 
 fake.rf 1440.00000000 50270.02642268144811410 1.00000 7 
 fake.rf 1440.00000000 50279.92494201621740046 1.00000 7 
 fake.rf 1440.00000000 50289.96269336721893595 1.00000 7 
 fake.rf 1440.00000000 50299.91083269392790811 1.00000 7 
 fake.rf 1440.00000000 50309.85634676051907377 1.00000 7 
 fake.rf 1440.00000000 50319.84791512141545766 1.00000 7 
 fake.rf 1440.00000000 50329.84699475981875594 1.00000 7 
 fake.rf 1440.00000000 50339.79123043518515246 1.00000 7 
 fake.rf 1440.00000000 50349.77336484989873000 1.00000 7 
 fake.rf 1440.00000000 50359.74861919132638377 1.00000 7 
 fake.rf 1440.00000000 50369.68138214821168219 1.00000 7 
 fake.rf 1440.00000000 50379.71076603536243255 1.00000 7 
 fake.rf 1440.00000000 50389.64355829339034898 1.00000 7 
 fake.rf 1440.00000000 50399.63663835669454016 1.00000 7 
 fake.rf 1440.00000000 50409.58906991463607383 1.00000 7 
 fake.rf 1440.00000000 50419.59257267790546919 1.00000 7 
 fake.rf 1440.00000000 50429.52432665293180847 1.00000 7 
 fake.rf 1440.00000000 50439.54770688138308188 1.00000 7 
 fake.rf 1440.00000000 50449.51464054855720320 1.00000 7 
 fake.rf 1440.00000000 50459.44939736219147974 1.00000 7 
 fake.rf 1440.00000000 50469.41281787899970723 1.00000 7 
 fake.rf 1440.00000000 50479.45628613715457789 1.00000 7 
 fake.rf 1440.00000000 50489.35568416154193727 1.00000 7 
 fake.rf 1440.00000000 50499.36365748916278662 1.00000 7 
 fake.rf 1440.00000000 50509.37301478526494591 1.00000 7 
 fake.rf 1440.00000000 50519.33686396661606466 1.00000 7 
 fake.rf 1440.00000000 50529.27030852854379006 1.00000 7 
 fake.rf 1440.00000000 50539.22408706482211116 1.00000 7 
 fake.rf 1440.00000000 50549.24189437951709181 1.00000 7 
 fake.rf 1440.00000000 50559.23831679343429357 1.00000 7 
 fake.rf 1440.00000000 50569.21469150457387443 1.00000 7 
 fake.rf 1440.00000000 50579.15091395346649605 1.00000 7 
 fake.rf 1440.00000000 50589.15649346813991016 1.00000 7 
 fake.rf 1440.00000000 50599.11459040560487210 1.00000 7 
 fake.rf 1440.00000000 50609.02625657441332763 1.00000 7 
 fake.rf 1440.00000000 50619.00465440289212893 1.00000 7 
 fake.rf 1440.00000000 50628.98162409701371089 1.00000 7 
 fake.rf 1440.00000000 50639.00300758530471157 1.00000 7 
 fake.rf 1440.00000000 50648.95294541972393532 1.00000 7 
 fake.rf 1440.00000000 50658.93935385696117635 1.00000 7 
 fake.rf 1440.00000000 50668.87996267110085569 1.00000 7 
 fake.rf 1440.00000000 50678.87330116779481060 1.00000 7 
 fake.rf 1440.00000000 50688.83306445805008877 1.00000 7 
 fake.rf 1440.00000000 50698.81710324936488377 1.00000 7 
 fake.rf 1440.00000000 50708.83082603396282195 1.00000 7 
 fake.rf 1440.00000000 50718.77032528295572433 1.00000 7 
 fake.rf 1440.00000000 50728.70183781278192114 1.00000 7 
 fake.rf 1440.00000000 50738.67461896883009587 1.00000 7 
 fake.rf 1440.00000000 50748.66480273485683838 1.00000 7 
 fake.rf 1440.00000000 50758.67388666059368063 1.00000 7 
 fake.rf 1440.00000000 50768.60872887927036246 1.00000 7 
 fake.rf 1440.00000000 50778.58963751649286777 1.00000 7 
 fake.rf 1440.00000000 50788.58616071409612758 1.00000 7 
 fake.rf 1440.00000000 50798.53103867137896543 1.00000 7 
 fake.rf 1440.00000000 50808.54722491995439171 1.00000 7 
 fake.rf 1440.00000000 50818.49707641137360881 1.00000 7 
 fake.rf 1440.00000000 50828.43310785318754341 1.00000 7 
 fake.rf 1440.00000000 50838.41004301021861878 1.00000 7 
 fake.rf 1440.00000000 50848.42431065162274351 1.00000 7 
 fake.rf 1440.00000000 50858.40545375437403308 1.00000 7 
 fake.rf 1440.00000000 50868.32278239794567654 1.00000 7 
 fake.rf 1440.00000000 50878.34072909831428788 1.00000 7 
 fake.rf 1440.00000000 50888.28539893112203174 1.00000 7 
 fake.rf 1440.00000000 50898.23561139842351153 1.00000 7 
 fake.rf 1440.00000000 50908.23895939334733285 1.00000 7 
 fake.rf 1440.00000000 50918.20593307619919443 1.00000 7 
 fake.rf 1440.00000000 50928.16184770914603064 1.00000 7 
 fake.rf 1440.00000000 50938.16946976351724530 1.00000 7 
 fake.rf 1440.00000000 50948.10179796898450277 1.00000 7 
 fake.rf 1440.00000000 50958.11828805899202521 1.00000 7 
 fake.rf 1440.00000000 50968.05628950937878230 1.00000 7 
 fake.rf 1440.00000000 50978.03986419317168099 1.00000 7 
 fake.rf 1440.00000000 50987.99366375150492203 1.00000 7 
 fake.rf 1440.00000000 50998.00206622362108888 1.00000 7 
 fake.rf 1440.00000000 51007.99698401041741747 1.00000 7 
 fake.rf 1440.00000000 51017.90847740417733291 1.00000 7 
 fake.rf 1440.00000000 51027.88368344034590862 1.00000 7 
 fake.rf 1440.00000000 51037.92075142559272649 1.00000 7 
 fake.rf 1440.00000000 51047.83233022857311312 1.00000 7 
 fake.rf 1440.00000000 51057.82502439576679265 1.00000 7 
 fake.rf 1440.00000000 51067.81514732807690038 1.00000 7 
 fake.rf 1440.00000000 51077.77220607092803917 1.00000 7 
 fake.rf 1440.00000000 51087.77311315905404143 1.00000 7 
 fake.rf 1440.00000000 51097.70373028095171364 1.00000 7 
 fake.rf 1440.00000000 51107.71630458485740789 1.00000 7 
 fake.rf 1440.00000000 51117.67736896685707038 1.00000 7 
 fake.rf 1440.00000000 51127.66847522984262753 1.00000 7 
 fake.rf 1440.00000000 51137.64438533650026031 1.00000 7 
 fake.rf 1440.00000000 51147.60968920427358242 1.00000 7 
 fake.rf 1440.00000000 51157.55903410997347791 1.00000 7 
 fake.rf 1440.00000000 51167.54339168608535005 1.00000 7 
 fake.rf 1440.00000000 51177.53666184353451030 1.00000 7 
 fake.rf 1440.00000000 51187.44792445656738522 1.00000 7 
 fake.rf 1440.00000000 51197.48758951981645637 1.00000 7 
 fake.rf 1440.00000000 51207.45837649284841930 1.00000 7 
 fake.rf 1440.00000000 51217.40029143564309777 1.00000 7 
 fake.rf 1440.00000000 51227.35090117279645128 1.00000 7 
 fake.rf 1440.00000000 51237.30490710451913827 1.00000 7 
 fake.rf 1440.00000000 51247.28174842114716014 1.00000 7 
 fake.rf 1440.00000000 51257.27532400322642658 1.00000 7 
 fake.rf 1440.00000000 51267.27312440239595404 1.00000 7 
 fake.rf 1440.00000000 51277.21527150890808144 1.00000 7 
 fake.rf 1440.00000000 51287.21972611261731956 1.00000 7 
 fake.rf 1440.00000000 51297.19863037600255140 1.00000 7 
 fake.rf 1440.00000000 51307.17648430687866323 1.00000 7 
 fake.rf 1440.00000000 51317.11982771488715471 1.00000 7 
 fake.rf 1440.00000000 51327.12086301106285191 1.00000 7 
 fake.rf 1440.00000000 51337.10122725414021971 1.00000 7 
 fake.rf 1440.00000000 51347.02560971645053201 1.00000 7 
 fake.rf 1440.00000000 51357.04886153662634740 1.00000 7 
 fake.rf 1440.00000000 51366.96589089966413511 1.00000 7 
 fake.rf 1440.00000000 51376.99103394222745322 1.00000 7 
 fake.rf 1440.00000000 51386.91531549795963585 1.00000 7 
 fake.rf 1440.00000000 51396.94388964310073220 1.00000 7 
 fake.rf 1440.00000000 51406.84362077713135619 1.00000 7 
 fake.rf 1440.00000000 51416.89111434529015909 1.00000 7 
 fake.rf 1440.00000000 51426.82472383985522413 1.00000 7 
 fake.rf 1440.00000000 51436.82619891144472390 1.00000 7 
 fake.rf 1440.00000000 51446.79357356022684300 1.00000 7 
 fake.rf 1440.00000000 51456.71979129434986078 1.00000 7 
 fake.rf 1440.00000000 51466.69791555543108075 1.00000 7 
 fake.rf 1440.00000000 51476.67695214952490446 1.00000 7 
 fake.rf 1440.00000000 51486.62374435053238741 1.00000 7 
 fake.rf 1440.00000000 51496.62376892150390262 1.00000 7 
 fake.rf 1440.00000000 51506.58644153974773161 1.00000 7 
 fake.rf 1440.00000000 51516.61465837587013894 1.00000 7 
 fake.rf 1440.00000000 51526.58390220870440857 1.00000 7 
 fake.rf 1440.00000000 51536.52448894658861178 1.00000 7 
 fake.rf 1440.00000000 51546.53401612180318736 1.00000 7 
 fake.rf 1440.00000000 51556.50740556926908909 1.00000 7 
 fake.rf 1440.00000000 51566.46887216492739014 1.00000 7 
 fake.rf 1440.00000000 51576.42017075099739287 1.00000 7 
 fake.rf 1440.00000000 51586.36301166709164789 1.00000 7 
 fake.rf 1440.00000000 51596.35623723324996348 1.00000 7 
 fake.rf 1440.00000000 51606.31374434438930265 1.00000 7 
 fake.rf 1440.00000000 51616.34507690195583152 1.00000 7 
 fake.rf 1440.00000000 51626.30895015474436605 1.00000 7 
 fake.rf 1440.00000000 51636.21146361934751567 1.00000 7 
 fake.rf 1440.00000000 51646.25046473548146153 1.00000 7 
 fake.rf 1440.00000000 51656.16602478756302474 1.00000 7 
 fake.rf 1440.00000000 51666.20242772673320886 1.00000 7 
 fake.rf 1440.00000000 51676.10242919412688423 1.00000 7 
 fake.rf 1440.00000000 51686.15376996296805956 1.00000 7 
 fake.rf 1440.00000000 51696.05842543590007310 1.00000 7 
 fake.rf 1440.00000000 51706.09763868335061687 1.00000 7 
 fake.rf 1440.00000000 51716.07601496168668476 1.00000 7 
 fake.rf 1440.00000000 51725.97213501615149056 1.00000 7 
 fake.rf 1440.00000000 51735.97226209445871703 1.00000 7 
 fake.rf 1440.00000000 51745.97941776798375813 1.00000 7 
 fake.rf 1440.00000000 51755.95355014922688497 1.00000 7 
 fake.rf 1440.00000000 51765.90719924354218406 1.00000 7 
 fake.rf 1440.00000000 51775.83645022378656719 1.00000 7 
 fake.rf 1440.00000000 51785.81692351159177079 1.00000 7 
 fake.rf 1440.00000000 51795.82800251333485875 1.00000 7 
 fake.rf 1440.00000000 51805.78458237146999465 1.00000 7 
 fake.rf 1440.00000000 51815.75503259801509159 1.00000 7 
 fake.rf 1440.00000000 51825.73829942528560721 1.00000 7 
 fake.rf 1440.00000000 51835.69142747470280241 1.00000 7 
 fake.rf 1440.00000000 51845.71310212821962793 1.00000 7 
 fake.rf 1440.00000000 51855.64986713851942923 1.00000 7 
 fake.rf 1440.00000000 51865.60368896371805292 1.00000 7 
 fake.rf 1440.00000000 51875.61413452501679089 1.00000 7 
 fake.rf 1440.00000000 51885.52950240523319536 1.00000 7 
 fake.rf 1440.00000000 51895.53680287205365573 1.00000 7 
 fake.rf 1440.00000000 51905.48444497803283681 1.00000 7 
 fake.rf 1440.00000000 51915.46795767047625603 1.00000 7 
 fake.rf 1440.00000000 51925.45056160904585951 1.00000 7 
 fake.rf 1440.00000000 51935.47271468843857178 1.00000 7 
 fake.rf 1440.00000000 51945.38604521825907767 1.00000 7 
 fake.rf 1440.00000000 51955.35162125702218461 1.00000 7 
 fake.rf 1440.00000000 51965.31663871581998748 1.00000 7 
 fake.rf 1440.00000000 51975.29367652283643508 1.00000 7 
 fake.rf 1440.00000000 51985.26989165926250180 1.00000 7 
 fake.rf 1440.00000000 51995.23022094873752863 1.00000 7 
 fake.rf 1440.00000000 52005.22255182371460336 1.00000 7 
 fake.rf 1440.00000000 52015.18195127696479929 1.00000 7 
 fake.rf 1440.00000000 52025.14796112538370920 1.00000 7 
 fake.rf 1440.00000000 52035.14704972763486879 1.00000 7 
 fake.rf 1440.00000000 52045.13388054217471179 1.00000 7 
 fake.rf 1440.00000000 52055.13435042801194896 1.00000 7 
 fake.rf 1440.00000000 52065.05154246312984512 1.00000 7 
 fake.rf 1440.00000000 52075.01932673791858264 1.00000 7 
 fake.rf 1440.00000000 52085.05968524397428610 1.00000 7 
 fake.rf 1440.00000000 52094.98465488031056481 1.00000 7 
 fake.rf 1440.00000000 52104.99082242227894568 1.00000 7 
 fake.rf 1440.00000000 52114.93173180740913608 1.00000 7 
 fake.rf 1440.00000000 52124.93778935098121252 1.00000 7 
 fake.rf 1440.00000000 52134.87119477655992483 1.00000 7 
 fake.rf 1440.00000000 52144.87586987869491750 1.00000 7 
 fake.rf 1440.00000000 52154.84757301856427958 1.00000 7 
 fake.rf 1440.00000000 52164.82838113855532214 1.00000 7 
 fake.rf 1440.00000000 52174.81418236838954527 1.00000 7 
 fake.rf 1440.00000000 52184.74030211143114144 1.00000 7 
 fake.rf 1440.00000000 52194.74711574991980001 1.00000 7 
 fake.rf 1440.00000000 52204.68418842830012494 1.00000 7 
 fake.rf 1440.00000000 52214.66858795110811187 1.00000 7 
 fake.rf 1440.00000000 52224.60288533235119246 1.00000 7 
 fake.rf 1440.00000000 52234.63319957972666785 1.00000 7 
 fake.rf 1440.00000000 52244.58372323572288565 1.00000 7 
 fake.rf 1440.00000000 52254.54198873119448621 1.00000 7 
 fake.rf 1440.00000000 52264.56518337409555386 1.00000 7 
 fake.rf 1440.00000000 52274.50802883550859690 1.00000 7 
 fake.rf 1440.00000000 52284.47063642573002795 1.00000 7 
 fake.rf 1440.00000000 52294.41401724303423393 1.00000 7 
 fake.rf 1440.00000000 52304.42782968036379998 1.00000 7 
 fake.rf 1440.00000000 52314.41007251957829993 1.00000 7 
 fake.rf 1440.00000000 52324.34015710396091947 1.00000 7 
 fake.rf 1440.00000000 52334.34728368653253483 1.00000 7 
 fake.rf 1440.00000000 52344.35591949364236086 1.00000 7 
 fake.rf 1440.00000000 52354.30013923053118674 1.00000 7 
 fake.rf 1440.00000000 52364.25170668660543427 1.00000 7 
 fake.rf 1440.00000000 52374.20483881606418564 1.00000 7 
 fake.rf 1440.00000000 52384.22748044756109920 1.00000 7 
 fake.rf 1440.00000000 52394.16337742132636990 1.00000 7 
 fake.rf 1440.00000000 52404.15211690244452214 1.00000 7 
 fake.rf 1440.00000000 52414.12489711980869700 1.00000 7 
 fake.rf 1440.00000000 52424.11234111219921772 1.00000 7 
 fake.rf 1440.00000000 52434.05110920595852519 1.00000 7 
 fake.rf 1440.00000000 52444.06793246773806416 1.00000 7 
 fake.rf 1440.00000000 52454.00402253346006987 1.00000 7 
 fake.rf 1440.00000000 52464.02513139650457319 1.00000 7 
 fake.rf 1440.00000000 52473.96673382233143101 1.00000 7 
 fake.rf 1440.00000000 52483.91592947501402477 1.00000 7 
 fake.rf 1440.00000000 52493.89046239815251127 1.00000 7 
 fake.rf 1440.00000000 52503.86618274112402815 1.00000 7 
 fake.rf 1440.00000000 52513.86308881387292402 1.00000 7 
 fake.rf 1440.00000000 52523.84932558012411263 1.00000 7 
 fake.rf 1440.00000000 52533.78664764063023185 1.00000 7 
 fake.rf 1440.00000000 52543.75783898683894080 1.00000 7 
 fake.rf 1440.00000000 52553.72190364007932573 1.00000 7 
 fake.rf 1440.00000000 52563.72812888960993050 1.00000 7 
 fake.rf 1440.00000000 52573.66648588405032783 1.00000 7 
 fake.rf 1440.00000000 52583.68403371400591695 1.00000 7 
 fake.rf 1440.00000000 52593.59683755523627013 1.00000 7 
 fake.rf 1440.00000000 52603.58921310526116244 1.00000 7 
 fake.rf 1440.00000000 52613.56454425363950378 1.00000 7 
 fake.rf 1440.00000000 52623.57022869136411458 1.00000 7 
 fake.rf 1440.00000000 52633.51999306313750893 1.00000 7 
 fake.rf 1440.00000000 52643.52975517760322433 1.00000 7 
 fake.rf 1440.00000000 52653.48804634201432506 1.00000 7 
 fake.rf 1440.00000000 52663.40933477103501303 1.00000 7 
 fake.rf 1440.00000000 52673.39796872114628457 1.00000 7 
 fake.rf 1440.00000000 52683.42002979664621876 1.00000 7 
 fake.rf 1440.00000000 52693.39126417137370595 1.00000 7 
 fake.rf 1440.00000000 52703.34309937902211374 1.00000 7 
 fake.rf 1440.00000000 52713.29787089618972828 1.00000 7 
 fake.rf 1440.00000000 52723.26918982091440213 1.00000 7 
 fake.rf 1440.00000000 52733.23577338006956694 1.00000 7 
 fake.rf 1440.00000000 52743.23995063825615048 1.00000 7 
 fake.rf 1440.00000000 52753.17206386533300488 1.00000 7 
 fake.rf 1440.00000000 52763.18537515909507718 1.00000 7 
 fake.rf 1440.00000000 52773.15463226077439529 1.00000 7 
 fake.rf 1440.00000000 52783.13898552604198500 1.00000 7 
 fake.rf 1440.00000000 52793.04546350210524608 1.00000 7 
 fake.rf 1440.00000000 52803.09989125947002719 1.00000 7 
 fake.rf 1440.00000000 52813.00393586057327511 1.00000 7 
 fake.rf 1440.00000000 52823.01795752609247714 1.00000 7 
 fake.rf 1440.00000000 52833.00259300327878265 1.00000 7 
 fake.rf 1440.00000000 52842.95459736623563174 1.00000 7 
 fake.rf 1440.00000000 52852.88378137147518032 1.00000 7 
 fake.rf 1440.00000000 52862.85978594180691559 1.00000 7 
 fake.rf 1440.00000000 52872.84531981096073849 1.00000 7 
 fake.rf 1440.00000000 52882.82349850921906409 1.00000 7 
 fake.rf 1440.00000000 52892.84435520361520844 1.00000 7 
 fake.rf 1440.00000000 52902.76999727787891459 1.00000 7 
 fake.rf 1440.00000000 52912.76785581449337315 1.00000 7 
 fake.rf 1440.00000000 52922.70801463849528190 1.00000 7 
 fake.rf 1440.00000000 52932.66664548630025422 1.00000 7 
 fake.rf 1440.00000000 52942.64157270116648846 1.00000 7 
 fake.rf 1440.00000000 52952.61879802157961450 1.00000 7 
 fake.rf 1440.00000000 52962.64635774433100224 1.00000 7 
 fake.rf 1440.00000000 52972.56987775033743659 1.00000 7 
 fake.rf 1440.00000000 52982.56304127553174155 1.00000 7 
 fake.rf 1440.00000000 52992.55663306332028029 1.00000 7 
 fake.rf 1440.00000000 53002.47869177335818236 1.00000 7 
 fake.rf 1440.00000000 53012.45099485827039842 1.00000 7 
 fake.rf 1440.00000000 53022.42666256638294797 1.00000 7 
 fake.rf 1440.00000000 53032.43067780841194292 1.00000 7 
 fake.rf 1440.00000000 53042.39686882306963511 1.00000 7 
 fake.rf 1440.00000000 53052.40401804530008079 1.00000 7 
 fake.rf 1440.00000000 53062.36745085548928103 1.00000 7 
 fake.rf 1440.00000000 53072.29092419889025578 1.00000 7 
 fake.rf 1440.00000000 53082.29463487950172151 1.00000 7 
 fake.rf 1440.00000000 53092.26972525090785382 1.00000 7 
 fake.rf 1440.00000000 53102.21031425541340099 1.00000 7 
 fake.rf 1440.00000000 53112.21242366423444992 1.00000 7 
 fake.rf 1440.00000000 53122.20219635686265747 1.00000 7 
 fake.rf 1440.00000000 53132.18411133578489469 1.00000 7 
 fake.rf 1440.00000000 53142.11482725226185053 1.00000 7 
 fake.rf 1440.00000000 53152.08390862943412358 1.00000 7 
 fake.rf 1440.00000000 53162.10564527706868532 1.00000 7 
 fake.rf 1440.00000000 53172.03967006962896491 1.00000 7 
 fake.rf 1440.00000000 53182.02158962348400451 1.00000 7 
 fake.rf 1440.00000000 53191.96547601355413093 1.00000 7 
 fake.rf 1440.00000000 53201.94766178866910522 1.00000 7 
 fake.rf 1440.00000000 53211.96586116823813128 1.00000 7 
 fake.rf 1440.00000000 53221.93491030109376538 1.00000 7 
 fake.rf 1440.00000000 53231.88455932492558986 1.00000 7 
 fake.rf 1440.00000000 53241.88869385907891996 1.00000 7 
 fake.rf 1440.00000000 53251.85997461457172975 1.00000 7 
 fake.rf 1440.00000000 53261.81415322121262079 1.00000 7 
 fake.rf 1440.00000000 53271.78981855147626590 1.00000 7 
 fake.rf 1440.00000000 53281.71192350937977622 1.00000 7 
 fake.rf 1440.00000000 53291.68657009128171254 1.00000 7 
 fake.rf 1440.00000000 53301.68313148557433223 1.00000 7 
 fake.rf 1440.00000000 53311.63793279783384804 1.00000 7 
 fake.rf 1440.00000000 53321.61218680041462648 1.00000 7 
 fake.rf 1440.00000000 53331.61172028545092516 1.00000 7 
 fake.rf 1440.00000000 53341.59784116838896395 1.00000 7 
 fake.rf 1440.00000000 53351.56559051432366658 1.00000 7 
 fake.rf 1440.00000000 53361.51624422258928604 1.00000 7 
 fake.rf 1440.00000000 53371.49310222568754725 1.00000 7 
 fake.rf 1440.00000000 53381.49496263197254819 1.00000 7 
 fake.rf 1440.00000000 53391.47663127034005370 1.00000 7 
 fake.rf 1440.00000000 53401.45588403598138427 1.00000 7 
 fake.rf 1440.00000000 53411.42563777604367914 1.00000 7 
 fake.rf 1440.00000000 53421.35338685653697866 1.00000 7 
 fake.rf 1440.00000000 53431.34971661046570901 1.00000 7 
 fake.rf 1440.00000000 53441.32868963764195058 1.00000 7 
 fake.rf 1440.00000000 53451.29779228473209329 1.00000 7 
 fake.rf 1440.00000000 53461.29050772867276109 1.00000 7 
 fake.rf 1440.00000000 53471.23518846370130930 1.00000 7 
 fake.rf 1440.00000000 53481.16562020926899024 1.00000 7 
 fake.rf 1440.00000000 53491.16755959019484479 1.00000 7 
 fake.rf 1440.00000000 53501.16676435192332306 1.00000 7 
 fake.rf 1440.00000000 53511.10668626783293078 1.00000 7 
 fake.rf 1440.00000000 53521.07079598243948482 1.00000 7 
 fake.rf 1440.00000000 53531.06635424187165384 1.00000 7 
 fake.rf 1440.00000000 53541.06656281565453170 1.00000 7 
 fake.rf 1440.00000000 53550.97877807712145781 1.00000 7 
 fake.rf 1440.00000000 53560.97292132382087715 1.00000 7 
 fake.rf 1440.00000000 53570.95461289075839773 1.00000 7 
 fake.rf 1440.00000000 53580.95313113820398243 1.00000 7 
 fake.rf 1440.00000000 53590.89668376903992097 1.00000 7 
 fake.rf 1440.00000000 53600.88032619368535947 1.00000 7 
 fake.rf 1440.00000000 53610.81937686422837785 1.00000 7 
 fake.rf 1440.00000000 53620.82836840586389116 1.00000 7 
 fake.rf 1440.00000000 53630.81356918974982761 1.00000 7 
 fake.rf 1440.00000000 53640.77945769561233647 1.00000 7 
 fake.rf 1440.00000000 53650.71854113796862507 1.00000 7 
 fake.rf 1440.00000000 53660.69879564935873972 1.00000 7 
