FORMAT 1
MODE 1
 fake.rf 1440.00000000 50000.77069745536024215 1.00000 7 
 fake.rf 1440.00000000 50010.78054353272984756 1.00000 7 
 fake.rf 1440.00000000 50020.72084615193594459 1.00000 7 
 fake.rf 1440.00000000 50030.69226342864612889 1.00000 7 
 fake.rf 1440.00000000 50040.65552515197056849 1.00000 7 
 fake.rf 1440.00000000 50050.68772881877704961 1.00000 7 
 fake.rf 1440.00000000 50060.64895185268895261 1.00000 7 
 fake.rf 1440.00000000 50070.58556362267992768 1.00000 7 
 fake.rf 1440.00000000 50080.59913053970904429 1.00000 7 
 fake.rf 1440.00000000 50090.54880994606457989 1.00000 7 
 fake.rf 1440.00000000 50100.52788667350939988 1.00000 7 
 fake.rf 1440.00000000 50110.48795950869284610 1.00000 7 
 fake.rf 1440.00000000 50120.48266240187475162 1.00000 7 
 fake.rf 1440.00000000 50130.44297336231850792 1.00000 7 
 fake.rf 1440.00000000 50140.37909995495839865 1.00000 7 
 fake.rf 1440.00000000 50150.35479850290623105 1.00000 7 
 fake.rf 1440.00000000 50160.35086780039492638 1.00000 7 
 fake.rf 1440.00000000 50170.31676467626242300 1.00000 7 
 fake.rf 1440.00000000 50180.33743487758490431 1.00000 7 
 fake.rf 1440.00000000 50190.27135003365895116 1.00000 7 
 fake.rf 1440.00000000 50200.29326805729843386 1.00000 7 
 fake.rf 1440.00000000 50210.24708153172580438 1.00000 7 
 fake.rf 1440.00000000 50220.22858179644936882 1.00000 7 
 fake.rf 1440.00000000 50230.14569869444419581 1.00000 7 
 fake.rf 1440.00000000 50240.17235250586819362 1.00000 7 
 fake.rf 1440.00000000 50250.12469273962878802 1.00000 7 
 fake.rf 1440.00000000 50260.11998458178826255 1.00000 7 
 fake.rf 1440.00000000 50270.09442869308732327 1.00000 7 
 fake.rf 1440.00000000 50279.99294806748356734 1.00000 7 
 fake.rf 1440.00000000 50290.03069937732509231 1.00000 7 
 fake.rf 1440.00000000 50299.97883873657344367 1.00000 7 
 fake.rf 1440.00000000 50309.92435274676219592 1.00000 7 
 fake.rf 1440.00000000 50319.91592112988374907 1.00000 7 
 fake.rf 1440.00000000 50329.91500081018923396 1.00000 7 
 fake.rf 1440.00000000 50339.85923640092993026 1.00000 7 
 fake.rf 1440.00000000 50349.84137083239806998 1.00000 7 
 fake.rf 1440.00000000 50359.81662517629568754 1.00000 7 
 fake.rf 1440.00000000 50369.74938817722250306 1.00000 7 
 fake.rf 1440.00000000 50379.77877205472751854 1.00000 7 
 fake.rf 1440.00000000 50389.71156429463622217 1.00000 7 
 fake.rf 1440.00000000 50399.70464435134624637 1.00000 7 
 fake.rf 1440.00000000 50409.65707594518171675 1.00000 7 
 fake.rf 1440.00000000 50419.66057871890313180 1.00000 7 
 fake.rf 1440.00000000 50429.59233265939354141 1.00000 7 
 fake.rf 1440.00000000 50439.61571288700536897 1.00000 7 
 fake.rf 1440.00000000 50449.58264657022909105 1.00000 7 
 fake.rf 1440.00000000 50459.51740339635303201 1.00000 7 
 fake.rf 1440.00000000 50469.48082391498462229 1.00000 7 
 fake.rf 1440.00000000 50479.52429217034022457 1.00000 7 
 fake.rf 1440.00000000 50489.42369018713687367 1.00000 7 
 fake.rf 1440.00000000 50499.43166348562919410 1.00000 7 
 fake.rf 1440.00000000 50509.44102077485993263 1.00000 7 
 fake.rf 1440.00000000 50519.40486994793859665 1.00000 7 
 fake.rf 1440.00000000 50529.33831453501174380 1.00000 7 
 fake.rf 1440.00000000 50539.29209305788064199 1.00000 7 
 fake.rf 1440.00000000 50549.30990037263812198 1.00000 7 
 fake.rf 1440.00000000 50559.30632284052517988 1.00000 7 
 fake.rf 1440.00000000 50569.28269751300780399 1.00000 7 
 fake.rf 1440.00000000 50579.21891995453287549 1.00000 7 
 fake.rf 1440.00000000 50589.22449946951498845 1.00000 7 
 fake.rf 1440.00000000 50599.18259645761980892 1.00000 7 
 fake.rf 1440.00000000 50609.09426258161450107 1.00000 7 
 fake.rf 1440.00000000 50619.07266041907006127 1.00000 7 
 fake.rf 1440.00000000 50629.04963013617205192 1.00000 7 
 fake.rf 1440.00000000 50639.07101363245385173 1.00000 7 
 fake.rf 1440.00000000 50649.02095140341825896 1.00000 7 
 fake.rf 1440.00000000 50659.00735987274013539 1.00000 7 
 fake.rf 1440.00000000 50668.94796871346076372 1.00000 7 
 fake.rf 1440.00000000 50678.94130714347583577 1.00000 7 
 fake.rf 1440.00000000 50688.90107046823901271 1.00000 7 
 fake.rf 1440.00000000 50698.88510923172707479 1.00000 7 
 fake.rf 1440.00000000 50708.89883207307605417 1.00000 7 
 fake.rf 1440.00000000 50718.83833130715765236 1.00000 7 
 fake.rf 1440.00000000 50728.76984383835948833 1.00000 7 
 fake.rf 1440.00000000 50738.74262494590615091 1.00000 7 
 fake.rf 1440.00000000 50748.73280875975324733 1.00000 7 
 fake.rf 1440.00000000 50758.74189266143586963 1.00000 7 
 fake.rf 1440.00000000 50768.67673490863100483 1.00000 7 
 fake.rf 1440.00000000 50778.65764352219237310 1.00000 7 
 fake.rf 1440.00000000 50788.65416670695040224 1.00000 7 
 fake.rf 1440.00000000 50798.59904466748629304 1.00000 7 
 fake.rf 1440.00000000 50808.61523093669283568 1.00000 7 
 fake.rf 1440.00000000 50818.56508238907303365 1.00000 7 
 fake.rf 1440.00000000 50828.50111382678041849 1.00000 7 
 fake.rf 1440.00000000 50838.47804900449920851 1.00000 7 
 fake.rf 1440.00000000 50848.49231667909946708 1.00000 7 
 fake.rf 1440.00000000 50858.47345974870078678 1.00000 7 
 fake.rf 1440.00000000 50868.39078841450631074 1.00000 7 
 fake.rf 1440.00000000 50878.40873507987897284 1.00000 7 
 fake.rf 1440.00000000 50888.35340495166916241 1.00000 7 
 fake.rf 1440.00000000 50898.30361740587515840 1.00000 7 
 fake.rf 1440.00000000 50908.30696544007887994 1.00000 7 
 fake.rf 1440.00000000 50918.27393910668594401 1.00000 7 
 fake.rf 1440.00000000 50928.22985376128380253 1.00000 7 
 fake.rf 1440.00000000 50938.23747577337648806 1.00000 7 
 fake.rf 1440.00000000 50948.16980395367612289 1.00000 7 
 fake.rf 1440.00000000 50958.18629405771815044 1.00000 7 
 fake.rf 1440.00000000 50968.12429554314551794 1.00000 7 
 fake.rf 1440.00000000 50978.10787023540779828 1.00000 7 
 fake.rf 1440.00000000 50988.06166977488701164 1.00000 7 
 fake.rf 1440.00000000 50998.07007220480445042 1.00000 7 
 fake.rf 1440.00000000 51008.06499003816003324 1.00000 7 
 fake.rf 1440.00000000 51017.97648339874191237 1.00000 7 
 fake.rf 1440.00000000 51027.95168941261387729 1.00000 7 
 fake.rf 1440.00000000 51037.98875744386804953 1.00000 7 
 fake.rf 1440.00000000 51047.90033626400129307 1.00000 7 
 fake.rf 1440.00000000 51057.89303038059930628 1.00000 7 
 fake.rf 1440.00000000 51067.88315333917929451 1.00000 7 
 fake.rf 1440.00000000 51077.84021207721576729 1.00000 7 
 fake.rf 1440.00000000 51087.84111914595513326 1.00000 7 
 fake.rf 1440.00000000 51097.77173627607086104 1.00000 7 
 fake.rf 1440.00000000 51107.78431063768609022 1.00000 7 
 fake.rf 1440.00000000 51117.74537499153219500 1.00000 7 
 fake.rf 1440.00000000 51127.73648124171493734 1.00000 7 
 fake.rf 1440.00000000 51137.71239134772220680 1.00000 7 
 fake.rf 1440.00000000 51147.67769522224201850 1.00000 7 
 fake.rf 1440.00000000 51157.62704013275126158 1.00000 7 
 fake.rf 1440.00000000 51167.61139766956589270 1.00000 7 
 fake.rf 1440.00000000 51177.60466786944193274 1.00000 7 
 fake.rf 1440.00000000 51187.51593046330938463 1.00000 7 
 fake.rf 1440.00000000 51197.55559551580192235 1.00000 7 
 fake.rf 1440.00000000 51207.52638249975687756 1.00000 7 
 fake.rf 1440.00000000 51217.46829745663264077 1.00000 7 
 fake.rf 1440.00000000 51227.41890718528237514 1.00000 7 
 fake.rf 1440.00000000 51237.37291315704438333 1.00000 7 
 fake.rf 1440.00000000 51247.34975446367030116 1.00000 7 
 fake.rf 1440.00000000 51257.34333003497084036 1.00000 7 
 fake.rf 1440.00000000 51267.34113041848252479 1.00000 7 
 fake.rf 1440.00000000 51277.28327755107354236 1.00000 7 
 fake.rf 1440.00000000 51287.28773214073273223 1.00000 7 
 fake.rf 1440.00000000 51297.26663643225537825 1.00000 7 
 fake.rf 1440.00000000 51307.24449032593727082 1.00000 7 
 fake.rf 1440.00000000 51317.18783374572519307 1.00000 7 
 fake.rf 1440.00000000 51327.18886906800810976 1.00000 7 
 fake.rf 1440.00000000 51337.16923330417379390 1.00000 7 
 fake.rf 1440.00000000 51347.09361573331857542 1.00000 7 
 fake.rf 1440.00000000 51357.11686753399920136 1.00000 7 
 fake.rf 1440.00000000 51367.03389690307341553 1.00000 7 
 fake.rf 1440.00000000 51377.05903994366497756 1.00000 7 
 fake.rf 1440.00000000 51386.98332151100440868 1.00000 7 
 fake.rf 1440.00000000 51397.01189563007403294 1.00000 7 
 fake.rf 1440.00000000 51406.91162677444145146 1.00000 7 
 fake.rf 1440.00000000 51416.95912033975765709 1.00000 7 
 fake.rf 1440.00000000 51426.89272984560688329 1.00000 7 
 fake.rf 1440.00000000 51436.89420490095062988 1.00000 7 
 fake.rf 1440.00000000 51446.86157959616984670 1.00000 7 
 fake.rf 1440.00000000 51456.78779726355502788 1.00000 7 
 fake.rf 1440.00000000 51466.76592158127004240 1.00000 7 
 fake.rf 1440.00000000 51476.74495814427515228 1.00000 7 
 fake.rf 1440.00000000 51486.69175034171526306 1.00000 7 
 fake.rf 1440.00000000 51496.69177492490236503 1.00000 7 
 fake.rf 1440.00000000 51506.65444755047057512 1.00000 7 
 fake.rf 1440.00000000 51516.68266441616946594 1.00000 7 
 fake.rf 1440.00000000 51526.65190824604549036 1.00000 7 
 fake.rf 1440.00000000 51536.59249492685716021 1.00000 7 
 fake.rf 1440.00000000 51546.60202208998197193 1.00000 7 
 fake.rf 1440.00000000 51556.57541159813613163 1.00000 7 
 fake.rf 1440.00000000 51566.53687818763633288 1.00000 7 
 fake.rf 1440.00000000 51576.48817674049192661 1.00000 7 
 fake.rf 1440.00000000 51586.43101767987347372 1.00000 7 
 fake.rf 1440.00000000 51596.42424323865954960 1.00000 7 
 fake.rf 1440.00000000 51606.38175037216501551 1.00000 7 
 fake.rf 1440.00000000 51616.41308288300020379 1.00000 7 
 fake.rf 1440.00000000 51626.37695618517698293 1.00000 7 
 fake.rf 1440.00000000 51636.27946964471650659 1.00000 7 
 fake.rf 1440.00000000 51646.31847074673484244 1.00000 7 
 fake.rf 1440.00000000 51656.23403080644618868 1.00000 7 
 fake.rf 1440.00000000 51666.27043373457063780 1.00000 7 
 fake.rf 1440.00000000 51676.17043519734244583 1.00000 7 
 fake.rf 1440.00000000 51686.22177598068153515 1.00000 7 
 fake.rf 1440.00000000 51696.12643146521815751 1.00000 7 
 fake.rf 1440.00000000 51706.16564471772671041 1.00000 7 
 fake.rf 1440.00000000 51716.14402097984854478 1.00000 7 
 fake.rf 1440.00000000 51726.04014101208774434 1.00000 7 
 fake.rf 1440.00000000 51736.04026808705504337 1.00000 7 
 fake.rf 1440.00000000 51746.04742377971829370 1.00000 7 
 fake.rf 1440.00000000 51756.02155615376762299 1.00000 7 
 fake.rf 1440.00000000 51765.97520525004113168 1.00000 7 
 fake.rf 1440.00000000 51775.90445622904970691 1.00000 7 
 fake.rf 1440.00000000 51785.88492951826135879 1.00000 7 
 fake.rf 1440.00000000 51795.89600850323527936 1.00000 7 
 fake.rf 1440.00000000 51805.85258836016878092 1.00000 7 
 fake.rf 1440.00000000 51815.82303860926941397 1.00000 7 
 fake.rf 1440.00000000 51825.80630547152945908 1.00000 7 
 fake.rf 1440.00000000 51835.75943348823371082 1.00000 7 
 fake.rf 1440.00000000 51845.78110812591590673 1.00000 7 
 fake.rf 1440.00000000 51855.71787310354980605 1.00000 7 
 fake.rf 1440.00000000 51865.67169494941649788 1.00000 7 
 fake.rf 1440.00000000 51875.68214052102419842 1.00000 7 
 fake.rf 1440.00000000 51885.59750839922752164 1.00000 7 
 fake.rf 1440.00000000 51895.60480887602547995 1.00000 7 
 fake.rf 1440.00000000 51905.55245097258854869 1.00000 7 
 fake.rf 1440.00000000 51915.53596368667354000 1.00000 7 
 fake.rf 1440.00000000 51925.51856761652745575 1.00000 7 
 fake.rf 1440.00000000 51935.54072071366527297 1.00000 7 
 fake.rf 1440.00000000 51945.45405122550338461 1.00000 7 
 fake.rf 1440.00000000 51955.41962724239893490 1.00000 7 
 fake.rf 1440.00000000 51965.38464472534520411 1.00000 7 
 fake.rf 1440.00000000 51975.36168250441146199 1.00000 7 
 fake.rf 1440.00000000 51985.33789767470103271 1.00000 7 
 fake.rf 1440.00000000 51995.29822692961094432 1.00000 7 
 fake.rf 1440.00000000 52005.29055785468218431 1.00000 7 
 fake.rf 1440.00000000 52015.24995727692204639 1.00000 7 
 fake.rf 1440.00000000 52025.21596715109615161 1.00000 7 
 fake.rf 1440.00000000 52035.21505577337003245 1.00000 7 
 fake.rf 1440.00000000 52045.20188657335949145 1.00000 7 
 fake.rf 1440.00000000 52055.20235646090834791 1.00000 7 
 fake.rf 1440.00000000 52065.11954848360490899 1.00000 7 
 fake.rf 1440.00000000 52075.08733273299112909 1.00000 7 
 fake.rf 1440.00000000 52085.12769123858975107 1.00000 7 
 fake.rf 1440.00000000 52095.05266086654270907 1.00000 7 
 fake.rf 1440.00000000 52105.05882846163145672 1.00000 7 
 fake.rf 1440.00000000 52114.99973779854705214 1.00000 7 
 fake.rf 1440.00000000 52125.00579538908015209 1.00000 7 
 fake.rf 1440.00000000 52134.93920078175865029 1.00000 7 
 fake.rf 1440.00000000 52144.94387585769037941 1.00000 7 
 fake.rf 1440.00000000 52154.91557905044837185 1.00000 7 
 fake.rf 1440.00000000 52164.89638713946116866 1.00000 7 
 fake.rf 1440.00000000 52174.88218836778773380 1.00000 7 
 fake.rf 1440.00000000 52184.80830811784058554 1.00000 7 
 fake.rf 1440.00000000 52194.81512175524031250 1.00000 7 
 fake.rf 1440.00000000 52204.75219444033298899 1.00000 7 
 fake.rf 1440.00000000 52214.73659396296045543 1.00000 7 
 fake.rf 1440.00000000 52224.67089129964705307 1.00000 7 
 fake.rf 1440.00000000 52234.70120561779826929 1.00000 7 
 fake.rf 1440.00000000 52244.65172920067318785 1.00000 7 
 fake.rf 1440.00000000 52254.60999474313792135 1.00000 7 
 fake.rf 1440.00000000 52264.63318941772710957 1.00000 7 
 fake.rf 1440.00000000 52274.57603485298402646 1.00000 7 
 fake.rf 1440.00000000 52284.53864248020840932 1.00000 7 
 fake.rf 1440.00000000 52294.48202328656230264 1.00000 7 
 fake.rf 1440.00000000 52304.49583567601630918 1.00000 7 
 fake.rf 1440.00000000 52314.47807853734125061 1.00000 7 
 fake.rf 1440.00000000 52324.40816310382064813 1.00000 7 
 fake.rf 1440.00000000 52334.41528968534843358 1.00000 7 
 fake.rf 1440.00000000 52344.42392549104279453 1.00000 7 
 fake.rf 1440.00000000 52354.36814521728009453 1.00000 7 
 fake.rf 1440.00000000 52364.31971266768605489 1.00000 7 
 fake.rf 1440.00000000 52374.27284485509143153 1.00000 7 
 fake.rf 1440.00000000 52384.29548648099175523 1.00000 7 
 fake.rf 1440.00000000 52394.23138347081282262 1.00000 7 
 fake.rf 1440.00000000 52404.22012293162309149 1.00000 7 
 fake.rf 1440.00000000 52414.19290313601224440 1.00000 7 
 fake.rf 1440.00000000 52424.18034714415297870 1.00000 7 
 fake.rf 1440.00000000 52434.11911519726438868 1.00000 7 
 fake.rf 1440.00000000 52444.13593846213902339 1.00000 7 
 fake.rf 1440.00000000 52454.07202857264552520 1.00000 7 
 fake.rf 1440.00000000 52464.09313745193113476 1.00000 7 
 fake.rf 1440.00000000 52474.03473980653372877 1.00000 7 
 fake.rf 1440.00000000 52483.98393547726305286 1.00000 7 
 fake.rf 1440.00000000 52493.95846843271565874 1.00000 7 
 fake.rf 1440.00000000 52503.93418879251800746 1.00000 7 
 fake.rf 1440.00000000 52513.93109480613031437 1.00000 7 
 fake.rf 1440.00000000 52523.91733158182202956 1.00000 7 
 fake.rf 1440.00000000 52533.85465365407057092 1.00000 7 
 fake.rf 1440.00000000 52543.82584496874981994 1.00000 7 
 fake.rf 1440.00000000 52553.78990968352641744 1.00000 7 
 fake.rf 1440.00000000 52563.79613492220233084 1.00000 7 
 fake.rf 1440.00000000 52573.73449192133835695 1.00000 7 
 fake.rf 1440.00000000 52583.75203972143387787 1.00000 7 
 fake.rf 1440.00000000 52593.66484358670027177 1.00000 7 
 fake.rf 1440.00000000 52603.65721907597974649 1.00000 7 
 fake.rf 1440.00000000 52613.63255028426376469 1.00000 7 
 fake.rf 1440.00000000 52623.63823466141997542 1.00000 7 
 fake.rf 1440.00000000 52633.58799904191712571 1.00000 7 
 fake.rf 1440.00000000 52643.59776114277657655 1.00000 7 
 fake.rf 1440.00000000 52653.55605238785304678 1.00000 7 
 fake.rf 1440.00000000 52663.47734080001897539 1.00000 7 
 fake.rf 1440.00000000 52673.46597472485045088 1.00000 7 
 fake.rf 1440.00000000 52683.48803576150103467 1.00000 7 
 fake.rf 1440.00000000 52693.45927014227321905 1.00000 7 
 fake.rf 1440.00000000 52703.41110537221464938 1.00000 7 
 fake.rf 1440.00000000 52713.36587690291800712 1.00000 7 
 fake.rf 1440.00000000 52723.33719583637604700 1.00000 7 
 fake.rf 1440.00000000 52733.30377941378289108 1.00000 7 
 fake.rf 1440.00000000 52743.30795666090158846 1.00000 7 
 fake.rf 1440.00000000 52753.24006986870301716 1.00000 7 
 fake.rf 1440.00000000 52763.25338117782014891 1.00000 7 
 fake.rf 1440.00000000 52773.22263829397022761 1.00000 7 
 fake.rf 1440.00000000 52783.20699153163610262 1.00000 7 
 fake.rf 1440.00000000 52793.11346952673278210 1.00000 7 
 fake.rf 1440.00000000 52803.16789723751475449 1.00000 7 
 fake.rf 1440.00000000 52813.07194187253277207 1.00000 7 
 fake.rf 1440.00000000 52823.08596355786407273 1.00000 7 
 fake.rf 1440.00000000 52833.07059905133970190 1.00000 7 
 fake.rf 1440.00000000 52843.02260338890092939 1.00000 7 
 fake.rf 1440.00000000 52852.95178739346609120 1.00000 7 
 fake.rf 1440.00000000 52862.92779192139285271 1.00000 7 
 fake.rf 1440.00000000 52872.91332584157997587 1.00000 7 
 fake.rf 1440.00000000 52882.89150453122890738 1.00000 7 
 fake.rf 1440.00000000 52892.91236121642647561 1.00000 7 
 fake.rf 1440.00000000 52902.83800332610146810 1.00000 7 
 fake.rf 1440.00000000 52912.83586180251875675 1.00000 7 
 fake.rf 1440.00000000 52922.77602067732577495 1.00000 7 
 fake.rf 1440.00000000 52932.73465152222719610 1.00000 7 
 fake.rf 1440.00000000 52942.70957873622129597 1.00000 7 
 fake.rf 1440.00000000 52952.68680404512793913 1.00000 7 
 fake.rf 1440.00000000 52962.71436377725463274 1.00000 7 
 fake.rf 1440.00000000 52972.63788371523342136 1.00000 7 
 fake.rf 1440.00000000 52982.63104730183721713 1.00000 7 
 fake.rf 1440.00000000 52992.62463908986336136 1.00000 7 
 fake.rf 1440.00000000 53002.54669777368864914 1.00000 7 
 fake.rf 1440.00000000 53012.51900088951629542 1.00000 7 
 fake.rf 1440.00000000 53022.49466853626115537 1.00000 7 
 fake.rf 1440.00000000 53032.49868381923164051 1.00000 7 
 fake.rf 1440.00000000 53042.46487482303623651 1.00000 7 
 fake.rf 1440.00000000 53052.47202408808886531 1.00000 7 
 fake.rf 1440.00000000 53062.43545687930300758 1.00000 7 
 fake.rf 1440.00000000 53072.35893021174625872 1.00000 7 
 fake.rf 1440.00000000 53082.36264089838605784 1.00000 7 
 fake.rf 1440.00000000 53092.33773127068358733 1.00000 7 
 fake.rf 1440.00000000 53102.27832029037246286 1.00000 7 
 fake.rf 1440.00000000 53112.28042969229224823 1.00000 7 
 fake.rf 1440.00000000 53122.27020234680361810 1.00000 7 
 fake.rf 1440.00000000 53132.25211735746513853 1.00000 7 
 fake.rf 1440.00000000 53142.18283325256774319 1.00000 7 
 fake.rf 1440.00000000 53152.15191460153648961 1.00000 7 
 fake.rf 1440.00000000 53162.17365128247732997 1.00000 7 
 fake.rf 1440.00000000 53172.10767604875771752 1.00000 7 
 fake.rf 1440.00000000 53182.08959564748748150 1.00000 7 
 fake.rf 1440.00000000 53192.03348199174107336 1.00000 7 
 fake.rf 1440.00000000 53202.01566779783564698 1.00000 7 
 fake.rf 1440.00000000 53212.03386716043812044 1.00000 7 
 fake.rf 1440.00000000 53222.00291634610423230 1.00000 7 
 fake.rf 1440.00000000 53231.95256533010833877 1.00000 7 
 fake.rf 1440.00000000 53241.95669991341511817 1.00000 7 
 fake.rf 1440.00000000 53251.92798059131794730 1.00000 7 
 fake.rf 1440.00000000 53261.88215925535200412 1.00000 7 
 fake.rf 1440.00000000 53271.85782454084995763 1.00000 7 
 fake.rf 1440.00000000 53281.77992952858556563 1.00000 7 
 fake.rf 1440.00000000 53291.75457609315696672 1.00000 7 
 fake.rf 1440.00000000 53301.75113752546412726 1.00000 7 
 fake.rf 1440.00000000 53311.70593880893912697 1.00000 7 
 fake.rf 1440.00000000 53321.68019284834608129 1.00000 7 
 fake.rf 1440.00000000 53331.67972625226721561 1.00000 7 
 fake.rf 1440.00000000 53341.66584716274227418 1.00000 7 
 fake.rf 1440.00000000 53351.63359655402536319 1.00000 7 
 fake.rf 1440.00000000 53361.58425021006461364 1.00000 7 
 fake.rf 1440.00000000 53371.56110822569836927 1.00000 7 
 fake.rf 1440.00000000 53381.56296861155955114 1.00000 7 
 fake.rf 1440.00000000 53391.54463729502622371 1.00000 7 
 fake.rf 1440.00000000 53401.52389005884538875 1.00000 7 
 fake.rf 1440.00000000 53411.49364376399481813 1.00000 7 
 fake.rf 1440.00000000 53421.42139284514471953 1.00000 7 
 fake.rf 1440.00000000 53431.41772262168460017 1.00000 7 
 fake.rf 1440.00000000 53441.39669567932794791 1.00000 7 
 fake.rf 1440.00000000 53451.36579831877401503 1.00000 7 
 fake.rf 1440.00000000 53461.35851377151104202 1.00000 7 
 fake.rf 1440.00000000 53471.30319450541637494 1.00000 7 
 fake.rf 1440.00000000 53481.23362626278332854 1.00000 7 
 fake.rf 1440.00000000 53491.23556560905513280 1.00000 7 
 fake.rf 1440.00000000 53501.23477035830273962 1.00000 7 
 fake.rf 1440.00000000 53511.17469225875867522 1.00000 7 
 fake.rf 1440.00000000 53521.13880197965248442 1.00000 7 
 fake.rf 1440.00000000 53531.13436024700337512 1.00000 7 
 fake.rf 1440.00000000 53541.13456879483617357 1.00000 7 
 fake.rf 1440.00000000 53551.04678409553418561 1.00000 7 
 fake.rf 1440.00000000 53561.04092736897951710 1.00000 7 
 fake.rf 1440.00000000 53571.02261889614696599 1.00000 7 
 fake.rf 1440.00000000 53581.02113717717859132 1.00000 7 
 fake.rf 1440.00000000 53590.96468975751121278 1.00000 7 
 fake.rf 1440.00000000 53600.94833217356655553 1.00000 7 
 fake.rf 1440.00000000 53610.88738286842636427 1.00000 7 
 fake.rf 1440.00000000 53620.89637443591227495 1.00000 7 
 fake.rf 1440.00000000 53630.88157521393525684 1.00000 7 
 fake.rf 1440.00000000 53640.84746367581988835 1.00000 7 
 fake.rf 1440.00000000 53650.78654713945554278 1.00000 7 
 fake.rf 1440.00000000 53660.76680161825271753 1.00000 7 
