FORMAT 1
MODE 1
 fake.rf 1440.00000000 50000.76724652247893488 1.00000 7 
 fake.rf 1440.00000000 50010.77709256715460029 1.00000 7 
 fake.rf 1440.00000000 50020.71739525169810037 1.00000 7 
 fake.rf 1440.00000000 50030.68881250804892957 1.00000 7 
 fake.rf 1440.00000000 50040.65207423601731307 1.00000 7 
 fake.rf 1440.00000000 50050.68427786787038869 1.00000 7 
 fake.rf 1440.00000000 50060.64550093079694548 1.00000 7 
 fake.rf 1440.00000000 50070.58211270126361114 1.00000 7 
 fake.rf 1440.00000000 50080.59567960357140848 1.00000 7 
 fake.rf 1440.00000000 50090.54535899092155660 1.00000 7 
 fake.rf 1440.00000000 50100.52443573196934423 1.00000 7 
 fake.rf 1440.00000000 50110.48450858361911742 1.00000 7 
 fake.rf 1440.00000000 50120.47921148104080658 1.00000 7 
 fake.rf 1440.00000000 50130.43952243605265906 1.00000 7 
 fake.rf 1440.00000000 50140.37564900675198842 1.00000 7 
 fake.rf 1440.00000000 50150.35134757713283449 1.00000 7 
 fake.rf 1440.00000000 50160.34741685853570914 1.00000 7 
 fake.rf 1440.00000000 50170.31331375324445787 1.00000 7 
 fake.rf 1440.00000000 50180.33398395176757134 1.00000 7 
 fake.rf 1440.00000000 50190.26789911019455204 1.00000 7 
 fake.rf 1440.00000000 50200.28981711668376775 1.00000 7 
 fake.rf 1440.00000000 50210.24363060158499295 1.00000 7 
 fake.rf 1440.00000000 50220.22513087129195952 1.00000 7 
 fake.rf 1440.00000000 50230.14224775389081756 1.00000 7 
 fake.rf 1440.00000000 50240.16890156738399753 1.00000 7 
 fake.rf 1440.00000000 50250.12124181149681945 1.00000 7 
 fake.rf 1440.00000000 50260.11653363683744189 1.00000 7 
 fake.rf 1440.00000000 50270.09097777174169863 1.00000 7 
 fake.rf 1440.00000000 50279.98949712733276840 1.00000 7 
 fake.rf 1440.00000000 50290.02724841135355049 1.00000 7 
 fake.rf 1440.00000000 50299.97538781048334044 1.00000 7 
 fake.rf 1440.00000000 50309.92090180109450870 1.00000 7 
 fake.rf 1440.00000000 50319.91247019468595880 1.00000 7 
 fake.rf 1440.00000000 50329.91154985624836371 1.00000 7 
 fake.rf 1440.00000000 50339.85578550180350987 1.00000 7 
 fake.rf 1440.00000000 50349.83791990258066207 1.00000 7 
 fake.rf 1440.00000000 50359.81317425916363817 1.00000 7 
 fake.rf 1440.00000000 50369.74593722973454035 1.00000 7 
 fake.rf 1440.00000000 50379.77532110663082321 1.00000 7 
 fake.rf 1440.00000000 50389.70811337514178874 1.00000 7 
 fake.rf 1440.00000000 50399.70119343871631656 1.00000 7 
 fake.rf 1440.00000000 50409.65362502877897199 1.00000 7 
 fake.rf 1440.00000000 50419.65712777805592637 1.00000 7 
 fake.rf 1440.00000000 50429.58888171445081738 1.00000 7 
 fake.rf 1440.00000000 50439.61226195292789143 1.00000 7 
 fake.rf 1440.00000000 50449.57919565736325751 1.00000 7 
 fake.rf 1440.00000000 50459.51395244024960007 1.00000 7 
 fake.rf 1440.00000000 50469.47737297880811980 1.00000 7 
 fake.rf 1440.00000000 50479.52084121785040693 1.00000 7 
 fake.rf 1440.00000000 50489.42023923815585462 1.00000 7 
 fake.rf 1440.00000000 50499.42821257299182847 1.00000 7 
 fake.rf 1440.00000000 50509.43756982847763837 1.00000 7 
 fake.rf 1440.00000000 50519.40141901116683698 1.00000 7 
 fake.rf 1440.00000000 50529.33486360634790202 1.00000 7 
 fake.rf 1440.00000000 50539.28864214343510497 1.00000 7 
 fake.rf 1440.00000000 50549.30644943746098008 1.00000 7 
 fake.rf 1440.00000000 50559.30287191082885911 1.00000 7 
 fake.rf 1440.00000000 50569.27924657807617947 1.00000 7 
 fake.rf 1440.00000000 50579.21546902415104796 1.00000 7 
 fake.rf 1440.00000000 50589.22104850525841968 1.00000 7 
 fake.rf 1440.00000000 50599.17914551866242689 1.00000 7 
 fake.rf 1440.00000000 50609.09081167594398210 1.00000 7 
 fake.rf 1440.00000000 50619.06920950842235385 1.00000 7 
 fake.rf 1440.00000000 50629.04617918098247031 1.00000 7 
 fake.rf 1440.00000000 50639.06756268725899162 1.00000 7 
 fake.rf 1440.00000000 50649.01750048278121596 1.00000 7 
 fake.rf 1440.00000000 50659.00390894453401458 1.00000 7 
 fake.rf 1440.00000000 50668.94451776708783797 1.00000 7 
 fake.rf 1440.00000000 50678.93785620683622994 1.00000 7 
 fake.rf 1440.00000000 50688.89761954297661717 1.00000 7 
 fake.rf 1440.00000000 50698.88165829373186355 1.00000 7 
 fake.rf 1440.00000000 50708.89538113336081082 1.00000 7 
 fake.rf 1440.00000000 50718.83488039602359621 1.00000 7 
 fake.rf 1440.00000000 50728.76639293483689741 1.00000 7 
 fake.rf 1440.00000000 50738.73917401119919290 1.00000 7 
 fake.rf 1440.00000000 50748.72935780147578200 1.00000 7 
 fake.rf 1440.00000000 50758.73844172168151090 1.00000 7 
 fake.rf 1440.00000000 50768.67328397761707492 1.00000 7 
 fake.rf 1440.00000000 50778.65419261446049504 1.00000 7 
 fake.rf 1440.00000000 50788.65071578272399933 1.00000 7 
 fake.rf 1440.00000000 50798.59559371229969926 1.00000 7 
 fake.rf 1440.00000000 50808.61178001358220868 1.00000 7 
 fake.rf 1440.00000000 50818.56163147470180519 1.00000 7 
 fake.rf 1440.00000000 50828.49766291046322308 1.00000 7 
 fake.rf 1440.00000000 50838.47459808063328168 1.00000 7 
 fake.rf 1440.00000000 50848.48886575359334117 1.00000 7 
 fake.rf 1440.00000000 50858.47000882894295160 1.00000 7 
 fake.rf 1440.00000000 50868.38733746149102899 1.00000 7 
 fake.rf 1440.00000000 50878.40528416333086525 1.00000 7 
 fake.rf 1440.00000000 50888.34995401094933953 1.00000 7 
 fake.rf 1440.00000000 50898.30016650042962922 1.00000 7 
 fake.rf 1440.00000000 50908.30351448999172348 1.00000 7 
 fake.rf 1440.00000000 50918.27048817252641300 1.00000 7 
 fake.rf 1440.00000000 50928.22640281804177320 1.00000 7 
 fake.rf 1440.00000000 50938.23402485676610496 1.00000 7 
 fake.rf 1440.00000000 50948.16635303964307013 1.00000 7 
 fake.rf 1440.00000000 50958.18284313294807930 1.00000 7 
 fake.rf 1440.00000000 50968.12084461834279026 1.00000 7 
 fake.rf 1440.00000000 50978.10441930096302698 1.00000 7 
 fake.rf 1440.00000000 50988.05821885214494671 1.00000 7 
 fake.rf 1440.00000000 50998.06662127228727144 1.00000 7 
 fake.rf 1440.00000000 51008.06153909108029865 1.00000 7 
 fake.rf 1440.00000000 51017.97303248110195995 1.00000 7 
 fake.rf 1440.00000000 51027.94823847056931498 1.00000 7 
 fake.rf 1440.00000000 51037.98530650156342858 1.00000 7 
 fake.rf 1440.00000000 51047.89688533675264637 1.00000 7 
 fake.rf 1440.00000000 51057.88957948071611526 1.00000 7 
 fake.rf 1440.00000000 51067.87970238597279149 1.00000 7 
 fake.rf 1440.00000000 51077.83676114740731933 1.00000 7 
 fake.rf 1440.00000000 51087.83766824665310224 1.00000 7 
 fake.rf 1440.00000000 51097.76828532212075373 1.00000 7 
 fake.rf 1440.00000000 51107.78085967796629419 1.00000 7 
 fake.rf 1440.00000000 51117.74192405727326260 1.00000 7 
 fake.rf 1440.00000000 51127.73303029520846863 1.00000 7 
 fake.rf 1440.00000000 51137.70894040320376206 1.00000 7 
 fake.rf 1440.00000000 51147.67424430324214768 1.00000 7 
 fake.rf 1440.00000000 51157.62358919881636865 1.00000 7 
 fake.rf 1440.00000000 51167.60794672162057850 1.00000 7 
 fake.rf 1440.00000000 51177.60121692835713958 1.00000 7 
 fake.rf 1440.00000000 51187.51247950690611788 1.00000 7 
 fake.rf 1440.00000000 51197.55214456738829298 1.00000 7 
 fake.rf 1440.00000000 51207.52293154859132329 1.00000 7 
 fake.rf 1440.00000000 51217.46484652753043676 1.00000 7 
 fake.rf 1440.00000000 51227.41545625839643563 1.00000 7 
 fake.rf 1440.00000000 51237.36946220062044688 1.00000 7 
 fake.rf 1440.00000000 51247.34630349247938241 1.00000 7 
 fake.rf 1440.00000000 51257.33987910901666041 1.00000 7 
 fake.rf 1440.00000000 51267.33767947607303483 1.00000 7 
 fake.rf 1440.00000000 51277.27982658574258679 1.00000 7 
 fake.rf 1440.00000000 51287.28428121425037034 1.00000 7 
 fake.rf 1440.00000000 51297.26318548512847428 1.00000 7 
 fake.rf 1440.00000000 51307.24103939001573949 1.00000 7 
 fake.rf 1440.00000000 51317.18438281249225597 1.00000 7 
 fake.rf 1440.00000000 51327.18541812123781654 1.00000 7 
 fake.rf 1440.00000000 51337.16578236578529726 1.00000 7 
 fake.rf 1440.00000000 51347.09016482593698072 1.00000 7 
 fake.rf 1440.00000000 51357.11341661954572047 1.00000 7 
 fake.rf 1440.00000000 51367.03044597950140471 1.00000 7 
 fake.rf 1440.00000000 51377.05558904101179607 1.00000 7 
 fake.rf 1440.00000000 51386.97987058668396187 1.00000 7 
 fake.rf 1440.00000000 51397.00844469628466271 1.00000 7 
 fake.rf 1440.00000000 51406.90817586092158820 1.00000 7 
 fake.rf 1440.00000000 51416.95566938919164457 1.00000 7 
 fake.rf 1440.00000000 51426.88927888601830674 1.00000 7 
 fake.rf 1440.00000000 51436.89075394414898668 1.00000 7 
 fake.rf 1440.00000000 51446.85812864950481682 1.00000 7 
 fake.rf 1440.00000000 51456.78434635818022969 1.00000 7 
 fake.rf 1440.00000000 51466.76247065364355393 1.00000 7 
 fake.rf 1440.00000000 51476.74150722105918021 1.00000 7 
 fake.rf 1440.00000000 51486.68829943119549597 1.00000 7 
 fake.rf 1440.00000000 51496.68832400097869595 1.00000 7 
 fake.rf 1440.00000000 51506.65099663185580070 1.00000 7 
 fake.rf 1440.00000000 51516.67921347019106548 1.00000 7 
 fake.rf 1440.00000000 51526.64845730433816584 1.00000 7 
 fake.rf 1440.00000000 51536.58904402457170235 1.00000 7 
 fake.rf 1440.00000000 51546.59857115874708455 1.00000 7 
 fake.rf 1440.00000000 51556.57196064633256327 1.00000 7 
 fake.rf 1440.00000000 51566.53342725026827154 1.00000 7 
 fake.rf 1440.00000000 51576.48472579065927590 1.00000 7 
 fake.rf 1440.00000000 51586.42756674071092604 1.00000 7 
 fake.rf 1440.00000000 51596.42079228956296433 1.00000 7 
 fake.rf 1440.00000000 51606.37829943385559872 1.00000 7 
 fake.rf 1440.00000000 51616.40963194303830619 1.00000 7 
 fake.rf 1440.00000000 51626.37350527023508562 1.00000 7 
 fake.rf 1440.00000000 51636.27601871746340478 1.00000 7 
 fake.rf 1440.00000000 51646.31501979323923024 1.00000 7 
 fake.rf 1440.00000000 51656.23057988575817845 1.00000 7 
 fake.rf 1440.00000000 51666.26698279819203208 1.00000 7 
 fake.rf 1440.00000000 51676.16698426431829816 1.00000 7 
 fake.rf 1440.00000000 51686.21832505483932607 1.00000 7 
 fake.rf 1440.00000000 51696.12298053431725720 1.00000 7 
 fake.rf 1440.00000000 51706.16219379723654015 1.00000 7 
 fake.rf 1440.00000000 51716.14057005011311219 1.00000 7 
 fake.rf 1440.00000000 51726.03669008218833270 1.00000 7 
 fake.rf 1440.00000000 51736.03681718379529286 1.00000 7 
 fake.rf 1440.00000000 51746.04397281422579269 1.00000 7 
 fake.rf 1440.00000000 51756.01810523774553019 1.00000 7 
 fake.rf 1440.00000000 51765.97175434678065642 1.00000 7 
 fake.rf 1440.00000000 51775.90100527498061211 1.00000 7 
 fake.rf 1440.00000000 51785.88147859442661769 1.00000 7 
 fake.rf 1440.00000000 51795.89255758463540502 1.00000 7 
 fake.rf 1440.00000000 51805.84913743548193921 1.00000 7 
 fake.rf 1440.00000000 51815.81958769092235073 1.00000 7 
 fake.rf 1440.00000000 51825.80285454211119855 1.00000 7 
 fake.rf 1440.00000000 51835.75598256497075766 1.00000 7 
 fake.rf 1440.00000000 51845.77765717268316692 1.00000 7 
 fake.rf 1440.00000000 51855.71442219973433652 1.00000 7 
 fake.rf 1440.00000000 51865.66824403032419966 1.00000 7 
 fake.rf 1440.00000000 51875.67868957867318613 1.00000 7 
 fake.rf 1440.00000000 51885.59405748224721933 1.00000 7 
 fake.rf 1440.00000000 51895.60135790718863547 1.00000 7 
 fake.rf 1440.00000000 51905.54900002127368452 1.00000 7 
 fake.rf 1440.00000000 51915.53251273593627602 1.00000 7 
 fake.rf 1440.00000000 51925.51511669375996405 1.00000 7 
 fake.rf 1440.00000000 51935.53726979756652682 1.00000 7 
 fake.rf 1440.00000000 51945.45060029458593576 1.00000 7 
 fake.rf 1440.00000000 51955.41617631564209745 1.00000 7 
 fake.rf 1440.00000000 51965.38119380986355722 1.00000 7 
 fake.rf 1440.00000000 51975.35823156983583360 1.00000 7 
 fake.rf 1440.00000000 51985.33444672707291900 1.00000 7 
 fake.rf 1440.00000000 51995.29477599837284529 1.00000 7 
 fake.rf 1440.00000000 52005.28710693746158356 1.00000 7 
 fake.rf 1440.00000000 52015.24650631192658068 1.00000 7 
 fake.rf 1440.00000000 52025.21251623234585892 1.00000 7 
 fake.rf 1440.00000000 52035.21160481834392186 1.00000 7 
 fake.rf 1440.00000000 52045.19843563145740006 1.00000 7 
 fake.rf 1440.00000000 52055.19890554140065220 1.00000 7 
 fake.rf 1440.00000000 52065.11609754763047775 1.00000 7 
 fake.rf 1440.00000000 52075.08388177153477727 1.00000 7 
 fake.rf 1440.00000000 52085.12424028942846732 1.00000 7 
 fake.rf 1440.00000000 52095.04920994466969830 1.00000 7 
 fake.rf 1440.00000000 52105.05537750907147654 1.00000 7 
 fake.rf 1440.00000000 52114.99628686463979221 1.00000 7 
 fake.rf 1440.00000000 52125.00234444958093150 1.00000 7 
 fake.rf 1440.00000000 52134.93574984817966111 1.00000 7 
 fake.rf 1440.00000000 52144.94042490613334806 1.00000 7 
 fake.rf 1440.00000000 52154.91212809368027692 1.00000 7 
 fake.rf 1440.00000000 52164.89293619394866397 1.00000 7 
 fake.rf 1440.00000000 52174.87873743522215619 1.00000 7 
 fake.rf 1440.00000000 52184.80485716331378399 1.00000 7 
 fake.rf 1440.00000000 52194.81167081707311084 1.00000 7 
 fake.rf 1440.00000000 52204.74874352161235080 1.00000 7 
 fake.rf 1440.00000000 52214.73314302424760669 1.00000 7 
 fake.rf 1440.00000000 52224.66744039620911977 1.00000 7 
 fake.rf 1440.00000000 52234.69775467399362512 1.00000 7 
 fake.rf 1440.00000000 52244.64827829167053608 1.00000 7 
 fake.rf 1440.00000000 52254.60654380195520474 1.00000 7 
 fake.rf 1440.00000000 52264.62973846211625784 1.00000 7 
 fake.rf 1440.00000000 52274.57258389667190812 1.00000 7 
 fake.rf 1440.00000000 52284.53519154103246791 1.00000 7 
 fake.rf 1440.00000000 52294.47857235805226139 1.00000 7 
 fake.rf 1440.00000000 52304.49238475034189122 1.00000 7 
 fake.rf 1440.00000000 52314.47462761735242864 1.00000 7 
 fake.rf 1440.00000000 52324.40471214273530975 1.00000 7 
 fake.rf 1440.00000000 52334.41183876250438090 1.00000 7 
 fake.rf 1440.00000000 52344.42047458902518287 1.00000 7 
 fake.rf 1440.00000000 52354.36469426559449047 1.00000 7 
 fake.rf 1440.00000000 52364.31626176897807312 1.00000 7 
 fake.rf 1440.00000000 52374.26939390151115816 1.00000 7 
 fake.rf 1440.00000000 52384.29203555959472638 1.00000 7 
 fake.rf 1440.00000000 52394.22793251259709280 1.00000 7 
 fake.rf 1440.00000000 52404.21667200189762781 1.00000 7 
 fake.rf 1440.00000000 52414.18945221894500008 1.00000 7 
 fake.rf 1440.00000000 52424.17689623749876304 1.00000 7 
 fake.rf 1440.00000000 52434.11566424881152670 1.00000 7 
 fake.rf 1440.00000000 52444.13248755861163630 1.00000 7 
 fake.rf 1440.00000000 52454.06857764115545706 1.00000 7 
 fake.rf 1440.00000000 52464.08968651477291800 1.00000 7 
 fake.rf 1440.00000000 52474.03128887513573630 1.00000 7 
 fake.rf 1440.00000000 52483.98048452978859046 1.00000 7 
 fake.rf 1440.00000000 52493.95501747454213870 1.00000 7 
 fake.rf 1440.00000000 52503.93073786531633118 1.00000 7 
 fake.rf 1440.00000000 52513.92764387505713941 1.00000 7 
 fake.rf 1440.00000000 52523.91388063759401916 1.00000 7 
 fake.rf 1440.00000000 52533.85120270052929214 1.00000 7 
 fake.rf 1440.00000000 52543.82239404648246861 1.00000 7 
 fake.rf 1440.00000000 52553.78645874016466522 1.00000 7 
 fake.rf 1440.00000000 52563.79268400881137779 1.00000 7 
 fake.rf 1440.00000000 52573.73104098345648438 1.00000 7 
 fake.rf 1440.00000000 52583.74858878001107598 1.00000 7 
 fake.rf 1440.00000000 52593.66139267859540496 1.00000 7 
 fake.rf 1440.00000000 52603.65376814557774310 1.00000 7 
 fake.rf 1440.00000000 52613.62909932007870495 1.00000 7 
 fake.rf 1440.00000000 52623.63478373481601835 1.00000 7 
 fake.rf 1440.00000000 52633.58454812588051652 1.00000 7 
 fake.rf 1440.00000000 52643.59431022299090586 1.00000 7 
 fake.rf 1440.00000000 52653.55260144458738836 1.00000 7 
 fake.rf 1440.00000000 52663.47388988522582309 1.00000 7 
 fake.rf 1440.00000000 52673.46252379692015211 1.00000 7 
 fake.rf 1440.00000000 52683.48458483902967231 1.00000 7 
 fake.rf 1440.00000000 52693.45581922406201869 1.00000 7 
 fake.rf 1440.00000000 52703.40765446264608940 1.00000 7 
 fake.rf 1440.00000000 52713.36242596982360098 1.00000 7 
 fake.rf 1440.00000000 52723.33374492127181554 1.00000 7 
 fake.rf 1440.00000000 52733.30032848955554314 1.00000 7 
 fake.rf 1440.00000000 52743.30450569892076373 1.00000 7 
 fake.rf 1440.00000000 52753.23661891164825022 1.00000 7 
 fake.rf 1440.00000000 52763.24993024698226662 1.00000 7 
 fake.rf 1440.00000000 52773.21918735237404263 1.00000 7 
 fake.rf 1440.00000000 52783.20354059670168567 1.00000 7 
 fake.rf 1440.00000000 52793.11001858399147224 1.00000 7 
 fake.rf 1440.00000000 52803.16444631072991456 1.00000 7 
 fake.rf 1440.00000000 52813.06849093725461941 1.00000 7 
 fake.rf 1440.00000000 52823.08251262370095702 1.00000 7 
 fake.rf 1440.00000000 52833.06714813064902003 1.00000 7 
 fake.rf 1440.00000000 52843.01915244730653853 1.00000 7 
 fake.rf 1440.00000000 52852.94833644835486552 1.00000 7 
 fake.rf 1440.00000000 52862.92434098922976560 1.00000 7 
 fake.rf 1440.00000000 52872.90987492496057953 1.00000 7 
 fake.rf 1440.00000000 52882.88805359558223174 1.00000 7 
 fake.rf 1440.00000000 52892.90891025684427973 1.00000 7 
 fake.rf 1440.00000000 52902.83455240176243706 1.00000 7 
 fake.rf 1440.00000000 52912.83241088723564971 1.00000 7 
 fake.rf 1440.00000000 52922.77256973438367282 1.00000 7 
 fake.rf 1440.00000000 52932.73120059606496568 1.00000 7 
 fake.rf 1440.00000000 52942.70612780151410703 1.00000 7 
 fake.rf 1440.00000000 52952.68335309979908487 1.00000 7 
 fake.rf 1440.00000000 52962.71091282777631548 1.00000 7 
 fake.rf 1440.00000000 52972.63443278881971921 1.00000 7 
 fake.rf 1440.00000000 52982.62759634018761901 1.00000 7 
 fake.rf 1440.00000000 52992.62118815992221954 1.00000 7 
 fake.rf 1440.00000000 53002.54324682069902863 1.00000 7 
 fake.rf 1440.00000000 53012.51554994641266205 1.00000 7 
 fake.rf 1440.00000000 53022.49121760027708206 1.00000 7 
 fake.rf 1440.00000000 53032.49523287644333180 1.00000 7 
 fake.rf 1440.00000000 53042.46142389552342067 1.00000 7 
 fake.rf 1440.00000000 53052.46857315263213550 1.00000 7 
 fake.rf 1440.00000000 53062.43200591848821546 1.00000 7 
 fake.rf 1440.00000000 53072.35547930378661263 1.00000 7 
 fake.rf 1440.00000000 53082.35918997798534491 1.00000 7 
 fake.rf 1440.00000000 53092.33428036973156949 1.00000 7 
 fake.rf 1440.00000000 53102.27486936217291813 1.00000 7 
 fake.rf 1440.00000000 53112.27697875791924886 1.00000 7 
 fake.rf 1440.00000000 53122.26675142538608299 1.00000 7 
 fake.rf 1440.00000000 53132.24866641012813773 1.00000 7 
 fake.rf 1440.00000000 53142.17938233999428022 1.00000 7 
 fake.rf 1440.00000000 53152.14846369885572130 1.00000 7 
 fake.rf 1440.00000000 53162.17020036049951770 1.00000 7 
 fake.rf 1440.00000000 53172.10422511841285242 1.00000 7 
 fake.rf 1440.00000000 53182.08614473433678072 1.00000 7 
 fake.rf 1440.00000000 53192.03003105337003831 1.00000 7 
 fake.rf 1440.00000000 53202.01221685667758621 1.00000 7 
 fake.rf 1440.00000000 53212.03041622477361727 1.00000 7 
 fake.rf 1440.00000000 53221.99946541439621583 1.00000 7 
 fake.rf 1440.00000000 53231.94911439354788385 1.00000 7 
 fake.rf 1440.00000000 53241.95324899241834160 1.00000 7 
 fake.rf 1440.00000000 53251.92452967346628157 1.00000 7 
 fake.rf 1440.00000000 53261.87870833345799682 1.00000 7 
 fake.rf 1440.00000000 53271.85437360690468012 1.00000 7 
 fake.rf 1440.00000000 53281.77647860876083641 1.00000 7 
 fake.rf 1440.00000000 53291.75112513947573945 1.00000 7 
 fake.rf 1440.00000000 53301.74768660075577387 1.00000 7 
 fake.rf 1440.00000000 53311.70248788923580818 1.00000 7 
 fake.rf 1440.00000000 53321.67674189537121165 1.00000 7 
 fake.rf 1440.00000000 53331.67627531971312393 1.00000 7 
 fake.rf 1440.00000000 53341.66239623043914264 1.00000 7 
 fake.rf 1440.00000000 53351.63014559330005682 1.00000 7 
 fake.rf 1440.00000000 53361.58079926613880772 1.00000 7 
 fake.rf 1440.00000000 53371.55765731379200290 1.00000 7 
 fake.rf 1440.00000000 53381.55951768148749537 1.00000 7 
 fake.rf 1440.00000000 53391.54118637026855154 1.00000 7 
 fake.rf 1440.00000000 53401.52043910942379767 1.00000 7 
 fake.rf 1440.00000000 53411.49019285655531775 1.00000 7 
 fake.rf 1440.00000000 53421.41794191018863458 1.00000 7 
 fake.rf 1440.00000000 53431.41427168669600789 1.00000 7 
 fake.rf 1440.00000000 53441.39324472825619239 1.00000 7 
 fake.rf 1440.00000000 53451.36234736574976623 1.00000 7 
 fake.rf 1440.00000000 53461.35506281987224497 1.00000 7 
 fake.rf 1440.00000000 53471.29974354102351697 1.00000 7 
 fake.rf 1440.00000000 53481.23017533160815518 1.00000 7 
 fake.rf 1440.00000000 53491.23211466605012632 1.00000 7 
 fake.rf 1440.00000000 53501.23131943864651205 1.00000 7 
 fake.rf 1440.00000000 53511.17124130307993468 1.00000 7 
 fake.rf 1440.00000000 53521.13535105649989276 1.00000 7 
 fake.rf 1440.00000000 53531.13090930624248287 1.00000 7 
 fake.rf 1440.00000000 53541.13111786213234566 1.00000 7 
 fake.rf 1440.00000000 53551.04333313819266849 1.00000 7 
 fake.rf 1440.00000000 53561.03747642970152043 1.00000 7 
 fake.rf 1440.00000000 53571.01916797663790248 1.00000 7 
 fake.rf 1440.00000000 53581.01768624546816611 1.00000 7 
 fake.rf 1440.00000000 53590.96123880804324813 1.00000 7 
 fake.rf 1440.00000000 53600.94488124349307157 1.00000 7 
 fake.rf 1440.00000000 53610.88393196107319127 1.00000 7 
 fake.rf 1440.00000000 53620.89292348646080910 1.00000 7 
 fake.rf 1440.00000000 53630.87812429719016194 1.00000 7 
 fake.rf 1440.00000000 53640.84401275625436156 1.00000 7 
 fake.rf 1440.00000000 53650.78309620058225704 1.00000 7 
 fake.rf 1440.00000000 53660.76335067831793069 1.00000 7 
