FORMAT 1
MODE 1
 fake.rf 1440.00000000 50000.78554276083363916 1.00000 7 
 fake.rf 1440.00000000 50010.79538884662457221 1.00000 7 
 fake.rf 1440.00000000 50020.73569145812875192 1.00000 7 
 fake.rf 1440.00000000 50030.70710872847891082 1.00000 7 
 fake.rf 1440.00000000 50040.67037044436494853 1.00000 7 
 fake.rf 1440.00000000 50050.70257413098516963 1.00000 7 
 fake.rf 1440.00000000 50060.66379719490242195 1.00000 7 
 fake.rf 1440.00000000 50070.60040893774363013 1.00000 7 
 fake.rf 1440.00000000 50080.61397583040196224 1.00000 7 
 fake.rf 1440.00000000 50090.56365522197217643 1.00000 7 
 fake.rf 1440.00000000 50100.54273200177800618 1.00000 7 
 fake.rf 1440.00000000 50110.50280484550999205 1.00000 7 
 fake.rf 1440.00000000 50120.49750770375289477 1.00000 7 
 fake.rf 1440.00000000 50130.45781868185474295 1.00000 7 
 fake.rf 1440.00000000 50140.39394525074573394 1.00000 7 
 fake.rf 1440.00000000 50150.36964380949900288 1.00000 7 
 fake.rf 1440.00000000 50160.36571307660916474 1.00000 7 
 fake.rf 1440.00000000 50170.33161000919515615 1.00000 7 
 fake.rf 1440.00000000 50180.35228019707695779 1.00000 7 
 fake.rf 1440.00000000 50190.28619533400616604 1.00000 7 
 fake.rf 1440.00000000 50200.30811337850277809 1.00000 7 
 fake.rf 1440.00000000 50210.26192683086663848 1.00000 7 
 fake.rf 1440.00000000 50220.24342712663581167 1.00000 7 
 fake.rf 1440.00000000 50230.16054401051304978 1.00000 7 
 fake.rf 1440.00000000 50240.18719782637189653 1.00000 7 
 fake.rf 1440.00000000 50250.13953804080693288 1.00000 7 
 fake.rf 1440.00000000 50260.13482984907777862 1.00000 7 
 fake.rf 1440.00000000 50270.10927399331853493 1.00000 7 
 fake.rf 1440.00000000 50280.00779338619177494 1.00000 7 
 fake.rf 1440.00000000 50290.04554466858785844 1.00000 7 
 fake.rf 1440.00000000 50299.99368402678378587 1.00000 7 
 fake.rf 1440.00000000 50309.93919804575940091 1.00000 7 
 fake.rf 1440.00000000 50319.93076643640936751 1.00000 7 
 fake.rf 1440.00000000 50329.92984612289915702 1.00000 7 
 fake.rf 1440.00000000 50339.87408172121841332 1.00000 7 
 fake.rf 1440.00000000 50349.85621612591712548 1.00000 7 
 fake.rf 1440.00000000 50359.83147047403044638 1.00000 7 
 fake.rf 1440.00000000 50369.76423348526477852 1.00000 7 
 fake.rf 1440.00000000 50379.79361735271554679 1.00000 7 
 fake.rf 1440.00000000 50389.72640960318872061 1.00000 7 
 fake.rf 1440.00000000 50399.71948964442965035 1.00000 7 
 fake.rf 1440.00000000 50409.67192123743401666 1.00000 7 
 fake.rf 1440.00000000 50419.67542404017206437 1.00000 7 
 fake.rf 1440.00000000 50429.60717797596563017 1.00000 7 
 fake.rf 1440.00000000 50439.63055816288455802 1.00000 7 
 fake.rf 1440.00000000 50449.59749186702261525 1.00000 7 
 fake.rf 1440.00000000 50459.53224869993059798 1.00000 7 
 fake.rf 1440.00000000 50469.49566920752141641 1.00000 7 
 fake.rf 1440.00000000 50479.53913747417226787 1.00000 7 
 fake.rf 1440.00000000 50489.43853548763367201 1.00000 7 
 fake.rf 1440.00000000 50499.44650878815199491 1.00000 7 
 fake.rf 1440.00000000 50509.45586609000923062 1.00000 7 
 fake.rf 1440.00000000 50519.41971526359945699 1.00000 7 
 fake.rf 1440.00000000 50529.35315981114986172 1.00000 7 
 fake.rf 1440.00000000 50539.30693835900534339 1.00000 7 
 fake.rf 1440.00000000 50549.32474566725360532 1.00000 7 
 fake.rf 1440.00000000 50559.32116812560222741 1.00000 7 
 fake.rf 1440.00000000 50569.29754281723473142 1.00000 7 
 fake.rf 1440.00000000 50579.23376524527890297 1.00000 7 
 fake.rf 1440.00000000 50589.23934476362201451 1.00000 7 
 fake.rf 1440.00000000 50599.19744176544322656 1.00000 7 
 fake.rf 1440.00000000 50609.10910789093626860 1.00000 7 
 fake.rf 1440.00000000 50619.08750574450381166 1.00000 7 
 fake.rf 1440.00000000 50629.06447542940980355 1.00000 7 
 fake.rf 1440.00000000 50639.08585893276031342 1.00000 7 
 fake.rf 1440.00000000 50649.03579673309642573 1.00000 7 
 fake.rf 1440.00000000 50659.02220518150615902 1.00000 7 
 fake.rf 1440.00000000 50668.96281401229356334 1.00000 7 
 fake.rf 1440.00000000 50678.95615245887395872 1.00000 7 
 fake.rf 1440.00000000 50688.91591575316142126 1.00000 7 
 fake.rf 1440.00000000 50698.89995455595289542 1.00000 7 
 fake.rf 1440.00000000 50708.91367737109488445 1.00000 7 
 fake.rf 1440.00000000 50718.85317659051197481 1.00000 7 
 fake.rf 1440.00000000 50728.78468914149990709 1.00000 7 
 fake.rf 1440.00000000 50738.75747025403748935 1.00000 7 
 fake.rf 1440.00000000 50748.74765403666049579 1.00000 7 
 fake.rf 1440.00000000 50758.75673798243663271 1.00000 7 
 fake.rf 1440.00000000 50768.69158021204313869 1.00000 7 
 fake.rf 1440.00000000 50778.67248886237941718 1.00000 7 
 fake.rf 1440.00000000 50788.66901201095666707 1.00000 7 
 fake.rf 1440.00000000 50798.61388996561740328 1.00000 7 
 fake.rf 1440.00000000 50808.63007625127266920 1.00000 7 
 fake.rf 1440.00000000 50818.57992771560246226 1.00000 7 
 fake.rf 1440.00000000 50828.51595914031049972 1.00000 7 
 fake.rf 1440.00000000 50838.49289430922357980 1.00000 7 
 fake.rf 1440.00000000 50848.50716197358379844 1.00000 7 
 fake.rf 1440.00000000 50858.48830507244537102 1.00000 7 
 fake.rf 1440.00000000 50868.40563369495046331 1.00000 7 
 fake.rf 1440.00000000 50878.42358039331058706 1.00000 7 
 fake.rf 1440.00000000 50888.36825024062058631 1.00000 7 
 fake.rf 1440.00000000 50898.31846273926180046 1.00000 7 
 fake.rf 1440.00000000 50908.32181075113640389 1.00000 7 
 fake.rf 1440.00000000 50918.28878441158926194 1.00000 7 
 fake.rf 1440.00000000 50928.24469906214218540 1.00000 7 
 fake.rf 1440.00000000 50938.25232107119409264 1.00000 7 
 fake.rf 1440.00000000 50948.18464927617799987 1.00000 7 
 fake.rf 1440.00000000 50958.20113936132890942 1.00000 7 
 fake.rf 1440.00000000 50968.13914085951029520 1.00000 7 
 fake.rf 1440.00000000 50978.12271553675804014 1.00000 7 
 fake.rf 1440.00000000 50988.07651507646686895 1.00000 7 
 fake.rf 1440.00000000 50998.08491752927391261 1.00000 7 
 fake.rf 1440.00000000 51008.07983533116876984 1.00000 7 
 fake.rf 1440.00000000 51017.99132870741888368 1.00000 7 
 fake.rf 1440.00000000 51027.96653471018184689 1.00000 7 
 fake.rf 1440.00000000 51038.00360276117881497 1.00000 7 
 fake.rf 1440.00000000 51047.91518157434381919 1.00000 7 
 fake.rf 1440.00000000 51057.90787571626015051 1.00000 7 
 fake.rf 1440.00000000 51067.89799863161765003 1.00000 7 
 fake.rf 1440.00000000 51077.85505738286893163 1.00000 7 
 fake.rf 1440.00000000 51087.85596444486419188 1.00000 7 
 fake.rf 1440.00000000 51097.78658157339374668 1.00000 7 
 fake.rf 1440.00000000 51107.79915593184244571 1.00000 7 
 fake.rf 1440.00000000 51117.76022027136165349 1.00000 7 
 fake.rf 1440.00000000 51127.75132653050958709 1.00000 7 
 fake.rf 1440.00000000 51137.72723665979511054 1.00000 7 
 fake.rf 1440.00000000 51147.69254051123034088 1.00000 7 
 fake.rf 1440.00000000 51157.64188543434784862 1.00000 7 
 fake.rf 1440.00000000 51167.62624295641435879 1.00000 7 
 fake.rf 1440.00000000 51177.61951316249022526 1.00000 7 
 fake.rf 1440.00000000 51187.53077575047461423 1.00000 7 
 fake.rf 1440.00000000 51197.57044080240767414 1.00000 7 
 fake.rf 1440.00000000 51207.54122779775282481 1.00000 7 
 fake.rf 1440.00000000 51217.48314276604384077 1.00000 7 
 fake.rf 1440.00000000 51227.43375248338188754 1.00000 7 
 fake.rf 1440.00000000 51237.38775845577011125 1.00000 7 
 fake.rf 1440.00000000 51247.36459976104952929 1.00000 7 
 fake.rf 1440.00000000 51257.35817535502709674 1.00000 7 
 fake.rf 1440.00000000 51267.35597570878616125 1.00000 7 
 fake.rf 1440.00000000 51277.29812284314679971 1.00000 7 
 fake.rf 1440.00000000 51287.30257747750888342 1.00000 7 
 fake.rf 1440.00000000 51297.28148170875863343 1.00000 7 
 fake.rf 1440.00000000 51307.25933563863853593 1.00000 7 
 fake.rf 1440.00000000 51317.20267903646271535 1.00000 7 
 fake.rf 1440.00000000 51327.20371436164614920 1.00000 7 
 fake.rf 1440.00000000 51337.18407862186936441 1.00000 7 
 fake.rf 1440.00000000 51347.10846102367886346 1.00000 7 
 fake.rf 1440.00000000 51357.13171282140988794 1.00000 7 
 fake.rf 1440.00000000 51367.04874219950434977 1.00000 7 
 fake.rf 1440.00000000 51377.07388527132639311 1.00000 7 
 fake.rf 1440.00000000 51386.99816682612236818 1.00000 7 
 fake.rf 1440.00000000 51397.02674093461515170 1.00000 7 
 fake.rf 1440.00000000 51406.92647207497769557 1.00000 7 
 fake.rf 1440.00000000 51416.97396564158234256 1.00000 7 
 fake.rf 1440.00000000 51426.90757514903580372 1.00000 7 
 fake.rf 1440.00000000 51436.90905020717271512 1.00000 7 
 fake.rf 1440.00000000 51446.87642487661078050 1.00000 7 
 fake.rf 1440.00000000 51456.80264260078305227 1.00000 7 
 fake.rf 1440.00000000 51466.78076690525605486 1.00000 7 
 fake.rf 1440.00000000 51476.75980347032421491 1.00000 7 
 fake.rf 1440.00000000 51486.70659565355127896 1.00000 7 
 fake.rf 1440.00000000 51496.70662023465419566 1.00000 7 
 fake.rf 1440.00000000 51506.66929285362753532 1.00000 7 
 fake.rf 1440.00000000 51516.69750973579312969 1.00000 7 
 fake.rf 1440.00000000 51526.66675353635057277 1.00000 7 
 fake.rf 1440.00000000 51536.60734024623497973 1.00000 7 
 fake.rf 1440.00000000 51546.61686742666382344 1.00000 7 
 fake.rf 1440.00000000 51556.59025686998979054 1.00000 7 
 fake.rf 1440.00000000 51566.55172351161372291 1.00000 7 
 fake.rf 1440.00000000 51576.50302206401155658 1.00000 7 
 fake.rf 1440.00000000 51586.44586299761218129 1.00000 7 
 fake.rf 1440.00000000 51596.43908852313722591 1.00000 7 
 fake.rf 1440.00000000 51606.39659567168729737 1.00000 7 
 fake.rf 1440.00000000 51616.42792820652399399 1.00000 7 
 fake.rf 1440.00000000 51626.39180150985988504 1.00000 7 
 fake.rf 1440.00000000 51636.29431497836028697 1.00000 7 
 fake.rf 1440.00000000 51646.33331604856847363 1.00000 7 
 fake.rf 1440.00000000 51656.24887611397563347 1.00000 7 
 fake.rf 1440.00000000 51666.28527903174185809 1.00000 7 
 fake.rf 1440.00000000 51676.18528048544130016 1.00000 7 
 fake.rf 1440.00000000 51686.23662129267273357 1.00000 7 
 fake.rf 1440.00000000 51696.14127677956573237 1.00000 7 
 fake.rf 1440.00000000 51706.18049000139251348 1.00000 7 
 fake.rf 1440.00000000 51716.15886629022486787 1.00000 7 
 fake.rf 1440.00000000 51726.05498633400625863 1.00000 7 
 fake.rf 1440.00000000 51736.05511340646069129 1.00000 7 
 fake.rf 1440.00000000 51746.06226907738926002 1.00000 7 
 fake.rf 1440.00000000 51756.03640147263493532 1.00000 7 
 fake.rf 1440.00000000 51765.99005058270343937 1.00000 7 
 fake.rf 1440.00000000 51775.91930152746259353 1.00000 7 
 fake.rf 1440.00000000 51785.89977482654173713 1.00000 7 
 fake.rf 1440.00000000 51795.91085381103719598 1.00000 7 
 fake.rf 1440.00000000 51805.86743369495047773 1.00000 7 
 fake.rf 1440.00000000 51815.83788390725181827 1.00000 7 
 fake.rf 1440.00000000 51825.82115076042055080 1.00000 7 
 fake.rf 1440.00000000 51835.77427880135383376 1.00000 7 
 fake.rf 1440.00000000 51845.79595340683341220 1.00000 7 
 fake.rf 1440.00000000 51855.73271843405036208 1.00000 7 
 fake.rf 1440.00000000 51865.68654028608244033 1.00000 7 
 fake.rf 1440.00000000 51875.69698583258458768 1.00000 7 
 fake.rf 1440.00000000 51885.61235370125030286 1.00000 7 
 fake.rf 1440.00000000 51895.61965415601128271 1.00000 7 
 fake.rf 1440.00000000 51905.56729626235640396 1.00000 7 
 fake.rf 1440.00000000 51915.55080900292742285 1.00000 7 
 fake.rf 1440.00000000 51925.53341293185438232 1.00000 7 
 fake.rf 1440.00000000 51935.55556602545990685 1.00000 7 
 fake.rf 1440.00000000 51945.46889652858437714 1.00000 7 
 fake.rf 1440.00000000 51955.43447256743085561 1.00000 7 
 fake.rf 1440.00000000 51965.39949005249680880 1.00000 7 
 fake.rf 1440.00000000 51975.37652783031899872 1.00000 7 
 fake.rf 1440.00000000 51985.35274297339228866 1.00000 7 
 fake.rf 1440.00000000 51995.31307223686700070 1.00000 7 
 fake.rf 1440.00000000 52005.30540313677285269 1.00000 7 
 fake.rf 1440.00000000 52015.26480256654750534 1.00000 7 
 fake.rf 1440.00000000 52025.23081245188575039 1.00000 7 
 fake.rf 1440.00000000 52035.22990106606210148 1.00000 7 
 fake.rf 1440.00000000 52045.21673188258338882 1.00000 7 
 fake.rf 1440.00000000 52055.21720177754238179 1.00000 7 
 fake.rf 1440.00000000 52065.13439375293840428 1.00000 7 
 fake.rf 1440.00000000 52075.10217802474185333 1.00000 7 
 fake.rf 1440.00000000 52085.14253653802992616 1.00000 7 
 fake.rf 1440.00000000 52095.06750616875573812 1.00000 7 
 fake.rf 1440.00000000 52105.07367374856564268 1.00000 7 
 fake.rf 1440.00000000 52115.01458310299247501 1.00000 7 
 fake.rf 1440.00000000 52125.02064067947772230 1.00000 7 
 fake.rf 1440.00000000 52134.95404611982825571 1.00000 7 
 fake.rf 1440.00000000 52144.95872117844163895 1.00000 7 
 fake.rf 1440.00000000 52154.93042434833577303 1.00000 7 
 fake.rf 1440.00000000 52164.91123243047005076 1.00000 7 
 fake.rf 1440.00000000 52174.89703368024187569 1.00000 7 
 fake.rf 1440.00000000 52184.82315339211654859 1.00000 7 
 fake.rf 1440.00000000 52194.82996704857740866 1.00000 7 
 fake.rf 1440.00000000 52204.76703973986551333 1.00000 7 
 fake.rf 1440.00000000 52214.75143927321975923 1.00000 7 
 fake.rf 1440.00000000 52224.68573662735580143 1.00000 7 
 fake.rf 1440.00000000 52234.71605094613341080 1.00000 7 
 fake.rf 1440.00000000 52244.66657450467059221 1.00000 7 
 fake.rf 1440.00000000 52254.62484004777961744 1.00000 7 
 fake.rf 1440.00000000 52264.64803469719800688 1.00000 7 
 fake.rf 1440.00000000 52274.59088015221800205 1.00000 7 
 fake.rf 1440.00000000 52284.55348777062750543 1.00000 7 
 fake.rf 1440.00000000 52294.49686859441183273 1.00000 7 
 fake.rf 1440.00000000 52304.51068094420611487 1.00000 7 
 fake.rf 1440.00000000 52314.49292385829171792 1.00000 7 
 fake.rf 1440.00000000 52324.42300840963291009 1.00000 7 
 fake.rf 1440.00000000 52334.43013497238291620 1.00000 7 
 fake.rf 1440.00000000 52344.43877079372142447 1.00000 7 
 fake.rf 1440.00000000 52354.38299050395580636 1.00000 7 
 fake.rf 1440.00000000 52364.33455800209058495 1.00000 7 
 fake.rf 1440.00000000 52374.28769016001602665 1.00000 7 
 fake.rf 1440.00000000 52384.31033177419699953 1.00000 7 
 fake.rf 1440.00000000 52394.24622876229522461 1.00000 7 
 fake.rf 1440.00000000 52404.23496823423309721 1.00000 7 
 fake.rf 1440.00000000 52414.20774844174568585 1.00000 7 
 fake.rf 1440.00000000 52424.19519244247084089 1.00000 7 
 fake.rf 1440.00000000 52434.13396049932905996 1.00000 7 
 fake.rf 1440.00000000 52444.15078377406881671 1.00000 7 
 fake.rf 1440.00000000 52454.08687386524458418 1.00000 7 
 fake.rf 1440.00000000 52464.10798274253892970 1.00000 7 
 fake.rf 1440.00000000 52474.04958513434637268 1.00000 7 
 fake.rf 1440.00000000 52483.99878077354031092 1.00000 7 
 fake.rf 1440.00000000 52493.97331373427935475 1.00000 7 
 fake.rf 1440.00000000 52503.94903410346347883 1.00000 7 
 fake.rf 1440.00000000 52513.94594011517473575 1.00000 7 
 fake.rf 1440.00000000 52523.93217690670016751 1.00000 7 
 fake.rf 1440.00000000 52533.86949895716193026 1.00000 7 
 fake.rf 1440.00000000 52543.84069028398155865 1.00000 7 
 fake.rf 1440.00000000 52553.80475499132224471 1.00000 7 
 fake.rf 1440.00000000 52563.81098021920678676 1.00000 7 
 fake.rf 1440.00000000 52573.74933723203114155 1.00000 7 
 fake.rf 1440.00000000 52583.76688503697644705 1.00000 7 
 fake.rf 1440.00000000 52593.67968889677442945 1.00000 7 
 fake.rf 1440.00000000 52603.67206438139768210 1.00000 7 
 fake.rf 1440.00000000 52613.64739555257961001 1.00000 7 
 fake.rf 1440.00000000 52623.65307998333959461 1.00000 7 
 fake.rf 1440.00000000 52633.60284436293234123 1.00000 7 
 fake.rf 1440.00000000 52643.61260648118766881 1.00000 7 
 fake.rf 1440.00000000 52653.57089767782711220 1.00000 7 
 fake.rf 1440.00000000 52663.49218608496423499 1.00000 7 
 fake.rf 1440.00000000 52673.48082004349233287 1.00000 7 
 fake.rf 1440.00000000 52683.50288107112172042 1.00000 7 
 fake.rf 1440.00000000 52693.47411545968935798 1.00000 7 
 fake.rf 1440.00000000 52703.42595070211439179 1.00000 7 
 fake.rf 1440.00000000 52713.38072223675990813 1.00000 7 
 fake.rf 1440.00000000 52723.35204114973292988 1.00000 7 
 fake.rf 1440.00000000 52733.31862472932827046 1.00000 7 
 fake.rf 1440.00000000 52743.32280197412346467 1.00000 7 
 fake.rf 1440.00000000 52753.25491516286458449 1.00000 7 
 fake.rf 1440.00000000 52763.26822650497922140 1.00000 7 
 fake.rf 1440.00000000 52773.23748359900702809 1.00000 7 
 fake.rf 1440.00000000 52783.22183685848317225 1.00000 7 
 fake.rf 1440.00000000 52793.12831484029424800 1.00000 7 
 fake.rf 1440.00000000 52803.18274255718759846 1.00000 7 
 fake.rf 1440.00000000 52813.08678719651605604 1.00000 7 
 fake.rf 1440.00000000 52823.10080882788997769 1.00000 7 
 fake.rf 1440.00000000 52833.08544436990542081 1.00000 7 
 fake.rf 1440.00000000 52843.03744869963434638 1.00000 7 
 fake.rf 1440.00000000 52852.96663270943363955 1.00000 7 
 fake.rf 1440.00000000 52862.94263723250837117 1.00000 7 
 fake.rf 1440.00000000 52872.92817113623943115 1.00000 7 
 fake.rf 1440.00000000 52882.90634981632353728 1.00000 7 
 fake.rf 1440.00000000 52892.92720652705901330 1.00000 7 
 fake.rf 1440.00000000 52902.85284861939547696 1.00000 7 
 fake.rf 1440.00000000 52912.85070712295517481 1.00000 7 
 fake.rf 1440.00000000 52922.79086599515489908 1.00000 7 
 fake.rf 1440.00000000 52932.74949682517562977 1.00000 7 
 fake.rf 1440.00000000 52942.72442400660474959 1.00000 7 
 fake.rf 1440.00000000 52952.70164935353722768 1.00000 7 
 fake.rf 1440.00000000 52962.72920910237351677 1.00000 7 
 fake.rf 1440.00000000 52972.65272904919930141 1.00000 7 
 fake.rf 1440.00000000 52982.64589261685674870 1.00000 7 
 fake.rf 1440.00000000 52992.63948440000911688 1.00000 7 
 fake.rf 1440.00000000 53002.56154305336857036 1.00000 7 
 fake.rf 1440.00000000 53012.53384621396474330 1.00000 7 
 fake.rf 1440.00000000 53022.50951386250850206 1.00000 7 
 fake.rf 1440.00000000 53032.51352909759362220 1.00000 7 
 fake.rf 1440.00000000 53042.47972016241599036 1.00000 7 
 fake.rf 1440.00000000 53052.48686938095962162 1.00000 7 
 fake.rf 1440.00000000 53062.45030215261214934 1.00000 7 
 fake.rf 1440.00000000 53072.37377551728072334 1.00000 7 
 fake.rf 1440.00000000 53082.37748620266560451 1.00000 7 
 fake.rf 1440.00000000 53092.35257657399642994 1.00000 7 
 fake.rf 1440.00000000 53102.29316561405947539 1.00000 7 
 fake.rf 1440.00000000 53112.29527497347394416 1.00000 7 
 fake.rf 1440.00000000 53122.28504765330931647 1.00000 7 
 fake.rf 1440.00000000 53132.26696268359876996 1.00000 7 
 fake.rf 1440.00000000 53142.19767854960547737 1.00000 7 
 fake.rf 1440.00000000 53152.16675993429801039 1.00000 7 
 fake.rf 1440.00000000 53162.18849659819953857 1.00000 7 
 fake.rf 1440.00000000 53172.12252138257137446 1.00000 7 
 fake.rf 1440.00000000 53182.10444094653141534 1.00000 7 
 fake.rf 1440.00000000 53192.04832728979713607 1.00000 7 
 fake.rf 1440.00000000 53202.03051309307889838 1.00000 7 
 fake.rf 1440.00000000 53212.04871249058194138 1.00000 7 
 fake.rf 1440.00000000 53222.01776162486146049 1.00000 7 
 fake.rf 1440.00000000 53231.96741066729299874 1.00000 7 
 fake.rf 1440.00000000 53241.97154520706007474 1.00000 7 
 fake.rf 1440.00000000 53251.94282589743297507 1.00000 7 
 fake.rf 1440.00000000 53261.89700454141460284 1.00000 7 
 fake.rf 1440.00000000 53271.87266985523179130 1.00000 7 
 fake.rf 1440.00000000 53281.79477481720660137 1.00000 7 
 fake.rf 1440.00000000 53291.76942136633588731 1.00000 7 
 fake.rf 1440.00000000 53301.76598280921615824 1.00000 7 
 fake.rf 1440.00000000 53311.72078411041455936 1.00000 7 
 fake.rf 1440.00000000 53321.69503812249342900 1.00000 7 
 fake.rf 1440.00000000 53331.69457157683149973 1.00000 7 
 fake.rf 1440.00000000 53341.68069247514942788 1.00000 7 
 fake.rf 1440.00000000 53351.64844183561059410 1.00000 7 
 fake.rf 1440.00000000 53361.59909550127801126 1.00000 7 
 fake.rf 1440.00000000 53371.57595353459021226 1.00000 7 
 fake.rf 1440.00000000 53381.57781394084038951 1.00000 7 
 fake.rf 1440.00000000 53391.55948261589694326 1.00000 7 
 fake.rf 1440.00000000 53401.53873536214921103 1.00000 7 
 fake.rf 1440.00000000 53411.50848910845454398 1.00000 7 
 fake.rf 1440.00000000 53421.43623815806951427 1.00000 7 
 fake.rf 1440.00000000 53431.43256791621557866 1.00000 7 
 fake.rf 1440.00000000 53441.41154097102240073 1.00000 7 
 fake.rf 1440.00000000 53451.38064363726330797 1.00000 7 
 fake.rf 1440.00000000 53461.37335907596048656 1.00000 7 
 fake.rf 1440.00000000 53471.31803981267440307 1.00000 7 
 fake.rf 1440.00000000 53481.24847157280420262 1.00000 7 
 fake.rf 1440.00000000 53491.25041090376980080 1.00000 7 
 fake.rf 1440.00000000 53501.24961566539029079 1.00000 7 
 fake.rf 1440.00000000 53511.18953753848001753 1.00000 7 
 fake.rf 1440.00000000 53521.15364727753762608 1.00000 7 
 fake.rf 1440.00000000 53531.14920553678525295 1.00000 7 
 fake.rf 1440.00000000 53541.14941409750094081 1.00000 7 
 fake.rf 1440.00000000 53551.06162941709513348 1.00000 7 
 fake.rf 1440.00000000 53561.05577267395308638 1.00000 7 
 fake.rf 1440.00000000 53571.03746421772123298 1.00000 7 
 fake.rf 1440.00000000 53581.03598249802168851 1.00000 7 
 fake.rf 1440.00000000 53590.97953504525654012 1.00000 7 
 fake.rf 1440.00000000 53600.96317749888177673 1.00000 7 
 fake.rf 1440.00000000 53610.90222819156307921 1.00000 7 
 fake.rf 1440.00000000 53620.91121976901932200 1.00000 7 
 fake.rf 1440.00000000 53630.89642053416104517 1.00000 7 
 fake.rf 1440.00000000 53640.86230900612394379 1.00000 7 
 fake.rf 1440.00000000 53650.80139243856380915 1.00000 7 
 fake.rf 1440.00000000 53660.78164694058972728 1.00000 7 
