FORMAT 1
MODE 1
 fake.rf 1440.00000000 50000.81007697665655343 1.00000 7 
 fake.rf 1440.00000000 50010.81992305670932808 1.00000 7 
 fake.rf 1440.00000000 50020.76022567563067867 1.00000 7 
 fake.rf 1440.00000000 50030.73164296382115879 1.00000 7 
 fake.rf 1440.00000000 50040.69490469331592308 1.00000 7 
 fake.rf 1440.00000000 50050.72710832507663170 1.00000 7 
 fake.rf 1440.00000000 50060.68833137250275556 1.00000 7 
 fake.rf 1440.00000000 50070.62494317776160813 1.00000 7 
 fake.rf 1440.00000000 50080.63851003963917918 1.00000 7 
 fake.rf 1440.00000000 50090.58818945072771456 1.00000 7 
 fake.rf 1440.00000000 50100.56726620067552247 1.00000 7 
 fake.rf 1440.00000000 50110.52733906481027404 1.00000 7 
 fake.rf 1440.00000000 50120.52204194658641256 1.00000 7 
 fake.rf 1440.00000000 50130.48235287138590266 1.00000 7 
 fake.rf 1440.00000000 50140.41847948525188272 1.00000 7 
 fake.rf 1440.00000000 50150.39417805119571625 1.00000 7 
 fake.rf 1440.00000000 50160.39024733010626989 1.00000 7 
 fake.rf 1440.00000000 50170.35614419501244043 1.00000 7 
 fake.rf 1440.00000000 50180.37681441875990274 1.00000 7 
 fake.rf 1440.00000000 50190.31072954518733553 1.00000 7 
 fake.rf 1440.00000000 50200.33264757201204276 1.00000 7 
 fake.rf 1440.00000000 50210.28646106937383564 1.00000 7 
 fake.rf 1440.00000000 50220.26796130590314959 1.00000 7 
 fake.rf 1440.00000000 50230.18507821454736728 1.00000 7 
 fake.rf 1440.00000000 50240.21173205736614520 1.00000 7 
 fake.rf 1440.00000000 50250.16407228033899557 1.00000 7 
 fake.rf 1440.00000000 50260.15936406549730719 1.00000 7 
 fake.rf 1440.00000000 50270.13380820396150028 1.00000 7 
 fake.rf 1440.00000000 50280.03232760281955294 1.00000 7 
 fake.rf 1440.00000000 50290.07007886778927030 1.00000 7 
 fake.rf 1440.00000000 50300.01821822885239754 1.00000 7 
 fake.rf 1440.00000000 50309.96373230182154401 1.00000 7 
 fake.rf 1440.00000000 50319.95530061801413879 1.00000 7 
 fake.rf 1440.00000000 50329.95438035308588454 1.00000 7 
 fake.rf 1440.00000000 50339.89861594420259649 1.00000 7 
 fake.rf 1440.00000000 50349.88075035611626973 1.00000 7 
 fake.rf 1440.00000000 50359.85600471732957928 1.00000 7 
 fake.rf 1440.00000000 50369.78876772890686553 1.00000 7 
 fake.rf 1440.00000000 50379.81815157482119361 1.00000 7 
 fake.rf 1440.00000000 50389.75094379195979499 1.00000 7 
 fake.rf 1440.00000000 50399.74402388939899211 1.00000 7 
 fake.rf 1440.00000000 50409.69645545106734374 1.00000 7 
 fake.rf 1440.00000000 50419.69995822519046769 1.00000 7 
 fake.rf 1440.00000000 50429.63171219075324103 1.00000 7 
 fake.rf 1440.00000000 50439.65509239248500251 1.00000 7 
 fake.rf 1440.00000000 50449.62202612291289228 1.00000 7 
 fake.rf 1440.00000000 50459.55678289886465748 1.00000 7 
 fake.rf 1440.00000000 50469.52020340991568759 1.00000 7 
 fake.rf 1440.00000000 50479.56367168573599358 1.00000 7 
 fake.rf 1440.00000000 50489.46306969286020916 1.00000 7 
 fake.rf 1440.00000000 50499.47104299457043552 1.00000 7 
 fake.rf 1440.00000000 50509.48040032409714328 1.00000 7 
 fake.rf 1440.00000000 50519.44424948680908471 1.00000 7 
 fake.rf 1440.00000000 50529.37769404497124270 1.00000 7 
 fake.rf 1440.00000000 50539.33147256631820099 1.00000 7 
 fake.rf 1440.00000000 50549.34927989584161878 1.00000 7 
 fake.rf 1440.00000000 50559.34570232755685737 1.00000 7 
 fake.rf 1440.00000000 50569.32207706914128664 1.00000 7 
 fake.rf 1440.00000000 50579.25829949438379529 1.00000 7 
 fake.rf 1440.00000000 50589.26387899901627776 1.00000 7 
 fake.rf 1440.00000000 50599.22197599230421261 1.00000 7 
 fake.rf 1440.00000000 50609.13364209968962371 1.00000 7 
 fake.rf 1440.00000000 50619.11203992881088354 1.00000 7 
 fake.rf 1440.00000000 50629.08900962260516820 1.00000 7 
 fake.rf 1440.00000000 50639.11039313872268153 1.00000 7 
 fake.rf 1440.00000000 50649.06033095867582716 1.00000 7 
 fake.rf 1440.00000000 50659.04673935103447491 1.00000 7 
 fake.rf 1440.00000000 50668.98734824441643099 1.00000 7 
 fake.rf 1440.00000000 50678.98068670106889755 1.00000 7 
 fake.rf 1440.00000000 50688.94044995328398784 1.00000 7 
 fake.rf 1440.00000000 50698.92448872949654159 1.00000 7 
 fake.rf 1440.00000000 50708.93821159110006036 1.00000 7 
 fake.rf 1440.00000000 50718.87771083877667877 1.00000 7 
 fake.rf 1440.00000000 50728.80922335693922776 1.00000 7 
 fake.rf 1440.00000000 50738.78200447573778575 1.00000 7 
 fake.rf 1440.00000000 50748.77218828176541976 1.00000 7 
 fake.rf 1440.00000000 50758.78127217657963755 1.00000 7 
 fake.rf 1440.00000000 50768.71611441651879915 1.00000 7 
 fake.rf 1440.00000000 50778.69702306513771006 1.00000 7 
 fake.rf 1440.00000000 50788.69354624274243903 1.00000 7 
 fake.rf 1440.00000000 50798.63842417680798746 1.00000 7 
 fake.rf 1440.00000000 50808.65461047844360820 1.00000 7 
 fake.rf 1440.00000000 50818.60446193833542949 1.00000 7 
 fake.rf 1440.00000000 50828.54049334403334726 1.00000 7 
 fake.rf 1440.00000000 50838.51742852514741244 1.00000 7 
 fake.rf 1440.00000000 50848.53169621180529703 1.00000 7 
 fake.rf 1440.00000000 50858.51283926391030832 1.00000 7 
 fake.rf 1440.00000000 50868.43016793451275248 1.00000 7 
 fake.rf 1440.00000000 50878.44811463163601672 1.00000 7 
 fake.rf 1440.00000000 50888.39278449251387926 1.00000 7 
 fake.rf 1440.00000000 50898.34299692847576679 1.00000 7 
 fake.rf 1440.00000000 50908.34634492565872677 1.00000 7 
 fake.rf 1440.00000000 50918.31331860158237745 1.00000 7 
 fake.rf 1440.00000000 50928.26923327587984147 1.00000 7 
 fake.rf 1440.00000000 50938.27685530064112740 1.00000 7 
 fake.rf 1440.00000000 50948.20918346513632358 1.00000 7 
 fake.rf 1440.00000000 50958.22567355045581294 1.00000 7 
 fake.rf 1440.00000000 50968.16367505008987493 1.00000 7 
 fake.rf 1440.00000000 50978.14724977930247718 1.00000 7 
 fake.rf 1440.00000000 50988.10104931573594200 1.00000 7 
 fake.rf 1440.00000000 50998.10945172490690069 1.00000 7 
 fake.rf 1440.00000000 51008.10436951974511999 1.00000 7 
 fake.rf 1440.00000000 51018.01586293582751708 1.00000 7 
 fake.rf 1440.00000000 51027.99106893802130358 1.00000 7 
 fake.rf 1440.00000000 51038.02813697856015551 1.00000 7 
 fake.rf 1440.00000000 51047.93971579640062686 1.00000 7 
 fake.rf 1440.00000000 51057.93240990711217719 1.00000 7 
 fake.rf 1440.00000000 51067.92253285263949536 1.00000 7 
 fake.rf 1440.00000000 51077.87959156674854455 1.00000 7 
 fake.rf 1440.00000000 51087.88049866923695674 1.00000 7 
 fake.rf 1440.00000000 51097.81111579473651929 1.00000 7 
 fake.rf 1440.00000000 51107.82369015118107924 1.00000 7 
 fake.rf 1440.00000000 51117.78475446971614815 1.00000 7 
 fake.rf 1440.00000000 51127.77586073762628516 1.00000 7 
 fake.rf 1440.00000000 51137.75177085326526338 1.00000 7 
 fake.rf 1440.00000000 51147.71707472531501892 1.00000 7 
 fake.rf 1440.00000000 51157.66641965551804461 1.00000 7 
 fake.rf 1440.00000000 51167.65077717727821849 1.00000 7 
 fake.rf 1440.00000000 51177.64404738906318215 1.00000 7 
 fake.rf 1440.00000000 51187.55530995174907360 1.00000 7 
 fake.rf 1440.00000000 51197.59497505007780660 1.00000 7 
 fake.rf 1440.00000000 51207.56576203892898747 1.00000 7 
 fake.rf 1440.00000000 51217.50767693963079807 1.00000 7 
 fake.rf 1440.00000000 51227.45828671289728717 1.00000 7 
 fake.rf 1440.00000000 51237.41229265759684708 1.00000 7 
 fake.rf 1440.00000000 51247.38913399205162946 1.00000 7 
 fake.rf 1440.00000000 51257.38270957825648821 1.00000 7 
 fake.rf 1440.00000000 51267.38050996377777579 1.00000 7 
 fake.rf 1440.00000000 51277.32265705626174324 1.00000 7 
 fake.rf 1440.00000000 51287.32711165847215184 1.00000 7 
 fake.rf 1440.00000000 51297.30601592975150993 1.00000 7 
 fake.rf 1440.00000000 51307.28386982000779071 1.00000 7 
 fake.rf 1440.00000000 51317.22721329097878140 1.00000 7 
 fake.rf 1440.00000000 51327.22824860450640827 1.00000 7 
 fake.rf 1440.00000000 51337.20861282510707824 1.00000 7 
 fake.rf 1440.00000000 51347.13299526223741864 1.00000 7 
 fake.rf 1440.00000000 51357.15624704925249588 1.00000 7 
 fake.rf 1440.00000000 51367.07327642881932661 1.00000 7 
 fake.rf 1440.00000000 51377.09841947483248248 1.00000 7 
 fake.rf 1440.00000000 51387.02270099209604481 1.00000 7 
 fake.rf 1440.00000000 51397.05127514630488861 1.00000 7 
 fake.rf 1440.00000000 51406.95100628091211448 1.00000 7 
 fake.rf 1440.00000000 51416.99849986088166531 1.00000 7 
 fake.rf 1440.00000000 51426.93210932322183027 1.00000 7 
 fake.rf 1440.00000000 51436.93358439475026955 1.00000 7 
 fake.rf 1440.00000000 51446.90095909723061496 1.00000 7 
 fake.rf 1440.00000000 51456.82717682902418233 1.00000 7 
 fake.rf 1440.00000000 51466.80530109243298753 1.00000 7 
 fake.rf 1440.00000000 51476.78433763996036276 1.00000 7 
 fake.rf 1440.00000000 51486.73112987341184166 1.00000 7 
 fake.rf 1440.00000000 51496.73115440956100031 1.00000 7 
 fake.rf 1440.00000000 51506.69382707366001029 1.00000 7 
 fake.rf 1440.00000000 51516.72204395691029788 1.00000 7 
 fake.rf 1440.00000000 51526.69128776539169934 1.00000 7 
 fake.rf 1440.00000000 51536.63187444244437785 1.00000 7 
 fake.rf 1440.00000000 51546.64140164155705293 1.00000 7 
 fake.rf 1440.00000000 51556.61479111071049530 1.00000 7 
 fake.rf 1440.00000000 51566.57625772248863072 1.00000 7 
 fake.rf 1440.00000000 51576.52755629650138047 1.00000 7 
 fake.rf 1440.00000000 51586.47039720889948811 1.00000 7 
 fake.rf 1440.00000000 51596.46362275907259587 1.00000 7 
 fake.rf 1440.00000000 51606.42112987239411126 1.00000 7 
 fake.rf 1440.00000000 51616.45246240366500245 1.00000 7 
 fake.rf 1440.00000000 51626.41633572114487905 1.00000 7 
 fake.rf 1440.00000000 51636.31884918189913591 1.00000 7 
 fake.rf 1440.00000000 51646.35785025335106013 1.00000 7 
 fake.rf 1440.00000000 51656.27341033146080207 1.00000 7 
 fake.rf 1440.00000000 51666.30981323934960869 1.00000 7 
 fake.rf 1440.00000000 51676.20981473558693509 1.00000 7 
 fake.rf 1440.00000000 51686.26115548212508699 1.00000 7 
 fake.rf 1440.00000000 51696.16581096754210023 1.00000 7 
 fake.rf 1440.00000000 51706.20502422840384682 1.00000 7 
 fake.rf 1440.00000000 51716.18340049944699643 1.00000 7 
 fake.rf 1440.00000000 51726.07952053701546546 1.00000 7 
 fake.rf 1440.00000000 51736.07964763392079988 1.00000 7 
 fake.rf 1440.00000000 51746.08680329784404961 1.00000 7 
 fake.rf 1440.00000000 51756.06093571110634599 1.00000 7 
 fake.rf 1440.00000000 51766.01458479199827067 1.00000 7 
 fake.rf 1440.00000000 51775.94383577071758040 1.00000 7 
 fake.rf 1440.00000000 51785.92430905562935450 1.00000 7 
 fake.rf 1440.00000000 51795.93538805552259063 1.00000 7 
 fake.rf 1440.00000000 51805.89196791608917181 1.00000 7 
 fake.rf 1440.00000000 51815.86241815661001908 1.00000 7 
 fake.rf 1440.00000000 51825.84568498766779854 1.00000 7 
 fake.rf 1440.00000000 51835.79881301518121006 1.00000 7 
 fake.rf 1440.00000000 51845.82048763909266142 1.00000 7 
 fake.rf 1440.00000000 51855.75725262636467150 1.00000 7 
 fake.rf 1440.00000000 51865.71107450284223006 1.00000 7 
 fake.rf 1440.00000000 51875.72152007126206641 1.00000 7 
 fake.rf 1440.00000000 51885.63688795776681673 1.00000 7 
 fake.rf 1440.00000000 51895.64418839180661180 1.00000 7 
 fake.rf 1440.00000000 51905.59183050683347460 1.00000 7 
 fake.rf 1440.00000000 51915.57534322002485894 1.00000 7 
 fake.rf 1440.00000000 51925.55794715009276885 1.00000 7 
 fake.rf 1440.00000000 51935.58010026185536034 1.00000 7 
 fake.rf 1440.00000000 51945.49343076145132514 1.00000 7 
 fake.rf 1440.00000000 51955.45900674260126451 1.00000 7 
 fake.rf 1440.00000000 51965.42402425747241423 1.00000 7 
 fake.rf 1440.00000000 51975.40106205994990773 1.00000 7 
 fake.rf 1440.00000000 51985.37727719765889134 1.00000 7 
 fake.rf 1440.00000000 51995.33760649512433361 1.00000 7 
 fake.rf 1440.00000000 52005.32993734903771710 1.00000 7 
 fake.rf 1440.00000000 52015.28933675265182757 1.00000 7 
 fake.rf 1440.00000000 52025.25534666633700098 1.00000 7 
 fake.rf 1440.00000000 52035.25443529767585105 1.00000 7 
 fake.rf 1440.00000000 52045.24126608115316017 1.00000 7 
 fake.rf 1440.00000000 52055.24173597899673993 1.00000 7 
 fake.rf 1440.00000000 52065.15892799863095419 1.00000 7 
 fake.rf 1440.00000000 52075.12671222878561039 1.00000 7 
 fake.rf 1440.00000000 52085.16707073346830015 1.00000 7 
 fake.rf 1440.00000000 52095.09204037671128873 1.00000 7 
 fake.rf 1440.00000000 52105.09820798185369384 1.00000 7 
 fake.rf 1440.00000000 52115.03911732719368288 1.00000 7 
 fake.rf 1440.00000000 52125.04517490318740158 1.00000 7 
 fake.rf 1440.00000000 52134.97858032236044679 1.00000 7 
 fake.rf 1440.00000000 52144.98325535235538908 1.00000 7 
 fake.rf 1440.00000000 52154.95495853635769024 1.00000 7 
 fake.rf 1440.00000000 52164.93576667175545936 1.00000 7 
 fake.rf 1440.00000000 52174.92156792146936084 1.00000 7 
 fake.rf 1440.00000000 52184.84768765454748873 1.00000 7 
 fake.rf 1440.00000000 52194.85450128664167124 1.00000 7 
 fake.rf 1440.00000000 52204.79157399807240836 1.00000 7 
 fake.rf 1440.00000000 52214.77597347139425210 1.00000 7 
 fake.rf 1440.00000000 52224.71027082485273496 1.00000 7 
 fake.rf 1440.00000000 52234.74058515531859115 1.00000 7 
 fake.rf 1440.00000000 52244.69110872635006260 1.00000 7 
 fake.rf 1440.00000000 52254.64937425798045467 1.00000 7 
 fake.rf 1440.00000000 52264.67256890097667466 1.00000 7 
 fake.rf 1440.00000000 52274.61541434427130071 1.00000 7 
 fake.rf 1440.00000000 52284.57802199362048867 1.00000 7 
 fake.rf 1440.00000000 52294.52140279245872989 1.00000 7 
 fake.rf 1440.00000000 52304.53521521346631218 1.00000 7 
 fake.rf 1440.00000000 52314.51745808253684089 1.00000 7 
 fake.rf 1440.00000000 52324.44754262414941692 1.00000 7 
 fake.rf 1440.00000000 52334.45466923043868590 1.00000 7 
 fake.rf 1440.00000000 52344.46330500021425181 1.00000 7 
 fake.rf 1440.00000000 52354.40752473760972308 1.00000 7 
 fake.rf 1440.00000000 52364.35909219037498374 1.00000 7 
 fake.rf 1440.00000000 52374.31222435682310845 1.00000 7 
 fake.rf 1440.00000000 52384.33486597978657784 1.00000 7 
 fake.rf 1440.00000000 52394.27076300428992184 1.00000 7 
 fake.rf 1440.00000000 52404.25950244761352437 1.00000 7 
 fake.rf 1440.00000000 52414.23228265567905382 1.00000 7 
 fake.rf 1440.00000000 52424.21972670231748381 1.00000 7 
 fake.rf 1440.00000000 52434.15849469835799468 1.00000 7 
 fake.rf 1440.00000000 52444.17531800931408981 1.00000 7 
 fake.rf 1440.00000000 52454.11140808501188815 1.00000 7 
 fake.rf 1440.00000000 52464.13251697750174074 1.00000 7 
 fake.rf 1440.00000000 52474.07411935296540761 1.00000 7 
 fake.rf 1440.00000000 52484.02331501398737146 1.00000 7 
 fake.rf 1440.00000000 52493.99784794959676049 1.00000 7 
 fake.rf 1440.00000000 52503.97356832380772218 1.00000 7 
 fake.rf 1440.00000000 52513.97047431604415735 1.00000 7 
 fake.rf 1440.00000000 52523.95671113895167537 1.00000 7 
 fake.rf 1440.00000000 52533.89403316485173079 1.00000 7 
 fake.rf 1440.00000000 52543.86522450457848166 1.00000 7 
 fake.rf 1440.00000000 52553.82928919867076445 1.00000 7 
 fake.rf 1440.00000000 52563.83551443855446195 1.00000 7 
 fake.rf 1440.00000000 52573.77387146761252268 1.00000 7 
 fake.rf 1440.00000000 52583.79141923460854358 1.00000 7 
 fake.rf 1440.00000000 52593.70422309527888771 1.00000 7 
 fake.rf 1440.00000000 52603.69659857413396864 1.00000 7 
 fake.rf 1440.00000000 52613.67192981373580096 1.00000 7 
 fake.rf 1440.00000000 52623.67761416157956589 1.00000 7 
 fake.rf 1440.00000000 52633.62737855349480398 1.00000 7 
 fake.rf 1440.00000000 52643.63714064892323208 1.00000 7 
 fake.rf 1440.00000000 52653.59543192821163160 1.00000 7 
 fake.rf 1440.00000000 52663.51672033610060808 1.00000 7 
 fake.rf 1440.00000000 52673.50535423090433085 1.00000 7 
 fake.rf 1440.00000000 52683.52741526713820974 1.00000 7 
 fake.rf 1440.00000000 52693.49864969307820672 1.00000 7 
 fake.rf 1440.00000000 52703.45048491339041874 1.00000 7 
 fake.rf 1440.00000000 52713.40525643996790350 1.00000 7 
 fake.rf 1440.00000000 52723.37657537001332742 1.00000 7 
 fake.rf 1440.00000000 52733.34315895674247088 1.00000 7 
 fake.rf 1440.00000000 52743.34733613985784828 1.00000 7 
 fake.rf 1440.00000000 52753.27944939070480501 1.00000 7 
 fake.rf 1440.00000000 52763.29276070909528329 1.00000 7 
 fake.rf 1440.00000000 52773.26201781606298269 1.00000 7 
 fake.rf 1440.00000000 52783.24637107535288294 1.00000 7 
 fake.rf 1440.00000000 52793.15284902428557245 1.00000 7 
 fake.rf 1440.00000000 52803.20727674345983615 1.00000 7 
 fake.rf 1440.00000000 52813.11132136536432213 1.00000 7 
 fake.rf 1440.00000000 52823.12534305660814482 1.00000 7 
 fake.rf 1440.00000000 52833.10997858311173303 1.00000 7 
 fake.rf 1440.00000000 52843.06198288543710717 1.00000 7 
 fake.rf 1440.00000000 52852.99116687403361325 1.00000 7 
 fake.rf 1440.00000000 52862.96717142480196472 1.00000 7 
 fake.rf 1440.00000000 52872.95270535760726816 1.00000 7 
 fake.rf 1440.00000000 52882.93088401459734271 1.00000 7 
 fake.rf 1440.00000000 52892.95174073962149919 1.00000 7 
 fake.rf 1440.00000000 52902.87738286178792535 1.00000 7 
 fake.rf 1440.00000000 52912.87524135130975012 1.00000 7 
 fake.rf 1440.00000000 52922.81540017343758819 1.00000 7 
 fake.rf 1440.00000000 52932.77403107342914268 1.00000 7 
 fake.rf 1440.00000000 52942.74895824190067373 1.00000 7 
 fake.rf 1440.00000000 52952.72618355605410301 1.00000 7 
 fake.rf 1440.00000000 52962.75374331991048393 1.00000 7 
 fake.rf 1440.00000000 52972.67726324726885068 1.00000 7 
 fake.rf 1440.00000000 52982.67042680135339339 1.00000 7 
 fake.rf 1440.00000000 52992.66401860919901168 1.00000 7 
 fake.rf 1440.00000000 53002.58607728276466275 1.00000 7 
 fake.rf 1440.00000000 53012.55838038075822638 1.00000 7 
 fake.rf 1440.00000000 53022.53404804676256390 1.00000 7 
 fake.rf 1440.00000000 53032.53806335443094966 1.00000 7 
 fake.rf 1440.00000000 53042.50425437723462707 1.00000 7 
 fake.rf 1440.00000000 53052.51140356703364631 1.00000 7 
 fake.rf 1440.00000000 53062.47483638681745077 1.00000 7 
 fake.rf 1440.00000000 53072.39830974576433675 1.00000 7 
 fake.rf 1440.00000000 53082.40202043849568270 1.00000 7 
 fake.rf 1440.00000000 53092.37711078059264835 1.00000 7 
 fake.rf 1440.00000000 53102.31769982381123185 1.00000 7 
 fake.rf 1440.00000000 53112.31980918167356265 1.00000 7 
 fake.rf 1440.00000000 53122.30958190718830636 1.00000 7 
 fake.rf 1440.00000000 53132.29149691654383503 1.00000 7 
 fake.rf 1440.00000000 53142.22221276643107757 1.00000 7 
 fake.rf 1440.00000000 53152.19129414387277421 1.00000 7 
 fake.rf 1440.00000000 53162.21303081030768212 1.00000 7 
 fake.rf 1440.00000000 53172.14705556153956678 1.00000 7 
 fake.rf 1440.00000000 53182.12897520642221139 1.00000 7 
 fake.rf 1440.00000000 53192.07286155107525261 1.00000 7 
 fake.rf 1440.00000000 53202.05504734340777873 1.00000 7 
 fake.rf 1440.00000000 53212.07324672073876215 1.00000 7 
 fake.rf 1440.00000000 53222.04229586658540896 1.00000 7 
 fake.rf 1440.00000000 53231.99194484636348790 1.00000 7 
 fake.rf 1440.00000000 53241.99607943250261499 1.00000 7 
 fake.rf 1440.00000000 53251.96736011225761942 1.00000 7 
 fake.rf 1440.00000000 53261.92153880069822236 1.00000 7 
 fake.rf 1440.00000000 53271.89720404383178831 1.00000 7 
 fake.rf 1440.00000000 53281.81930905565866397 1.00000 7 
 fake.rf 1440.00000000 53291.79395561632290779 1.00000 7 
 fake.rf 1440.00000000 53301.79051704389457456 1.00000 7 
 fake.rf 1440.00000000 53311.74531833961184901 1.00000 7 
 fake.rf 1440.00000000 53321.71957232530592208 1.00000 7 
 fake.rf 1440.00000000 53331.71910579690895560 1.00000 7 
 fake.rf 1440.00000000 53341.70522666076175256 1.00000 7 
 fake.rf 1440.00000000 53351.67297603421367214 1.00000 7 
 fake.rf 1440.00000000 53361.62362974038020980 1.00000 7 
 fake.rf 1440.00000000 53371.60048772477331980 1.00000 7 
 fake.rf 1440.00000000 53381.60234815125654606 1.00000 7 
 fake.rf 1440.00000000 53391.58401684201608361 1.00000 7 
 fake.rf 1440.00000000 53401.56326959647367048 1.00000 7 
 fake.rf 1440.00000000 53411.53302327643293168 1.00000 7 
 fake.rf 1440.00000000 53421.46077235529266858 1.00000 7 
 fake.rf 1440.00000000 53431.45710215613773286 1.00000 7 
 fake.rf 1440.00000000 53441.43607520083036633 1.00000 7 
 fake.rf 1440.00000000 53451.40517785563541509 1.00000 7 
 fake.rf 1440.00000000 53461.39789330623535690 1.00000 7 
 fake.rf 1440.00000000 53471.34257400566547602 1.00000 7 
 fake.rf 1440.00000000 53481.27300575762411938 1.00000 7 
 fake.rf 1440.00000000 53491.27494516089170062 1.00000 7 
 fake.rf 1440.00000000 53501.27414991372643982 1.00000 7 
 fake.rf 1440.00000000 53511.21407177767403240 1.00000 7 
 fake.rf 1440.00000000 53521.17818153290965810 1.00000 7 
 fake.rf 1440.00000000 53531.17373975278463760 1.00000 7 
 fake.rf 1440.00000000 53541.17394833160992462 1.00000 7 
 fake.rf 1440.00000000 53551.08616358642608901 1.00000 7 
 fake.rf 1440.00000000 53561.08030690264697782 1.00000 7 
 fake.rf 1440.00000000 53571.06199844739537852 1.00000 7 
 fake.rf 1440.00000000 53581.06051672428643329 1.00000 7 
 fake.rf 1440.00000000 53591.00406926366080640 1.00000 7 
 fake.rf 1440.00000000 53600.98771170769975214 1.00000 7 
 fake.rf 1440.00000000 53610.92676241350698163 1.00000 7 
 fake.rf 1440.00000000 53620.93575395335486888 1.00000 7 
 fake.rf 1440.00000000 53630.92095477237002399 1.00000 7 
 fake.rf 1440.00000000 53640.88684318471185364 1.00000 7 
 fake.rf 1440.00000000 53650.82592663286311918 1.00000 7 
 fake.rf 1440.00000000 53660.80618117109944976 1.00000 7 
