FORMAT 1
MODE 1
 fake.rf 1440.00000000 50000.88565334487939751 1.00000 7 
 fake.rf 1440.00000000 50010.89549938081351854 1.00000 7 
 fake.rf 1440.00000000 50020.83580199944627864 1.00000 7 
 fake.rf 1440.00000000 50030.80721925754196278 1.00000 7 
 fake.rf 1440.00000000 50040.77048108115984704 1.00000 7 
 fake.rf 1440.00000000 50050.80268473773389104 1.00000 7 
 fake.rf 1440.00000000 50060.76390779496817274 1.00000 7 
 fake.rf 1440.00000000 50070.70051957588466252 1.00000 7 
 fake.rf 1440.00000000 50080.71408638372133026 1.00000 7 
 fake.rf 1440.00000000 50090.66376584804058325 1.00000 7 
 fake.rf 1440.00000000 50100.64284258752982737 1.00000 7 
 fake.rf 1440.00000000 50110.60291537821348129 1.00000 7 
 fake.rf 1440.00000000 50120.59761826233495086 1.00000 7 
 fake.rf 1440.00000000 50130.55792922235288245 1.00000 7 
 fake.rf 1440.00000000 50140.49405580666723736 1.00000 7 
 fake.rf 1440.00000000 50150.46975434763306723 1.00000 7 
 fake.rf 1440.00000000 50160.46582370959184871 1.00000 7 
 fake.rf 1440.00000000 50170.43172057964270039 1.00000 7 
 fake.rf 1440.00000000 50180.45239082174154888 1.00000 7 
 fake.rf 1440.00000000 50190.38630594280664354 1.00000 7 
 fake.rf 1440.00000000 50200.40822388074128568 1.00000 7 
 fake.rf 1440.00000000 50210.36203742723149546 1.00000 7 
 fake.rf 1440.00000000 50220.34353773093793905 1.00000 7 
 fake.rf 1440.00000000 50230.26065464482315548 1.00000 7 
 fake.rf 1440.00000000 50240.28730842063400885 1.00000 7 
 fake.rf 1440.00000000 50250.23964867352337649 1.00000 7 
 fake.rf 1440.00000000 50260.23494051274491667 1.00000 7 
 fake.rf 1440.00000000 50270.20938463017934694 1.00000 7 
 fake.rf 1440.00000000 50280.10790400063799055 1.00000 7 
 fake.rf 1440.00000000 50290.14565520292466161 1.00000 7 
 fake.rf 1440.00000000 50300.09379461913826148 1.00000 7 
 fake.rf 1440.00000000 50310.03930860248041057 1.00000 7 
 fake.rf 1440.00000000 50320.03087696999257616 1.00000 7 
 fake.rf 1440.00000000 50330.02995674154980321 1.00000 7 
 fake.rf 1440.00000000 50339.97419235290951889 1.00000 7 
 fake.rf 1440.00000000 50349.95632668946863930 1.00000 7 
 fake.rf 1440.00000000 50359.93158109633283459 1.00000 7 
 fake.rf 1440.00000000 50369.86434408907557625 1.00000 7 
 fake.rf 1440.00000000 50379.89372787383940278 1.00000 7 
 fake.rf 1440.00000000 50389.82652015607497020 1.00000 7 
 fake.rf 1440.00000000 50399.81960019648713001 1.00000 7 
 fake.rf 1440.00000000 50409.77203180644112379 1.00000 7 
 fake.rf 1440.00000000 50419.77553457498830980 1.00000 7 
 fake.rf 1440.00000000 50429.70728859081027906 1.00000 7 
 fake.rf 1440.00000000 50439.73066871995610683 1.00000 7 
 fake.rf 1440.00000000 50449.69760251440590082 1.00000 7 
 fake.rf 1440.00000000 50459.63235932758126978 1.00000 7 
 fake.rf 1440.00000000 50469.59577977758187473 1.00000 7 
 fake.rf 1440.00000000 50479.63924799899777440 1.00000 7 
 fake.rf 1440.00000000 50489.53864604256882842 1.00000 7 
 fake.rf 1440.00000000 50499.54661939813001226 1.00000 7 
 fake.rf 1440.00000000 50509.55597661679827937 1.00000 7 
 fake.rf 1440.00000000 50519.51982583871238575 1.00000 7 
 fake.rf 1440.00000000 50529.45327039444513773 1.00000 7 
 fake.rf 1440.00000000 50539.40704896147139635 1.00000 7 
 fake.rf 1440.00000000 50549.42485621615404412 1.00000 7 
 fake.rf 1440.00000000 50559.42127872331296601 1.00000 7 
 fake.rf 1440.00000000 50569.39765339217452222 1.00000 7 
 fake.rf 1440.00000000 50579.33387586890889054 1.00000 7 
 fake.rf 1440.00000000 50589.33945530888563979 1.00000 7 
 fake.rf 1440.00000000 50599.29755233435499306 1.00000 7 
 fake.rf 1440.00000000 50609.20921848748715632 1.00000 7 
 fake.rf 1440.00000000 50619.18761626927326702 1.00000 7 
 fake.rf 1440.00000000 50629.16458602810239498 1.00000 7 
 fake.rf 1440.00000000 50639.18596954101180785 1.00000 7 
 fake.rf 1440.00000000 50649.13590736303594753 1.00000 7 
 fake.rf 1440.00000000 50659.12231574451939764 1.00000 7 
 fake.rf 1440.00000000 50669.06292466450968703 1.00000 7 
 fake.rf 1440.00000000 50679.05626301998735173 1.00000 7 
 fake.rf 1440.00000000 50689.01602639456090671 1.00000 7 
 fake.rf 1440.00000000 50699.00006506812454177 1.00000 7 
 fake.rf 1440.00000000 50709.01378792319588840 1.00000 7 
 fake.rf 1440.00000000 50718.95328715055987701 1.00000 7 
 fake.rf 1440.00000000 50728.88479975228150209 1.00000 7 
 fake.rf 1440.00000000 50738.85758079327690595 1.00000 7 
 fake.rf 1440.00000000 50748.84776459771851975 1.00000 7 
 fake.rf 1440.00000000 50758.85684852081609364 1.00000 7 
 fake.rf 1440.00000000 50768.79169079250637253 1.00000 7 
 fake.rf 1440.00000000 50778.77259937983198412 1.00000 7 
 fake.rf 1440.00000000 50788.76912263769368394 1.00000 7 
 fake.rf 1440.00000000 50798.71400058135593625 1.00000 7 
 fake.rf 1440.00000000 50808.73018687087025569 1.00000 7 
 fake.rf 1440.00000000 50818.68003834940436647 1.00000 7 
 fake.rf 1440.00000000 50828.61606977489331882 1.00000 7 
 fake.rf 1440.00000000 50838.59300495392352204 1.00000 7 
 fake.rf 1440.00000000 50848.60727257653297073 1.00000 7 
 fake.rf 1440.00000000 50858.58841562402565728 1.00000 7 
 fake.rf 1440.00000000 50868.50574432374668632 1.00000 7 
 fake.rf 1440.00000000 50878.52369102399884682 1.00000 7 
 fake.rf 1440.00000000 50888.46836079684453580 1.00000 7 
 fake.rf 1440.00000000 50898.41857330247399460 1.00000 7 
 fake.rf 1440.00000000 50908.42192137403673158 1.00000 7 
 fake.rf 1440.00000000 50918.38889500022359869 1.00000 7 
 fake.rf 1440.00000000 50928.34480957566122683 1.00000 7 
 fake.rf 1440.00000000 50938.35243164745397593 1.00000 7 
 fake.rf 1440.00000000 50948.28475978806719127 1.00000 7 
 fake.rf 1440.00000000 50958.30124989618064291 1.00000 7 
 fake.rf 1440.00000000 50968.23925144244588736 1.00000 7 
 fake.rf 1440.00000000 50978.22282611471185731 1.00000 7 
 fake.rf 1440.00000000 50988.17662567601671952 1.00000 7 
 fake.rf 1440.00000000 50998.18502812029191062 1.00000 7 
 fake.rf 1440.00000000 51008.17994591892750833 1.00000 7 
 fake.rf 1440.00000000 51018.09143935762036648 1.00000 7 
 fake.rf 1440.00000000 51028.06664529248637052 1.00000 7 
 fake.rf 1440.00000000 51038.10371328885860009 1.00000 7 
 fake.rf 1440.00000000 51048.01529213187195211 1.00000 7 
 fake.rf 1440.00000000 51058.00798624595955388 1.00000 7 
 fake.rf 1440.00000000 51067.99810924082616737 1.00000 7 
 fake.rf 1440.00000000 51077.95516792817531382 1.00000 7 
 fake.rf 1440.00000000 51087.95607500715962246 1.00000 7 
 fake.rf 1440.00000000 51097.88669210426794010 1.00000 7 
 fake.rf 1440.00000000 51107.89926645811043571 1.00000 7 
 fake.rf 1440.00000000 51117.86033092497641306 1.00000 7 
 fake.rf 1440.00000000 51127.85143715016113219 1.00000 7 
 fake.rf 1440.00000000 51137.82734723606565197 1.00000 7 
 fake.rf 1440.00000000 51147.79265117024657883 1.00000 7 
 fake.rf 1440.00000000 51157.74199600710840130 1.00000 7 
 fake.rf 1440.00000000 51167.72635355615799213 1.00000 7 
 fake.rf 1440.00000000 51177.71962380114061020 1.00000 7 
 fake.rf 1440.00000000 51187.63088637594684727 1.00000 7 
 fake.rf 1440.00000000 51197.67055143232496661 1.00000 7 
 fake.rf 1440.00000000 51207.64133841348785126 1.00000 7 
 fake.rf 1440.00000000 51217.58325333143027436 1.00000 7 
 fake.rf 1440.00000000 51227.53386301510955292 1.00000 7 
 fake.rf 1440.00000000 51237.48786902292296830 1.00000 7 
 fake.rf 1440.00000000 51247.46471038482590288 1.00000 7 
 fake.rf 1440.00000000 51257.45828586182131659 1.00000 7 
 fake.rf 1440.00000000 51267.45608635817065135 1.00000 7 
 fake.rf 1440.00000000 51277.39823344491495405 1.00000 7 
 fake.rf 1440.00000000 51287.40268806058172046 1.00000 7 
 fake.rf 1440.00000000 51297.38159232862072301 1.00000 7 
 fake.rf 1440.00000000 51307.35944618637121550 1.00000 7 
 fake.rf 1440.00000000 51317.30278966461046863 1.00000 7 
 fake.rf 1440.00000000 51327.30382490159403730 1.00000 7 
 fake.rf 1440.00000000 51337.28418918400628712 1.00000 7 
 fake.rf 1440.00000000 51347.20857162142264940 1.00000 7 
 fake.rf 1440.00000000 51357.23182337972927414 1.00000 7 
 fake.rf 1440.00000000 51367.14885285443999408 1.00000 7 
 fake.rf 1440.00000000 51377.17399590171498147 1.00000 7 
 fake.rf 1440.00000000 51387.09827736186542779 1.00000 7 
 fake.rf 1440.00000000 51397.12685149772003257 1.00000 7 
 fake.rf 1440.00000000 51407.02658265224512135 1.00000 7 
 fake.rf 1440.00000000 51417.07407617307521974 1.00000 7 
 fake.rf 1440.00000000 51427.00768577481474964 1.00000 7 
 fake.rf 1440.00000000 51437.00916083201066797 1.00000 7 
 fake.rf 1440.00000000 51446.97653544076242227 1.00000 7 
 fake.rf 1440.00000000 51456.90275316507010928 1.00000 7 
 fake.rf 1440.00000000 51466.88087752552979381 1.00000 7 
 fake.rf 1440.00000000 51476.85991408399511826 1.00000 7 
 fake.rf 1440.00000000 51486.80670629401450000 1.00000 7 
 fake.rf 1440.00000000 51496.80673086574889652 1.00000 7 
 fake.rf 1440.00000000 51506.76940343034697634 1.00000 7 
 fake.rf 1440.00000000 51516.79762035326561076 1.00000 7 
 fake.rf 1440.00000000 51526.76686413340250326 1.00000 7 
 fake.rf 1440.00000000 51536.70745078450271492 1.00000 7 
 fake.rf 1440.00000000 51546.71697803867382603 1.00000 7 
 fake.rf 1440.00000000 51556.69036743444003790 1.00000 7 
 fake.rf 1440.00000000 51566.65183414257206351 1.00000 7 
 fake.rf 1440.00000000 51576.60313265067519950 1.00000 7 
 fake.rf 1440.00000000 51586.54597354996241165 1.00000 7 
 fake.rf 1440.00000000 51596.53919915619228931 1.00000 7 
 fake.rf 1440.00000000 51606.49670630376531477 1.00000 7 
 fake.rf 1440.00000000 51616.52803873892692010 1.00000 7 
 fake.rf 1440.00000000 51626.49191209612882503 1.00000 7 
 fake.rf 1440.00000000 51636.39442551880393495 1.00000 7 
 fake.rf 1440.00000000 51646.43342663466741271 1.00000 7 
 fake.rf 1440.00000000 51656.34898668333368121 1.00000 7 
 fake.rf 1440.00000000 51666.38538962877559513 1.00000 7 
 fake.rf 1440.00000000 51676.28539106474916665 1.00000 7 
 fake.rf 1440.00000000 51686.33673189735785058 1.00000 7 
 fake.rf 1440.00000000 51696.24138741354310866 1.00000 7 
 fake.rf 1440.00000000 51706.28060065043704085 1.00000 7 
 fake.rf 1440.00000000 51716.25897684642412244 1.00000 7 
 fake.rf 1440.00000000 51726.15509694309358935 1.00000 7 
 fake.rf 1440.00000000 51736.15522403190293588 1.00000 7 
 fake.rf 1440.00000000 51746.16237959960780302 1.00000 7 
 fake.rf 1440.00000000 51756.13651201220076459 1.00000 7 
 fake.rf 1440.00000000 51766.09016113431255590 1.00000 7 
 fake.rf 1440.00000000 51776.01941208817872564 1.00000 7 
 fake.rf 1440.00000000 51785.99988543536320051 1.00000 7 
 fake.rf 1440.00000000 51796.01096445304689908 1.00000 7 
 fake.rf 1440.00000000 51805.96754428403723125 1.00000 7 
 fake.rf 1440.00000000 51815.93799447545246295 1.00000 7 
 fake.rf 1440.00000000 51825.92126133638242891 1.00000 7 
 fake.rf 1440.00000000 51835.87438937999275623 1.00000 7 
 fake.rf 1440.00000000 51845.89606397645517077 1.00000 7 
 fake.rf 1440.00000000 51855.83282896880045953 1.00000 7 
 fake.rf 1440.00000000 51865.78665086497357350 1.00000 7 
 fake.rf 1440.00000000 51875.79709638179955178 1.00000 7 
 fake.rf 1440.00000000 51885.71246435922408224 1.00000 7 
 fake.rf 1440.00000000 51895.71976476953342683 1.00000 7 
 fake.rf 1440.00000000 51905.66740680109107942 1.00000 7 
 fake.rf 1440.00000000 51915.65091962158608752 1.00000 7 
 fake.rf 1440.00000000 51925.63352349867415825 1.00000 7 
 fake.rf 1440.00000000 51935.65567656267825569 1.00000 7 
 fake.rf 1440.00000000 51945.56900708119557208 1.00000 7 
 fake.rf 1440.00000000 51955.53458314888339942 1.00000 7 
 fake.rf 1440.00000000 51965.49960068813185288 1.00000 7 
 fake.rf 1440.00000000 51975.47663841169183030 1.00000 7 
 fake.rf 1440.00000000 51985.45285349946505704 1.00000 7 
 fake.rf 1440.00000000 51995.41318278090071203 1.00000 7 
 fake.rf 1440.00000000 52005.40551375484799834 1.00000 7 
 fake.rf 1440.00000000 52015.36491310333199678 1.00000 7 
 fake.rf 1440.00000000 52025.33092303609592122 1.00000 7 
 fake.rf 1440.00000000 52035.33001161364777332 1.00000 7 
 fake.rf 1440.00000000 52045.31684249863078051 1.00000 7 
 fake.rf 1440.00000000 52055.31731235756169340 1.00000 7 
 fake.rf 1440.00000000 52065.23450433961908246 1.00000 7 
 fake.rf 1440.00000000 52075.20228857183863269 1.00000 7 
 fake.rf 1440.00000000 52085.24264710466716721 1.00000 7 
 fake.rf 1440.00000000 52095.16761679873256341 1.00000 7 
 fake.rf 1440.00000000 52105.17378435594256558 1.00000 7 
 fake.rf 1440.00000000 52115.11469376701069578 1.00000 7 
 fake.rf 1440.00000000 52125.12075131532684935 1.00000 7 
 fake.rf 1440.00000000 52135.05415671513953768 1.00000 7 
 fake.rf 1440.00000000 52145.05883175436659016 1.00000 7 
 fake.rf 1440.00000000 52155.03053496321309268 1.00000 7 
 fake.rf 1440.00000000 52165.01134297101956250 1.00000 7 
 fake.rf 1440.00000000 52174.99714421052582480 1.00000 7 
 fake.rf 1440.00000000 52184.92326404697942621 1.00000 7 
 fake.rf 1440.00000000 52194.93007765188104230 1.00000 7 
 fake.rf 1440.00000000 52204.86715031282895794 1.00000 7 
 fake.rf 1440.00000000 52214.85154989125084768 1.00000 7 
 fake.rf 1440.00000000 52224.78584723107219645 1.00000 7 
 fake.rf 1440.00000000 52234.81616153393278879 1.00000 7 
 fake.rf 1440.00000000 52244.76668509112410277 1.00000 7 
 fake.rf 1440.00000000 52254.72495067386637047 1.00000 7 
 fake.rf 1440.00000000 52264.74814527330610403 1.00000 7 
 fake.rf 1440.00000000 52274.69099075318578684 1.00000 7 
 fake.rf 1440.00000000 52284.65359832572296384 1.00000 7 
 fake.rf 1440.00000000 52294.59697911083519628 1.00000 7 
 fake.rf 1440.00000000 52304.61079159649931825 1.00000 7 
 fake.rf 1440.00000000 52314.59303445072799477 1.00000 7 
 fake.rf 1440.00000000 52324.52311903952116978 1.00000 7 
 fake.rf 1440.00000000 52334.53024556313438609 1.00000 7 
 fake.rf 1440.00000000 52344.53888137143929882 1.00000 7 
 fake.rf 1440.00000000 52354.48310108379607897 1.00000 7 
 fake.rf 1440.00000000 52364.43466853323933563 1.00000 7 
 fake.rf 1440.00000000 52374.38780076888028248 1.00000 7 
 fake.rf 1440.00000000 52384.41044231855743263 1.00000 7 
 fake.rf 1440.00000000 52394.34633940086071036 1.00000 7 
 fake.rf 1440.00000000 52404.33507883369208713 1.00000 7 
 fake.rf 1440.00000000 52414.30785909004079315 1.00000 7 
 fake.rf 1440.00000000 52424.29530308740081423 1.00000 7 
 fake.rf 1440.00000000 52434.23407109672349335 1.00000 7 
 fake.rf 1440.00000000 52444.25089436576918445 1.00000 7 
 fake.rf 1440.00000000 52454.18698439287540580 1.00000 7 
 fake.rf 1440.00000000 52464.20809327711172543 1.00000 7 
 fake.rf 1440.00000000 52474.14969570693955703 1.00000 7 
 fake.rf 1440.00000000 52484.09889132338921769 1.00000 7 
 fake.rf 1440.00000000 52494.07342425421297705 1.00000 7 
 fake.rf 1440.00000000 52504.04914469704044322 1.00000 7 
 fake.rf 1440.00000000 52514.04605068846026583 1.00000 7 
 fake.rf 1440.00000000 52524.03228746588689191 1.00000 7 
 fake.rf 1440.00000000 52533.96960953798188854 1.00000 7 
 fake.rf 1440.00000000 52543.94080088057154754 1.00000 7 
 fake.rf 1440.00000000 52553.90486559795769494 1.00000 7 
 fake.rf 1440.00000000 52563.91109087122232069 1.00000 7 
 fake.rf 1440.00000000 52573.84944783836994731 1.00000 7 
 fake.rf 1440.00000000 52583.86699565326574302 1.00000 7 
 fake.rf 1440.00000000 52593.77979945462848832 1.00000 7 
 fake.rf 1440.00000000 52603.77217501878754291 1.00000 7 
 fake.rf 1440.00000000 52613.74750618972213090 1.00000 7 
 fake.rf 1440.00000000 52623.75319058173921150 1.00000 7 
 fake.rf 1440.00000000 52633.70295487453238437 1.00000 7 
 fake.rf 1440.00000000 52643.71271708060204020 1.00000 7 
 fake.rf 1440.00000000 52653.67100827307239896 1.00000 7 
 fake.rf 1440.00000000 52663.59229671623276303 1.00000 7 
 fake.rf 1440.00000000 52673.58093060578291045 1.00000 7 
 fake.rf 1440.00000000 52683.60299171702813581 1.00000 7 
 fake.rf 1440.00000000 52693.57422599081626657 1.00000 7 
 fake.rf 1440.00000000 52703.52606121352128810 1.00000 7 
 fake.rf 1440.00000000 52713.48083285184316793 1.00000 7 
 fake.rf 1440.00000000 52723.45215170815704298 1.00000 7 
 fake.rf 1440.00000000 52733.41873525280384172 1.00000 7 
 fake.rf 1440.00000000 52743.42291257471164201 1.00000 7 
 fake.rf 1440.00000000 52753.35502576922548812 1.00000 7 
 fake.rf 1440.00000000 52763.36833704225677621 1.00000 7 
 fake.rf 1440.00000000 52773.33759419480899666 1.00000 7 
 fake.rf 1440.00000000 52783.32194745621597320 1.00000 7 
 fake.rf 1440.00000000 52793.22842545062709618 1.00000 7 
 fake.rf 1440.00000000 52803.28285320226628841 1.00000 7 
 fake.rf 1440.00000000 52813.18689772310945330 1.00000 7 
 fake.rf 1440.00000000 52823.20091939607969067 1.00000 7 
 fake.rf 1440.00000000 52833.18555495478267403 1.00000 7 
 fake.rf 1440.00000000 52843.13755933336670623 1.00000 7 
 fake.rf 1440.00000000 52853.06674332906775149 1.00000 7 
 fake.rf 1440.00000000 52863.04274786220909377 1.00000 7 
 fake.rf 1440.00000000 52873.02828178220881483 1.00000 7 
 fake.rf 1440.00000000 52883.00646046370643560 1.00000 7 
 fake.rf 1440.00000000 52893.02731709268918081 1.00000 7 
 fake.rf 1440.00000000 52902.95295926487882454 1.00000 7 
 fake.rf 1440.00000000 52912.95081766978927362 1.00000 7 
 fake.rf 1440.00000000 52922.89097661768155589 1.00000 7 
 fake.rf 1440.00000000 52932.84960741124439565 1.00000 7 
 fake.rf 1440.00000000 52942.82453461778333192 1.00000 7 
 fake.rf 1440.00000000 52952.80175987543874783 1.00000 7 
 fake.rf 1440.00000000 52962.82931967260092065 1.00000 7 
 fake.rf 1440.00000000 52972.75283966395479851 1.00000 7 
 fake.rf 1440.00000000 52982.74600313393819206 1.00000 7 
 fake.rf 1440.00000000 52992.73959503404478255 1.00000 7 
 fake.rf 1440.00000000 53002.66165369902557103 1.00000 7 
 fake.rf 1440.00000000 53012.63395681618576560 1.00000 7 
 fake.rf 1440.00000000 53022.60962439034958038 1.00000 7 
 fake.rf 1440.00000000 53032.61363966539845549 1.00000 7 
 fake.rf 1440.00000000 53042.57983078270782684 1.00000 7 
 fake.rf 1440.00000000 53052.58698002332506150 1.00000 7 
 fake.rf 1440.00000000 53062.55041280474003074 1.00000 7 
 fake.rf 1440.00000000 53072.47388613889968667 1.00000 7 
 fake.rf 1440.00000000 53082.47759684945999226 1.00000 7 
 fake.rf 1440.00000000 53092.45268724020527529 1.00000 7 
 fake.rf 1440.00000000 53102.39327615053144171 1.00000 7 
 fake.rf 1440.00000000 53112.39538554783927538 1.00000 7 
 fake.rf 1440.00000000 53122.38515827212077269 1.00000 7 
 fake.rf 1440.00000000 53132.36707325237277644 1.00000 7 
 fake.rf 1440.00000000 53142.29778917660806314 1.00000 7 
 fake.rf 1440.00000000 53152.26687046257505287 1.00000 7 
 fake.rf 1440.00000000 53162.28860715255993696 1.00000 7 
 fake.rf 1440.00000000 53172.22263190769904995 1.00000 7 
 fake.rf 1440.00000000 53182.20455160706528730 1.00000 7 
 fake.rf 1440.00000000 53192.14843787998697877 1.00000 7 
 fake.rf 1440.00000000 53202.13062373741922428 1.00000 7 
 fake.rf 1440.00000000 53212.14882312219802074 1.00000 7 
 fake.rf 1440.00000000 53222.11787225843682592 1.00000 7 
 fake.rf 1440.00000000 53232.06752129114181216 1.00000 7 
 fake.rf 1440.00000000 53242.07165583356470151 1.00000 7 
 fake.rf 1440.00000000 53252.04293654121030244 1.00000 7 
 fake.rf 1440.00000000 53261.99711518343192296 1.00000 7 
 fake.rf 1440.00000000 53271.97278042122109198 1.00000 7 
 fake.rf 1440.00000000 53281.89488537673926061 1.00000 7 
 fake.rf 1440.00000000 53291.86953193980881949 1.00000 7 
 fake.rf 1440.00000000 53301.86609334936073878 1.00000 7 
 fake.rf 1440.00000000 53311.82089476118940041 1.00000 7 
 fake.rf 1440.00000000 53321.79514874396796387 1.00000 7 
 fake.rf 1440.00000000 53331.79468219099048909 1.00000 7 
 fake.rf 1440.00000000 53341.78080305497341129 1.00000 7 
 fake.rf 1440.00000000 53351.74855238370898647 1.00000 7 
 fake.rf 1440.00000000 53361.69920614468009390 1.00000 7 
 fake.rf 1440.00000000 53371.67606408929543704 1.00000 7 
 fake.rf 1440.00000000 53381.67792449473559557 1.00000 7 
 fake.rf 1440.00000000 53391.65959321496163170 1.00000 7 
 fake.rf 1440.00000000 53401.63884597195758630 1.00000 7 
 fake.rf 1440.00000000 53411.60859967972000106 1.00000 7 
 fake.rf 1440.00000000 53421.53634877081482557 1.00000 7 
 fake.rf 1440.00000000 53431.53267849101783327 1.00000 7 
 fake.rf 1440.00000000 53441.51165153415223230 1.00000 7 
 fake.rf 1440.00000000 53451.48075417497300776 1.00000 7 
 fake.rf 1440.00000000 53461.47346968675707046 1.00000 7 
 fake.rf 1440.00000000 53471.41815043023741438 1.00000 7 
 fake.rf 1440.00000000 53481.34858218314148459 1.00000 7 
 fake.rf 1440.00000000 53491.35052153910109851 1.00000 7 
 fake.rf 1440.00000000 53501.34972621996418596 1.00000 7 
 fake.rf 1440.00000000 53511.28964813343755225 1.00000 7 
 fake.rf 1440.00000000 53521.25375790226606298 1.00000 7 
 fake.rf 1440.00000000 53531.24931610898186918 1.00000 7 
 fake.rf 1440.00000000 53541.24952471239530993 1.00000 7 
 fake.rf 1440.00000000 53551.16173999428647790 1.00000 7 
 fake.rf 1440.00000000 53561.15588324822684640 1.00000 7 
 fake.rf 1440.00000000 53571.13757481975032704 1.00000 7 
 fake.rf 1440.00000000 53581.13609306021447054 1.00000 7 
 fake.rf 1440.00000000 53591.07964563499704980 1.00000 7 
 fake.rf 1440.00000000 53601.06328813528040200 1.00000 7 
 fake.rf 1440.00000000 53611.00233871646351247 1.00000 7 
 fake.rf 1440.00000000 53621.01133028575667083 1.00000 7 
 fake.rf 1440.00000000 53630.99653112741887995 1.00000 7 
 fake.rf 1440.00000000 53640.96241955911721888 1.00000 7 
 fake.rf 1440.00000000 53650.90150303363584428 1.00000 7 
 fake.rf 1440.00000000 53660.88175748701200973 1.00000 7 
