FORMAT 1
MODE 1
 fake.rf 1440.00000000 50000.92358037300208196 1.00000 7 
 fake.rf 1440.00000000 50010.93342643328139729 1.00000 7 
 fake.rf 1440.00000000 50020.87372908003093386 1.00000 7 
 fake.rf 1440.00000000 50030.84514634363667085 1.00000 7 
 fake.rf 1440.00000000 50040.80840807322379860 1.00000 7 
 fake.rf 1440.00000000 50050.84061174493378132 1.00000 7 
 fake.rf 1440.00000000 50060.80183479370091604 1.00000 7 
 fake.rf 1440.00000000 50070.73844655856438379 1.00000 7 
 fake.rf 1440.00000000 50080.75201346479835252 1.00000 7 
 fake.rf 1440.00000000 50090.70169285197036402 1.00000 7 
 fake.rf 1440.00000000 50100.68076959525416569 1.00000 7 
 fake.rf 1440.00000000 50110.64084244501923848 1.00000 7 
 fake.rf 1440.00000000 50120.63554532123751173 1.00000 7 
 fake.rf 1440.00000000 50130.59585628650886235 1.00000 7 
 fake.rf 1440.00000000 50140.53198287402033628 1.00000 7 
 fake.rf 1440.00000000 50150.50768143738071814 1.00000 7 
 fake.rf 1440.00000000 50160.50375069936623618 1.00000 7 
 fake.rf 1440.00000000 50170.46964761781422126 1.00000 7 
 fake.rf 1440.00000000 50180.49031780858650365 1.00000 7 
 fake.rf 1440.00000000 50190.42423293757494207 1.00000 7 
 fake.rf 1440.00000000 50200.44615096924222541 1.00000 7 
 fake.rf 1440.00000000 50210.39996446190282953 1.00000 7 
 fake.rf 1440.00000000 50220.38146472253613339 1.00000 7 
 fake.rf 1440.00000000 50230.29858163370725421 1.00000 7 
 fake.rf 1440.00000000 50240.32523542960309015 1.00000 7 
 fake.rf 1440.00000000 50250.27757565872192203 1.00000 7 
 fake.rf 1440.00000000 50260.27286748088734925 1.00000 7 
 fake.rf 1440.00000000 50270.24731160998836543 1.00000 7 
 fake.rf 1440.00000000 50280.14583098032585085 1.00000 7 
 fake.rf 1440.00000000 50290.18358227107956537 1.00000 7 
 fake.rf 1440.00000000 50300.13172165329750740 1.00000 7 
 fake.rf 1440.00000000 50310.07723566220917277 1.00000 7 
 fake.rf 1440.00000000 50320.06880403213847686 1.00000 7 
 fake.rf 1440.00000000 50330.06788371172137175 1.00000 7 
 fake.rf 1440.00000000 50340.01211932380469349 1.00000 7 
 fake.rf 1440.00000000 50349.99425374504110309 1.00000 7 
 fake.rf 1440.00000000 50359.96950810912237984 1.00000 7 
 fake.rf 1440.00000000 50369.90227109803773331 1.00000 7 
 fake.rf 1440.00000000 50379.93165495390975650 1.00000 7 
 fake.rf 1440.00000000 50389.86444721405349156 1.00000 7 
 fake.rf 1440.00000000 50399.85752727484128499 1.00000 7 
 fake.rf 1440.00000000 50409.80995886029947428 1.00000 7 
 fake.rf 1440.00000000 50419.81346163718078301 1.00000 7 
 fake.rf 1440.00000000 50429.74521556877421347 1.00000 7 
 fake.rf 1440.00000000 50439.76859579584751359 1.00000 7 
 fake.rf 1440.00000000 50449.73552949107695653 1.00000 7 
 fake.rf 1440.00000000 50459.67028631929098026 1.00000 7 
 fake.rf 1440.00000000 50469.63370682225108865 1.00000 7 
 fake.rf 1440.00000000 50479.67717507980529135 1.00000 7 
 fake.rf 1440.00000000 50489.57657309144473956 1.00000 7 
 fake.rf 1440.00000000 50499.58454641566373766 1.00000 7 
 fake.rf 1440.00000000 50509.59390369385123520 1.00000 7 
 fake.rf 1440.00000000 50519.55775287180844657 1.00000 7 
 fake.rf 1440.00000000 50529.49119744509999208 1.00000 7 
 fake.rf 1440.00000000 50539.44497597707845671 1.00000 7 
 fake.rf 1440.00000000 50549.46278328248553535 1.00000 7 
 fake.rf 1440.00000000 50559.45920574298246564 1.00000 7 
 fake.rf 1440.00000000 50569.43558044471706481 1.00000 7 
 fake.rf 1440.00000000 50579.37180288327049027 1.00000 7 
 fake.rf 1440.00000000 50589.37738236882724152 1.00000 7 
 fake.rf 1440.00000000 50599.33547936746159479 1.00000 7 
 fake.rf 1440.00000000 50609.24714552151526092 1.00000 7 
 fake.rf 1440.00000000 50619.22554334727263736 1.00000 7 
 fake.rf 1440.00000000 50629.20251304257562097 1.00000 7 
 fake.rf 1440.00000000 50639.22389654690906369 1.00000 7 
 fake.rf 1440.00000000 50649.17383432972293633 1.00000 7 
 fake.rf 1440.00000000 50659.16024277423138145 1.00000 7 
 fake.rf 1440.00000000 50669.10085163935960750 1.00000 7 
 fake.rf 1440.00000000 50679.09419006595107504 1.00000 7 
 fake.rf 1440.00000000 50689.05395337590481475 1.00000 7 
 fake.rf 1440.00000000 50699.03799215057638250 1.00000 7 
 fake.rf 1440.00000000 50709.05171499245909317 1.00000 7 
 fake.rf 1440.00000000 50718.99121421439253865 1.00000 7 
 fake.rf 1440.00000000 50728.92272676554564725 1.00000 7 
 fake.rf 1440.00000000 50738.89550788361462352 1.00000 7 
 fake.rf 1440.00000000 50748.88569167413472627 1.00000 7 
 fake.rf 1440.00000000 50758.89477556804380853 1.00000 7 
 fake.rf 1440.00000000 50768.82961782153530095 1.00000 7 
 fake.rf 1440.00000000 50778.81052645918380861 1.00000 7 
 fake.rf 1440.00000000 50788.80704963659463758 1.00000 7 
 fake.rf 1440.00000000 50798.75192757764946805 1.00000 7 
 fake.rf 1440.00000000 50808.76811384096352597 1.00000 7 
 fake.rf 1440.00000000 50818.71796531047246503 1.00000 7 
 fake.rf 1440.00000000 50828.65399676379066918 1.00000 7 
 fake.rf 1440.00000000 50838.63093192436087975 1.00000 7 
 fake.rf 1440.00000000 50848.64519958806841515 1.00000 7 
 fake.rf 1440.00000000 50858.62634266918537662 1.00000 7 
 fake.rf 1440.00000000 50868.54367132002263574 1.00000 7 
 fake.rf 1440.00000000 50878.56161801164159542 1.00000 7 
 fake.rf 1440.00000000 50888.50628786967171990 1.00000 7 
 fake.rf 1440.00000000 50898.45650033050995376 1.00000 7 
 fake.rf 1440.00000000 50908.45984835876812014 1.00000 7 
 fake.rf 1440.00000000 50918.42682201481635218 1.00000 7 
 fake.rf 1440.00000000 50928.38273665869305873 1.00000 7 
 fake.rf 1440.00000000 50938.39035870483114010 1.00000 7 
 fake.rf 1440.00000000 50948.32268686947316283 1.00000 7 
 fake.rf 1440.00000000 50958.33917697533629010 1.00000 7 
 fake.rf 1440.00000000 50968.27717845703188715 1.00000 7 
 fake.rf 1440.00000000 50978.26075314383990289 1.00000 7 
 fake.rf 1440.00000000 50988.21455268649197023 1.00000 7 
 fake.rf 1440.00000000 50998.22295513515631882 1.00000 7 
 fake.rf 1440.00000000 51008.21787295211291280 1.00000 7 
 fake.rf 1440.00000000 51018.12936633953845700 1.00000 7 
 fake.rf 1440.00000000 51028.10457234447220287 1.00000 7 
 fake.rf 1440.00000000 51038.14164035435939581 1.00000 7 
 fake.rf 1440.00000000 51048.05321918548438020 1.00000 7 
 fake.rf 1440.00000000 51058.04591331524066433 1.00000 7 
 fake.rf 1440.00000000 51068.03603624963491114 1.00000 7 
 fake.rf 1440.00000000 51077.99309499676924773 1.00000 7 
 fake.rf 1440.00000000 51087.99400207920157158 1.00000 7 
 fake.rf 1440.00000000 51097.92461919366908063 1.00000 7 
 fake.rf 1440.00000000 51107.93719353650718773 1.00000 7 
 fake.rf 1440.00000000 51117.89825789388534361 1.00000 7 
 fake.rf 1440.00000000 51127.88936414902617500 1.00000 7 
 fake.rf 1440.00000000 51137.86527427448616834 1.00000 7 
 fake.rf 1440.00000000 51147.83057814746065617 1.00000 7 
 fake.rf 1440.00000000 51157.77992304821234626 1.00000 7 
 fake.rf 1440.00000000 51167.76428059161228745 1.00000 7 
 fake.rf 1440.00000000 51177.75755077669928639 1.00000 7 
 fake.rf 1440.00000000 51187.66881337813546438 1.00000 7 
 fake.rf 1440.00000000 51197.70847842733947530 1.00000 7 
 fake.rf 1440.00000000 51207.67926541867473844 1.00000 7 
 fake.rf 1440.00000000 51217.62118036280116229 1.00000 7 
 fake.rf 1440.00000000 51227.57179008507236517 1.00000 7 
 fake.rf 1440.00000000 51237.52579604864566676 1.00000 7 
 fake.rf 1440.00000000 51247.50263736350300547 1.00000 7 
 fake.rf 1440.00000000 51257.49621294649545078 1.00000 7 
 fake.rf 1440.00000000 51267.49401333718640572 1.00000 7 
 fake.rf 1440.00000000 51277.43616045823340244 1.00000 7 
 fake.rf 1440.00000000 51287.44061507120308363 1.00000 7 
 fake.rf 1440.00000000 51297.41951934227372334 1.00000 7 
 fake.rf 1440.00000000 51307.39737322632358385 1.00000 7 
 fake.rf 1440.00000000 51317.34071665497292969 1.00000 7 
 fake.rf 1440.00000000 51327.34175195949204351 1.00000 7 
 fake.rf 1440.00000000 51337.32211621398372614 1.00000 7 
 fake.rf 1440.00000000 51347.24649865484589384 1.00000 7 
 fake.rf 1440.00000000 51357.26975046561079097 1.00000 7 
 fake.rf 1440.00000000 51367.18677983401672904 1.00000 7 
 fake.rf 1440.00000000 51377.21192288067908649 1.00000 7 
 fake.rf 1440.00000000 51387.13620441640823344 1.00000 7 
 fake.rf 1440.00000000 51397.16477855394150964 1.00000 7 
 fake.rf 1440.00000000 51407.06450970088981833 1.00000 7 
 fake.rf 1440.00000000 51417.11200325186938898 1.00000 7 
 fake.rf 1440.00000000 51427.04561275831774125 1.00000 7 
 fake.rf 1440.00000000 51437.04708781757867797 1.00000 7 
 fake.rf 1440.00000000 51447.01446250949802419 1.00000 7 
 fake.rf 1440.00000000 51456.94068020051389567 1.00000 7 
 fake.rf 1440.00000000 51466.91880449319749502 1.00000 7 
 fake.rf 1440.00000000 51476.89784106956332366 1.00000 7 
 fake.rf 1440.00000000 51486.84463325987401561 1.00000 7 
 fake.rf 1440.00000000 51496.84465784029869440 1.00000 7 
 fake.rf 1440.00000000 51506.80733046337556047 1.00000 7 
 fake.rf 1440.00000000 51516.83554732222297545 1.00000 7 
 fake.rf 1440.00000000 51526.80479115826230796 1.00000 7 
 fake.rf 1440.00000000 51536.74537785659933320 1.00000 7 
 fake.rf 1440.00000000 51546.75490501902786633 1.00000 7 
 fake.rf 1440.00000000 51556.72829448950728093 1.00000 7 
 fake.rf 1440.00000000 51566.68976110876556262 1.00000 7 
 fake.rf 1440.00000000 51576.64105965479850013 1.00000 7 
 fake.rf 1440.00000000 51586.58390059916618142 1.00000 7 
 fake.rf 1440.00000000 51596.57712615733336037 1.00000 7 
 fake.rf 1440.00000000 51606.53463330310109569 1.00000 7 
 fake.rf 1440.00000000 51616.56596580697384979 1.00000 7 
 fake.rf 1440.00000000 51626.52983910251945332 1.00000 7 
 fake.rf 1440.00000000 51636.43235258186518877 1.00000 7 
 fake.rf 1440.00000000 51646.47135364970566940 1.00000 7 
 fake.rf 1440.00000000 51656.38691373094173187 1.00000 7 
 fake.rf 1440.00000000 51666.42331667156377506 1.00000 7 
 fake.rf 1440.00000000 51676.32331812214101774 1.00000 7 
 fake.rf 1440.00000000 51686.37465891329153322 1.00000 7 
 fake.rf 1440.00000000 51696.27931437132046000 1.00000 7 
 fake.rf 1440.00000000 51706.31852764424114355 1.00000 7 
 fake.rf 1440.00000000 51716.29690390355732177 1.00000 7 
 fake.rf 1440.00000000 51726.19302394740966733 1.00000 7 
 fake.rf 1440.00000000 51736.19315100964204035 1.00000 7 
 fake.rf 1440.00000000 51746.20030668437560806 1.00000 7 
 fake.rf 1440.00000000 51756.17443906923448438 1.00000 7 
 fake.rf 1440.00000000 51766.12808817493960234 1.00000 7 
 fake.rf 1440.00000000 51776.05733913818066227 1.00000 7 
 fake.rf 1440.00000000 51786.03781243750789542 1.00000 7 
 fake.rf 1440.00000000 51796.04889142877475194 1.00000 7 
 fake.rf 1440.00000000 51806.00547129542980329 1.00000 7 
 fake.rf 1440.00000000 51815.97592153115916602 1.00000 7 
 fake.rf 1440.00000000 51825.95918838543435214 1.00000 7 
 fake.rf 1440.00000000 51835.91231642455721840 1.00000 7 
 fake.rf 1440.00000000 51845.93399102697907566 1.00000 7 
 fake.rf 1440.00000000 51855.87075604152778396 1.00000 7 
 fake.rf 1440.00000000 51865.82457788658836861 1.00000 7 
 fake.rf 1440.00000000 51875.83502344229504644 1.00000 7 
 fake.rf 1440.00000000 51885.75039133118270840 1.00000 7 
 fake.rf 1440.00000000 51895.75769178563833961 1.00000 7 
 fake.rf 1440.00000000 51905.70533388008639974 1.00000 7 
 fake.rf 1440.00000000 51915.68884660685666432 1.00000 7 
 fake.rf 1440.00000000 51925.67145054106251933 1.00000 7 
 fake.rf 1440.00000000 51935.69360362874659387 1.00000 7 
 fake.rf 1440.00000000 51945.60693412479548314 1.00000 7 
 fake.rf 1440.00000000 51955.57251016752263340 1.00000 7 
 fake.rf 1440.00000000 51965.53752764893115668 1.00000 7 
 fake.rf 1440.00000000 51975.51456542825559026 1.00000 7 
 fake.rf 1440.00000000 51985.49078058730119523 1.00000 7 
 fake.rf 1440.00000000 51995.45110985350472887 1.00000 7 
 fake.rf 1440.00000000 52005.44344076911252372 1.00000 7 
 fake.rf 1440.00000000 52015.40284018357309748 1.00000 7 
 fake.rf 1440.00000000 52025.36885007106628365 1.00000 7 
 fake.rf 1440.00000000 52035.36793868120019724 1.00000 7 
 fake.rf 1440.00000000 52045.35476949403735958 1.00000 7 
 fake.rf 1440.00000000 52055.35523936308891990 1.00000 7 
 fake.rf 1440.00000000 52065.27243137680574492 1.00000 7 
 fake.rf 1440.00000000 52075.24021565351564078 1.00000 7 
 fake.rf 1440.00000000 52085.28057415510648198 1.00000 7 
 fake.rf 1440.00000000 52095.20554380003530781 1.00000 7 
 fake.rf 1440.00000000 52105.21171135233670668 1.00000 7 
 fake.rf 1440.00000000 52115.15262072318254738 1.00000 7 
 fake.rf 1440.00000000 52125.15867830245237613 1.00000 7 
 fake.rf 1440.00000000 52135.09208371154296557 1.00000 7 
 fake.rf 1440.00000000 52145.09675877506407815 1.00000 7 
 fake.rf 1440.00000000 52155.06846195532651222 1.00000 7 
 fake.rf 1440.00000000 52165.04927004419527847 1.00000 7 
 fake.rf 1440.00000000 52175.03507130108916812 1.00000 7 
 fake.rf 1440.00000000 52184.96119101431241916 1.00000 7 
 fake.rf 1440.00000000 52194.96800467818991720 1.00000 7 
 fake.rf 1440.00000000 52204.90507737617411976 1.00000 7 
 fake.rf 1440.00000000 52214.88947686978274731 1.00000 7 
 fake.rf 1440.00000000 52224.82377423028577113 1.00000 7 
 fake.rf 1440.00000000 52234.85408854132893453 1.00000 7 
 fake.rf 1440.00000000 52244.80461214551942817 1.00000 7 
 fake.rf 1440.00000000 52254.76287765788012862 1.00000 7 
 fake.rf 1440.00000000 52264.78607234043162677 1.00000 7 
 fake.rf 1440.00000000 52274.72891774514945240 1.00000 7 
 fake.rf 1440.00000000 52284.69152537869969777 1.00000 7 
 fake.rf 1440.00000000 52294.63490619259933823 1.00000 7 
 fake.rf 1440.00000000 52304.64871858594396770 1.00000 7 
 fake.rf 1440.00000000 52314.63096145331430975 1.00000 7 
 fake.rf 1440.00000000 52324.56104601438763524 1.00000 7 
 fake.rf 1440.00000000 52334.56817259966502576 1.00000 7 
 fake.rf 1440.00000000 52344.57680841436328834 1.00000 7 
 fake.rf 1440.00000000 52354.52102812448183755 1.00000 7 
 fake.rf 1440.00000000 52364.47259560403967527 1.00000 7 
 fake.rf 1440.00000000 52374.42572776223386199 1.00000 7 
 fake.rf 1440.00000000 52384.44836939106191309 1.00000 7 
 fake.rf 1440.00000000 52394.38426638209613628 1.00000 7 
 fake.rf 1440.00000000 52404.37300585383414031 1.00000 7 
 fake.rf 1440.00000000 52414.34578605647796579 1.00000 7 
 fake.rf 1440.00000000 52424.33323007459838649 1.00000 7 
 fake.rf 1440.00000000 52434.27199811216960867 1.00000 7 
 fake.rf 1440.00000000 52444.28882139541777363 1.00000 7 
 fake.rf 1440.00000000 52454.22491147110724086 1.00000 7 
 fake.rf 1440.00000000 52464.24602035333914074 1.00000 7 
 fake.rf 1440.00000000 52474.18762273621112158 1.00000 7 
 fake.rf 1440.00000000 52484.13681840153925506 1.00000 7 
 fake.rf 1440.00000000 52494.11135132492195865 1.00000 7 
 fake.rf 1440.00000000 52504.08707170193539682 1.00000 7 
 fake.rf 1440.00000000 52514.08397773236857020 1.00000 7 
 fake.rf 1440.00000000 52524.07021451033894976 1.00000 7 
 fake.rf 1440.00000000 52534.00753655914540374 1.00000 7 
 fake.rf 1440.00000000 52543.97872789863543375 1.00000 7 
 fake.rf 1440.00000000 52553.94279259589036712 1.00000 7 
 fake.rf 1440.00000000 52563.94901784036422043 1.00000 7 
 fake.rf 1440.00000000 52573.88737485045502851 1.00000 7 
 fake.rf 1440.00000000 52583.90492265693319140 1.00000 7 
 fake.rf 1440.00000000 52593.81772651684536868 1.00000 7 
 fake.rf 1440.00000000 52603.81010200005122002 1.00000 7 
 fake.rf 1440.00000000 52613.78543318095366033 1.00000 7 
 fake.rf 1440.00000000 52623.79111759181155961 1.00000 7 
 fake.rf 1440.00000000 52633.74088196868386547 1.00000 7 
 fake.rf 1440.00000000 52643.75064406735771527 1.00000 7 
 fake.rf 1440.00000000 52653.70893529783327125 1.00000 7 
 fake.rf 1440.00000000 52663.63022371732881055 1.00000 7 
 fake.rf 1440.00000000 52673.61885764522098086 1.00000 7 
 fake.rf 1440.00000000 52683.64091869702131987 1.00000 7 
 fake.rf 1440.00000000 52693.61215307375912786 1.00000 7 
 fake.rf 1440.00000000 52703.56398829804890838 1.00000 7 
 fake.rf 1440.00000000 52713.51875984272017206 1.00000 7 
 fake.rf 1440.00000000 52723.49007875092185316 1.00000 7 
 fake.rf 1440.00000000 52733.45666234098493774 1.00000 7 
 fake.rf 1440.00000000 52743.46083955726285097 1.00000 7 
 fake.rf 1440.00000000 52753.39295278389422350 1.00000 7 
 fake.rf 1440.00000000 52763.40626409648914574 1.00000 7 
 fake.rf 1440.00000000 52773.37552119830853314 1.00000 7 
 fake.rf 1440.00000000 52783.35987446006730650 1.00000 7 
 fake.rf 1440.00000000 52793.26635245524499496 1.00000 7 
 fake.rf 1440.00000000 52803.32078017517828172 1.00000 7 
 fake.rf 1440.00000000 52813.22482478619162194 1.00000 7 
 fake.rf 1440.00000000 52823.23884646781210606 1.00000 7 
 fake.rf 1440.00000000 52833.22348197085580424 1.00000 7 
 fake.rf 1440.00000000 52843.17548629187798426 1.00000 7 
 fake.rf 1440.00000000 52853.10467030371167141 1.00000 7 
 fake.rf 1440.00000000 52863.08067484929722468 1.00000 7 
 fake.rf 1440.00000000 52873.06620877129807567 1.00000 7 
 fake.rf 1440.00000000 52883.04438744087734747 1.00000 7 
 fake.rf 1440.00000000 52893.06524412839175753 1.00000 7 
 fake.rf 1440.00000000 52902.99088623989734970 1.00000 7 
 fake.rf 1440.00000000 52912.98874472013725523 1.00000 7 
 fake.rf 1440.00000000 52922.92890359173162906 1.00000 7 
 fake.rf 1440.00000000 52932.88753444631343825 1.00000 7 
 fake.rf 1440.00000000 52942.86246163641211737 1.00000 7 
 fake.rf 1440.00000000 52952.83968695513019753 1.00000 7 
 fake.rf 1440.00000000 52962.86724670726962927 1.00000 7 
 fake.rf 1440.00000000 52972.79076663775255085 1.00000 7 
 fake.rf 1440.00000000 52982.78393022094972054 1.00000 7 
 fake.rf 1440.00000000 52992.77752202142098170 1.00000 7 
 fake.rf 1440.00000000 53002.69958067359342024 1.00000 7 
 fake.rf 1440.00000000 53012.67188380594076946 1.00000 7 
 fake.rf 1440.00000000 53022.64755147688108750 1.00000 7 
 fake.rf 1440.00000000 53032.65156672159428197 1.00000 7 
 fake.rf 1440.00000000 53042.61775775836366975 1.00000 7 
 fake.rf 1440.00000000 53052.62490699364059665 1.00000 7 
 fake.rf 1440.00000000 53062.58833977514649760 1.00000 7 
 fake.rf 1440.00000000 53072.51181314561137015 1.00000 7 
 fake.rf 1440.00000000 53082.51552381088508881 1.00000 7 
 fake.rf 1440.00000000 53092.49061420978243220 1.00000 7 
 fake.rf 1440.00000000 53102.43120320578215043 1.00000 7 
 fake.rf 1440.00000000 53112.43331259553492529 1.00000 7 
 fake.rf 1440.00000000 53122.42308528796690581 1.00000 7 
 fake.rf 1440.00000000 53132.40500028554929202 1.00000 7 
 fake.rf 1440.00000000 53142.33571618635276579 1.00000 7 
 fake.rf 1440.00000000 53152.30479752750683531 1.00000 7 
 fake.rf 1440.00000000 53162.32653419327800748 1.00000 7 
 fake.rf 1440.00000000 53172.26055898014744017 1.00000 7 
 fake.rf 1440.00000000 53182.24247856764097264 1.00000 7 
 fake.rf 1440.00000000 53192.18636491980001679 1.00000 7 
 fake.rf 1440.00000000 53202.16855072965818962 1.00000 7 
 fake.rf 1440.00000000 53212.18675008377906721 1.00000 7 
 fake.rf 1440.00000000 53222.15579925141522821 1.00000 7 
 fake.rf 1440.00000000 53232.10544825918791645 1.00000 7 
 fake.rf 1440.00000000 53242.10958281732134623 1.00000 7 
 fake.rf 1440.00000000 53252.08086352516183126 1.00000 7 
 fake.rf 1440.00000000 53262.03504216044666109 1.00000 7 
 fake.rf 1440.00000000 53272.01070747776665470 1.00000 7 
 fake.rf 1440.00000000 53281.93281244771235095 1.00000 7 
 fake.rf 1440.00000000 53291.90745900093720522 1.00000 7 
 fake.rf 1440.00000000 53301.90402042105614910 1.00000 7 
 fake.rf 1440.00000000 53311.85882174366591357 1.00000 7 
 fake.rf 1440.00000000 53321.83307575651326005 1.00000 7 
 fake.rf 1440.00000000 53331.83260918682950447 1.00000 7 
 fake.rf 1440.00000000 53341.81873008418917337 1.00000 7 
 fake.rf 1440.00000000 53351.78647946483749109 1.00000 7 
 fake.rf 1440.00000000 53361.73713311359645317 1.00000 7 
 fake.rf 1440.00000000 53371.71399115973507676 1.00000 7 
 fake.rf 1440.00000000 53381.71585155316907390 1.00000 7 
 fake.rf 1440.00000000 53391.69752022420513526 1.00000 7 
 fake.rf 1440.00000000 53401.67677297792419111 1.00000 7 
 fake.rf 1440.00000000 53411.64652669971633259 1.00000 7 
 fake.rf 1440.00000000 53421.57427577428896015 1.00000 7 
 fake.rf 1440.00000000 53431.57060552233386730 1.00000 7 
 fake.rf 1440.00000000 53441.54957860092742550 1.00000 7 
 fake.rf 1440.00000000 53451.51868124323441833 1.00000 7 
 fake.rf 1440.00000000 53461.51139667033065095 1.00000 7 
 fake.rf 1440.00000000 53471.45607741479550157 1.00000 7 
 fake.rf 1440.00000000 53481.38650916563038962 1.00000 7 
 fake.rf 1440.00000000 53491.38844854087711056 1.00000 7 
 fake.rf 1440.00000000 53501.38765328884877093 1.00000 7 
 fake.rf 1440.00000000 53511.32757517243178569 1.00000 7 
 fake.rf 1440.00000000 53521.29168489804733966 1.00000 7 
 fake.rf 1440.00000000 53531.28724315469746742 1.00000 7 
 fake.rf 1440.00000000 53541.28745172166240707 1.00000 7 
 fake.rf 1440.00000000 53551.19966701231669148 1.00000 7 
 fake.rf 1440.00000000 53561.19381028443266501 1.00000 7 
 fake.rf 1440.00000000 53571.17550183861963831 1.00000 7 
 fake.rf 1440.00000000 53581.17402008832750582 1.00000 7 
 fake.rf 1440.00000000 53591.11757267490803613 1.00000 7 
 fake.rf 1440.00000000 53601.10121510270317913 1.00000 7 
 fake.rf 1440.00000000 53611.04026579958182808 1.00000 7 
 fake.rf 1440.00000000 53621.04925736152974380 1.00000 7 
 fake.rf 1440.00000000 53631.03445814388714652 1.00000 7 
 fake.rf 1440.00000000 53641.00034660517577478 1.00000 7 
 fake.rf 1440.00000000 53650.93943004599929125 1.00000 7 
 fake.rf 1440.00000000 53660.91968453876825862 1.00000 7 
