FORMAT 1
MODE 1
 fake.rf 1440.00000000 50000.93529439490949073 1.00000 7 
 fake.rf 1440.00000000 50010.94514047022311587 1.00000 7 
 fake.rf 1440.00000000 50020.88544309483259909 1.00000 7 
 fake.rf 1440.00000000 50030.85686037567857909 1.00000 7 
 fake.rf 1440.00000000 50040.82012210730058044 1.00000 7 
 fake.rf 1440.00000000 50050.85232574357030799 1.00000 7 
 fake.rf 1440.00000000 50060.81354881470930351 1.00000 7 
 fake.rf 1440.00000000 50070.75016056070258230 1.00000 7 
 fake.rf 1440.00000000 50080.76372747515583939 1.00000 7 
 fake.rf 1440.00000000 50090.71340686226101369 1.00000 7 
 fake.rf 1440.00000000 50100.69248363214217790 1.00000 7 
 fake.rf 1440.00000000 50110.65255644747288244 1.00000 7 
 fake.rf 1440.00000000 50120.64725935027107084 1.00000 7 
 fake.rf 1440.00000000 50130.60757030425842729 1.00000 7 
 fake.rf 1440.00000000 50140.54369689306423652 1.00000 7 
 fake.rf 1440.00000000 50150.51939545782657603 1.00000 7 
 fake.rf 1440.00000000 50160.51546474001225207 1.00000 7 
 fake.rf 1440.00000000 50170.48136164033066819 1.00000 7 
 fake.rf 1440.00000000 50180.50203182799427992 1.00000 7 
 fake.rf 1440.00000000 50190.43594696685065415 1.00000 7 
 fake.rf 1440.00000000 50200.45786499812885850 1.00000 7 
 fake.rf 1440.00000000 50210.41167849121571010 1.00000 7 
 fake.rf 1440.00000000 50220.39317875077780329 1.00000 7 
 fake.rf 1440.00000000 50230.31029564539444721 1.00000 7 
 fake.rf 1440.00000000 50240.33694945077417415 1.00000 7 
 fake.rf 1440.00000000 50250.28928967090585544 1.00000 7 
 fake.rf 1440.00000000 50260.28458152069007170 1.00000 7 
 fake.rf 1440.00000000 50270.25902564119159166 1.00000 7 
 fake.rf 1440.00000000 50280.15754501092782291 1.00000 7 
 fake.rf 1440.00000000 50290.19529629252163261 1.00000 7 
 fake.rf 1440.00000000 50300.14343566077714343 1.00000 7 
 fake.rf 1440.00000000 50310.08894968903862477 1.00000 7 
 fake.rf 1440.00000000 50320.08051806099111403 1.00000 7 
 fake.rf 1440.00000000 50330.07959772894667339 1.00000 7 
 fake.rf 1440.00000000 50340.02383336961248617 1.00000 7 
 fake.rf 1440.00000000 50350.00596778111203733 1.00000 7 
 fake.rf 1440.00000000 50359.98122211687027772 1.00000 7 
 fake.rf 1440.00000000 50369.91398513572477214 1.00000 7 
 fake.rf 1440.00000000 50379.94336898080792508 1.00000 7 
 fake.rf 1440.00000000 50389.87616124861890299 1.00000 7 
 fake.rf 1440.00000000 50399.86924129472962974 1.00000 7 
 fake.rf 1440.00000000 50409.82167288214229472 1.00000 7 
 fake.rf 1440.00000000 50419.82517565019550787 1.00000 7 
 fake.rf 1440.00000000 50429.75692957688132978 1.00000 7 
 fake.rf 1440.00000000 50439.78030980838707364 1.00000 7 
 fake.rf 1440.00000000 50449.74724351042014092 1.00000 7 
 fake.rf 1440.00000000 50459.68200033327597254 1.00000 7 
 fake.rf 1440.00000000 50469.64542083105073544 1.00000 7 
 fake.rf 1440.00000000 50479.68888910189450314 1.00000 7 
 fake.rf 1440.00000000 50489.58828713755359274 1.00000 7 
 fake.rf 1440.00000000 50499.59626043938178697 1.00000 7 
 fake.rf 1440.00000000 50509.60561771564708522 1.00000 7 
 fake.rf 1440.00000000 50519.56946687304624177 1.00000 7 
 fake.rf 1440.00000000 50529.50291147662261437 1.00000 7 
 fake.rf 1440.00000000 50539.45669000154326156 1.00000 7 
 fake.rf 1440.00000000 50549.47449729283379583 1.00000 7 
 fake.rf 1440.00000000 50559.47091975166239308 1.00000 7 
 fake.rf 1440.00000000 50569.44729446583372479 1.00000 7 
 fake.rf 1440.00000000 50579.38351691674962396 1.00000 7 
 fake.rf 1440.00000000 50589.38909639031463428 1.00000 7 
 fake.rf 1440.00000000 50599.34719337906835079 1.00000 7 
 fake.rf 1440.00000000 50609.25885951888922065 1.00000 7 
 fake.rf 1440.00000000 50619.23725736309078727 1.00000 7 
 fake.rf 1440.00000000 50629.21422706803132385 1.00000 7 
 fake.rf 1440.00000000 50639.23561058109351052 1.00000 7 
 fake.rf 1440.00000000 50649.18554833644277124 1.00000 7 
 fake.rf 1440.00000000 50659.17195680816871572 1.00000 7 
 fake.rf 1440.00000000 50669.11256565477713920 1.00000 7 
 fake.rf 1440.00000000 50679.10590409371529574 1.00000 7 
 fake.rf 1440.00000000 50689.06566739135840294 1.00000 7 
 fake.rf 1440.00000000 50699.04970616416850149 1.00000 7 
 fake.rf 1440.00000000 50709.06342900334709967 1.00000 7 
 fake.rf 1440.00000000 50719.00292825570267041 1.00000 7 
 fake.rf 1440.00000000 50728.93444080558003506 1.00000 7 
 fake.rf 1440.00000000 50738.90722190296947858 1.00000 7 
 fake.rf 1440.00000000 50748.89740568944751331 1.00000 7 
 fake.rf 1440.00000000 50758.90648960251153099 1.00000 7 
 fake.rf 1440.00000000 50768.84133186452898201 1.00000 7 
 fake.rf 1440.00000000 50778.82224046857944799 1.00000 7 
 fake.rf 1440.00000000 50788.81876364331682439 1.00000 7 
 fake.rf 1440.00000000 50798.76364159121634145 1.00000 7 
 fake.rf 1440.00000000 50808.77982786032936602 1.00000 7 
 fake.rf 1440.00000000 50818.72967934753586405 1.00000 7 
 fake.rf 1440.00000000 50828.66571078291925900 1.00000 7 
 fake.rf 1440.00000000 50838.64264595243750122 1.00000 7 
 fake.rf 1440.00000000 50848.65691363620674892 1.00000 7 
 fake.rf 1440.00000000 50858.63805671444874079 1.00000 7 
 fake.rf 1440.00000000 50868.55538534054128519 1.00000 7 
 fake.rf 1440.00000000 50878.57333203909136543 1.00000 7 
 fake.rf 1440.00000000 50888.51800190677905178 1.00000 7 
 fake.rf 1440.00000000 50898.46821434573673670 1.00000 7 
 fake.rf 1440.00000000 50908.47156237595575945 1.00000 7 
 fake.rf 1440.00000000 50918.43853605938860341 1.00000 7 
 fake.rf 1440.00000000 50928.39445069817045919 1.00000 7 
 fake.rf 1440.00000000 50938.40207271321382976 1.00000 7 
 fake.rf 1440.00000000 50948.33440090631489028 1.00000 7 
 fake.rf 1440.00000000 50958.35089101084432173 1.00000 7 
 fake.rf 1440.00000000 50968.28889246891766618 1.00000 7 
 fake.rf 1440.00000000 50978.27246717021444411 1.00000 7 
 fake.rf 1440.00000000 50988.22626669569752167 1.00000 7 
 fake.rf 1440.00000000 50998.23466914490437318 1.00000 7 
 fake.rf 1440.00000000 51008.22958698337622963 1.00000 7 
 fake.rf 1440.00000000 51018.14108035172087696 1.00000 7 
 fake.rf 1440.00000000 51028.11628634688360151 1.00000 7 
 fake.rf 1440.00000000 51038.15335438795510825 1.00000 7 
 fake.rf 1440.00000000 51048.06493319849129620 1.00000 7 
 fake.rf 1440.00000000 51058.05762732723786357 1.00000 7 
 fake.rf 1440.00000000 51068.04775026567957852 1.00000 7 
 fake.rf 1440.00000000 51078.00480902318010124 1.00000 7 
 fake.rf 1440.00000000 51088.00571611601570865 1.00000 7 
 fake.rf 1440.00000000 51097.93633320227807815 1.00000 7 
 fake.rf 1440.00000000 51107.94890754571074254 1.00000 7 
 fake.rf 1440.00000000 51117.90997193047366309 1.00000 7 
 fake.rf 1440.00000000 51127.90107815425213644 1.00000 7 
 fake.rf 1440.00000000 51137.87698827683638569 1.00000 7 
 fake.rf 1440.00000000 51147.84229214486624571 1.00000 7 
 fake.rf 1440.00000000 51157.79163706952295954 1.00000 7 
 fake.rf 1440.00000000 51167.77599460935720899 1.00000 7 
 fake.rf 1440.00000000 51177.76926479801236525 1.00000 7 
 fake.rf 1440.00000000 51187.68052740745241636 1.00000 7 
 fake.rf 1440.00000000 51197.72019245030911350 1.00000 7 
 fake.rf 1440.00000000 51207.69097944130630395 1.00000 7 
 fake.rf 1440.00000000 51217.63289438913439966 1.00000 7 
 fake.rf 1440.00000000 51227.58350411659322177 1.00000 7 
 fake.rf 1440.00000000 51237.53751006819015146 1.00000 7 
 fake.rf 1440.00000000 51247.51435138613068787 1.00000 7 
 fake.rf 1440.00000000 51257.50792696796459325 1.00000 7 
 fake.rf 1440.00000000 51267.50572737186352157 1.00000 7 
 fake.rf 1440.00000000 51277.44787448212805714 1.00000 7 
 fake.rf 1440.00000000 51287.45232907740158268 1.00000 7 
 fake.rf 1440.00000000 51297.43123334974151817 1.00000 7 
 fake.rf 1440.00000000 51307.40908724559912457 1.00000 7 
 fake.rf 1440.00000000 51317.35243067129809802 1.00000 7 
 fake.rf 1440.00000000 51327.35346598105164517 1.00000 7 
 fake.rf 1440.00000000 51337.33383022310146870 1.00000 7 
 fake.rf 1440.00000000 51347.25821267158817207 1.00000 7 
 fake.rf 1440.00000000 51357.28146449488675529 1.00000 7 
 fake.rf 1440.00000000 51367.19849386827890569 1.00000 7 
 fake.rf 1440.00000000 51377.22363687774404539 1.00000 7 
 fake.rf 1440.00000000 51387.14791842144479261 1.00000 7 
 fake.rf 1440.00000000 51397.17649256992514495 1.00000 7 
 fake.rf 1440.00000000 51407.07622373102822877 1.00000 7 
 fake.rf 1440.00000000 51417.12371728692007622 1.00000 7 
 fake.rf 1440.00000000 51427.05732676859084052 1.00000 7 
 fake.rf 1440.00000000 51437.05880184945128875 1.00000 7 
 fake.rf 1440.00000000 51447.02617651249004282 1.00000 7 
 fake.rf 1440.00000000 51456.95239421361702270 1.00000 7 
 fake.rf 1440.00000000 51466.93051852825819736 1.00000 7 
 fake.rf 1440.00000000 51476.90955508858354861 1.00000 7 
 fake.rf 1440.00000000 51486.85634730367625167 1.00000 7 
 fake.rf 1440.00000000 51496.85637186796344622 1.00000 7 
 fake.rf 1440.00000000 51506.81904449070124130 1.00000 7 
 fake.rf 1440.00000000 51516.84726136291676113 1.00000 7 
 fake.rf 1440.00000000 51526.81650519736086480 1.00000 7 
 fake.rf 1440.00000000 51536.75709187449280080 1.00000 7 
 fake.rf 1440.00000000 51546.76661904132041414 1.00000 7 
 fake.rf 1440.00000000 51556.74000853960714252 1.00000 7 
 fake.rf 1440.00000000 51566.70147514249258691 1.00000 7 
 fake.rf 1440.00000000 51576.65277366952355464 1.00000 7 
 fake.rf 1440.00000000 51586.59561462694517076 1.00000 7 
 fake.rf 1440.00000000 51596.58884018704142349 1.00000 7 
 fake.rf 1440.00000000 51606.54634731036757245 1.00000 7 
 fake.rf 1440.00000000 51616.57767980706876543 1.00000 7 
 fake.rf 1440.00000000 51626.54155312520668986 1.00000 7 
 fake.rf 1440.00000000 51636.44406660596064995 1.00000 7 
 fake.rf 1440.00000000 51646.48306766823258585 1.00000 7 
 fake.rf 1440.00000000 51656.39862773759251269 1.00000 7 
 fake.rf 1440.00000000 51666.43503067580088128 1.00000 7 
 fake.rf 1440.00000000 51676.33503214168968753 1.00000 7 
 fake.rf 1440.00000000 51686.38637294023256530 1.00000 7 
 fake.rf 1440.00000000 51696.29102840664120322 1.00000 7 
 fake.rf 1440.00000000 51706.33024167123005910 1.00000 7 
 fake.rf 1440.00000000 51716.30861792851527170 1.00000 7 
 fake.rf 1440.00000000 51726.20473796859942794 1.00000 7 
 fake.rf 1440.00000000 51736.20486505673375888 1.00000 7 
 fake.rf 1440.00000000 51746.21202069327959805 1.00000 7 
 fake.rf 1440.00000000 51756.18615310518515926 1.00000 7 
 fake.rf 1440.00000000 51766.13980219402322902 1.00000 7 
 fake.rf 1440.00000000 51776.06905318177380693 1.00000 7 
 fake.rf 1440.00000000 51786.04952647822940648 1.00000 7 
 fake.rf 1440.00000000 51796.06060545782892035 1.00000 7 
 fake.rf 1440.00000000 51806.01718531562231007 1.00000 7 
 fake.rf 1440.00000000 51815.98763554376876783 1.00000 7 
 fake.rf 1440.00000000 51825.97090240322920351 1.00000 7 
 fake.rf 1440.00000000 51835.92403045075284496 1.00000 7 
 fake.rf 1440.00000000 51845.94570505212866607 1.00000 7 
 fake.rf 1440.00000000 51855.88247004335017465 1.00000 7 
 fake.rf 1440.00000000 51865.83629190563429034 1.00000 7 
 fake.rf 1440.00000000 51875.84673746695267482 1.00000 7 
 fake.rf 1440.00000000 51885.76210534944853592 1.00000 7 
 fake.rf 1440.00000000 51895.76940579876626458 1.00000 7 
 fake.rf 1440.00000000 51905.71704790292160325 1.00000 7 
 fake.rf 1440.00000000 51915.70056060081255112 1.00000 7 
 fake.rf 1440.00000000 51925.68316455761555517 1.00000 7 
 fake.rf 1440.00000000 51935.70531765361753074 1.00000 7 
 fake.rf 1440.00000000 51945.61864815799380679 1.00000 7 
 fake.rf 1440.00000000 51955.58422419674775128 1.00000 7 
 fake.rf 1440.00000000 51965.54924169014416080 1.00000 7 
 fake.rf 1440.00000000 51975.52627946259877234 1.00000 7 
 fake.rf 1440.00000000 51985.50249458186819496 1.00000 7 
 fake.rf 1440.00000000 51995.46282389252773015 1.00000 7 
 fake.rf 1440.00000000 52005.45515479844661400 1.00000 7 
 fake.rf 1440.00000000 52015.41455419284885764 1.00000 7 
 fake.rf 1440.00000000 52025.38056409849333050 1.00000 7 
 fake.rf 1440.00000000 52035.37965270870974166 1.00000 7 
 fake.rf 1440.00000000 52045.36648350503179472 1.00000 7 
 fake.rf 1440.00000000 52055.36695338327265148 1.00000 7 
 fake.rf 1440.00000000 52065.28414542098535023 1.00000 7 
 fake.rf 1440.00000000 52075.25192967151331302 1.00000 7 
 fake.rf 1440.00000000 52085.29228815777491590 1.00000 7 
 fake.rf 1440.00000000 52095.21725781572501646 1.00000 7 
 fake.rf 1440.00000000 52105.22342538822679003 1.00000 7 
 fake.rf 1440.00000000 52115.16433476088305810 1.00000 7 
 fake.rf 1440.00000000 52125.17039232647357849 1.00000 7 
 fake.rf 1440.00000000 52135.10379772045071434 1.00000 7 
 fake.rf 1440.00000000 52145.10847281572999989 1.00000 7 
 fake.rf 1440.00000000 52155.08017595845998926 1.00000 7 
 fake.rf 1440.00000000 52165.06098407888130808 1.00000 7 
 fake.rf 1440.00000000 52175.04678530745296428 1.00000 7 
 fake.rf 1440.00000000 52184.97290506268834065 1.00000 7 
 fake.rf 1440.00000000 52194.97971867969823023 1.00000 7 
 fake.rf 1440.00000000 52204.91679138521757864 1.00000 7 
 fake.rf 1440.00000000 52214.90119091014337016 1.00000 7 
 fake.rf 1440.00000000 52224.83548825578193942 1.00000 7 
 fake.rf 1440.00000000 52234.86580257028130703 1.00000 7 
 fake.rf 1440.00000000 52244.81632614840014028 1.00000 7 
 fake.rf 1440.00000000 52254.77459166700045756 1.00000 7 
 fake.rf 1440.00000000 52264.79778634776903345 1.00000 7 
 fake.rf 1440.00000000 52274.74063179359488984 1.00000 7 
 fake.rf 1440.00000000 52284.70323941862875472 1.00000 7 
 fake.rf 1440.00000000 52294.64662023152035175 1.00000 7 
 fake.rf 1440.00000000 52304.66043260917524904 1.00000 7 
 fake.rf 1440.00000000 52314.64267545288479866 1.00000 7 
 fake.rf 1440.00000000 52324.57276004465177266 1.00000 7 
 fake.rf 1440.00000000 52334.57988663305069110 1.00000 7 
 fake.rf 1440.00000000 52344.58852245537285697 1.00000 7 
 fake.rf 1440.00000000 52354.53274214119699081 1.00000 7 
 fake.rf 1440.00000000 52364.48430963514271141 1.00000 7 
 fake.rf 1440.00000000 52374.43744177579961629 1.00000 7 
 fake.rf 1440.00000000 52384.46008341301975264 1.00000 7 
 fake.rf 1440.00000000 52394.39598040683379310 1.00000 7 
 fake.rf 1440.00000000 52404.38471988063676577 1.00000 7 
 fake.rf 1440.00000000 52414.35750009627764712 1.00000 7 
 fake.rf 1440.00000000 52424.34494408117880937 1.00000 7 
 fake.rf 1440.00000000 52434.28371211631020543 1.00000 7 
 fake.rf 1440.00000000 52444.30053542578042780 1.00000 7 
 fake.rf 1440.00000000 52454.23662550198729448 1.00000 7 
 fake.rf 1440.00000000 52464.25773436064446642 1.00000 7 
 fake.rf 1440.00000000 52474.19933674006456670 1.00000 7 
 fake.rf 1440.00000000 52484.14853240202348772 1.00000 7 
 fake.rf 1440.00000000 52494.12306534737099284 1.00000 7 
 fake.rf 1440.00000000 52504.09878572025860421 1.00000 7 
 fake.rf 1440.00000000 52514.09569172694612860 1.00000 7 
 fake.rf 1440.00000000 52524.08192851680921365 1.00000 7 
 fake.rf 1440.00000000 52534.01925059061485968 1.00000 7 
 fake.rf 1440.00000000 52543.99044192190929436 1.00000 7 
 fake.rf 1440.00000000 52553.95450661626731303 1.00000 7 
 fake.rf 1440.00000000 52563.96073186357287454 1.00000 7 
 fake.rf 1440.00000000 52573.89908886675395294 1.00000 7 
 fake.rf 1440.00000000 52583.91663668418039279 1.00000 7 
 fake.rf 1440.00000000 52593.82944052950930214 1.00000 7 
 fake.rf 1440.00000000 52603.82181600916766584 1.00000 7 
 fake.rf 1440.00000000 52613.79714719200517337 1.00000 7 
 fake.rf 1440.00000000 52623.80283159470217313 1.00000 7 
 fake.rf 1440.00000000 52633.75259598526239913 1.00000 7 
 fake.rf 1440.00000000 52643.76235808671894745 1.00000 7 
 fake.rf 1440.00000000 52653.72064930493835178 1.00000 7 
 fake.rf 1440.00000000 52663.64193775718759838 1.00000 7 
 fake.rf 1440.00000000 52673.63057167200241437 1.00000 7 
 fake.rf 1440.00000000 52683.65263270548802055 1.00000 7 
 fake.rf 1440.00000000 52693.62386708530768331 1.00000 7 
 fake.rf 1440.00000000 52703.57570232289342016 1.00000 7 
 fake.rf 1440.00000000 52713.53047385827779081 1.00000 7 
 fake.rf 1440.00000000 52723.50179279205550387 1.00000 7 
 fake.rf 1440.00000000 52733.46837635042350456 1.00000 7 
 fake.rf 1440.00000000 52743.47255360146987258 1.00000 7 
 fake.rf 1440.00000000 52753.40466681553619921 1.00000 7 
 fake.rf 1440.00000000 52763.41797812973060289 1.00000 7 
 fake.rf 1440.00000000 52773.38723521507383296 1.00000 7 
 fake.rf 1440.00000000 52783.37158849282799622 1.00000 7 
 fake.rf 1440.00000000 52793.27806645639811833 1.00000 7 
 fake.rf 1440.00000000 52803.33249418554599686 1.00000 7 
 fake.rf 1440.00000000 52813.23653879894998653 1.00000 7 
 fake.rf 1440.00000000 52823.25056049612880216 1.00000 7 
 fake.rf 1440.00000000 52833.23519598085812277 1.00000 7 
 fake.rf 1440.00000000 52843.18720030304649171 1.00000 7 
 fake.rf 1440.00000000 52853.11638431419651951 1.00000 7 
 fake.rf 1440.00000000 52863.09238887193835765 1.00000 7 
 fake.rf 1440.00000000 52873.07792277967357819 1.00000 7 
 fake.rf 1440.00000000 52883.05610143724249994 1.00000 7 
 fake.rf 1440.00000000 52893.07695814053677452 1.00000 7 
 fake.rf 1440.00000000 52903.00260025246750217 1.00000 7 
 fake.rf 1440.00000000 52913.00045873458533663 1.00000 7 
 fake.rf 1440.00000000 52922.94061760964100927 1.00000 7 
 fake.rf 1440.00000000 52932.89924845424817335 1.00000 7 
 fake.rf 1440.00000000 52942.87417566571501126 1.00000 7 
 fake.rf 1440.00000000 52952.85140099297539962 1.00000 7 
 fake.rf 1440.00000000 52962.87896072045865026 1.00000 7 
 fake.rf 1440.00000000 52972.80248068194449118 1.00000 7 
 fake.rf 1440.00000000 52982.79564421902051308 1.00000 7 
 fake.rf 1440.00000000 52992.78923602529606285 1.00000 7 
 fake.rf 1440.00000000 53002.71129469957213587 1.00000 7 
 fake.rf 1440.00000000 53012.68359784237718202 1.00000 7 
 fake.rf 1440.00000000 53022.65926549545995172 1.00000 7 
 fake.rf 1440.00000000 53032.66328074363668321 1.00000 7 
 fake.rf 1440.00000000 53042.62947177548834432 1.00000 7 
 fake.rf 1440.00000000 53052.63662100559747614 1.00000 7 
 fake.rf 1440.00000000 53062.60005382611520375 1.00000 7 
 fake.rf 1440.00000000 53072.52352715536845906 1.00000 7 
 fake.rf 1440.00000000 53082.52723783394004897 1.00000 7 
 fake.rf 1440.00000000 53092.50232823031849705 1.00000 7 
 fake.rf 1440.00000000 53102.44291721018936059 1.00000 7 
 fake.rf 1440.00000000 53112.44502662608099186 1.00000 7 
 fake.rf 1440.00000000 53122.43479929239342141 1.00000 7 
 fake.rf 1440.00000000 53132.41671432038766554 1.00000 7 
 fake.rf 1440.00000000 53142.34743019589065582 1.00000 7 
 fake.rf 1440.00000000 53152.31651155158073863 1.00000 7 
 fake.rf 1440.00000000 53162.33824822526455378 1.00000 7 
 fake.rf 1440.00000000 53172.27227302159478839 1.00000 7 
 fake.rf 1440.00000000 53182.25419260401363530 1.00000 7 
 fake.rf 1440.00000000 53192.19807895752181892 1.00000 7 
 fake.rf 1440.00000000 53202.18026473624883366 1.00000 7 
 fake.rf 1440.00000000 53212.19846413029188525 1.00000 7 
 fake.rf 1440.00000000 53222.16751326584291348 1.00000 7 
 fake.rf 1440.00000000 53232.11716228300070597 1.00000 7 
 fake.rf 1440.00000000 53242.12129685449172811 1.00000 7 
 fake.rf 1440.00000000 53252.09257755140496116 1.00000 7 
 fake.rf 1440.00000000 53262.04675620582223061 1.00000 7 
 fake.rf 1440.00000000 53272.02242147897279523 1.00000 7 
 fake.rf 1440.00000000 53281.94452646150104158 1.00000 7 
 fake.rf 1440.00000000 53291.91917301005186047 1.00000 7 
 fake.rf 1440.00000000 53301.91573445207977855 1.00000 7 
 fake.rf 1440.00000000 53311.87053575089051805 1.00000 7 
 fake.rf 1440.00000000 53321.84478976232303182 1.00000 7 
 fake.rf 1440.00000000 53331.84432322226770751 1.00000 7 
 fake.rf 1440.00000000 53341.83044410891655929 1.00000 7 
 fake.rf 1440.00000000 53351.79819348890532282 1.00000 7 
 fake.rf 1440.00000000 53361.74884714581943612 1.00000 7 
 fake.rf 1440.00000000 53371.72570518708367615 1.00000 7 
 fake.rf 1440.00000000 53381.72756556334202926 1.00000 7 
 fake.rf 1440.00000000 53391.70923424815383029 1.00000 7 
 fake.rf 1440.00000000 53401.68848699679550407 1.00000 7 
 fake.rf 1440.00000000 53411.65824070723583006 1.00000 7 
 fake.rf 1440.00000000 53421.58598981013661700 1.00000 7 
 fake.rf 1440.00000000 53431.58231955595138274 1.00000 7 
 fake.rf 1440.00000000 53441.56129260191855934 1.00000 7 
 fake.rf 1440.00000000 53451.53039525305521451 1.00000 7 
 fake.rf 1440.00000000 53461.52311071253717856 1.00000 7 
 fake.rf 1440.00000000 53471.46779144607480205 1.00000 7 
 fake.rf 1440.00000000 53481.39822318614438856 1.00000 7 
 fake.rf 1440.00000000 53491.40016256463317745 1.00000 7 
 fake.rf 1440.00000000 53501.39936730788745933 1.00000 7 
 fake.rf 1440.00000000 53511.33928919563377491 1.00000 7 
 fake.rf 1440.00000000 53521.30339892294396620 1.00000 7 
 fake.rf 1440.00000000 53531.29895716274081252 1.00000 7 
 fake.rf 1440.00000000 53541.29916573296224769 1.00000 7 
 fake.rf 1440.00000000 53551.21138101859816771 1.00000 7 
 fake.rf 1440.00000000 53561.20552429997433919 1.00000 7 
 fake.rf 1440.00000000 53571.18721583554910737 1.00000 7 
 fake.rf 1440.00000000 53581.18573412392727917 1.00000 7 
 fake.rf 1440.00000000 53591.12928668672595833 1.00000 7 
 fake.rf 1440.00000000 53601.11292911734815902 1.00000 7 
 fake.rf 1440.00000000 53611.05197981939286223 1.00000 7 
 fake.rf 1440.00000000 53621.06097136652409674 1.00000 7 
 fake.rf 1440.00000000 53631.04617217138908458 1.00000 7 
 fake.rf 1440.00000000 53641.01206061708162665 1.00000 7 
 fake.rf 1440.00000000 53650.95114406031347087 1.00000 7 
 fake.rf 1440.00000000 53660.93139857294057649 1.00000 7 
