FORMAT 1
MODE 1
 fake.rf 1440.00000000 50000.93921075255354580 1.00000 7 
 fake.rf 1440.00000000 50010.94905682655533141 1.00000 7 
 fake.rf 1440.00000000 50020.88935945190437948 1.00000 7 
 fake.rf 1440.00000000 50030.86077673027616086 1.00000 7 
 fake.rf 1440.00000000 50040.82403844518883673 1.00000 7 
 fake.rf 1440.00000000 50050.85624211746846157 1.00000 7 
 fake.rf 1440.00000000 50060.81746516622937193 1.00000 7 
 fake.rf 1440.00000000 50070.75407694274388604 1.00000 7 
 fake.rf 1440.00000000 50080.76764382743062143 1.00000 7 
 fake.rf 1440.00000000 50090.71732322217096467 1.00000 7 
 fake.rf 1440.00000000 50100.69639998765973843 1.00000 7 
 fake.rf 1440.00000000 50110.65647280827873189 1.00000 7 
 fake.rf 1440.00000000 50120.65117568810209292 1.00000 7 
 fake.rf 1440.00000000 50130.61148666629438964 1.00000 7 
 fake.rf 1440.00000000 50140.54761324188814697 1.00000 7 
 fake.rf 1440.00000000 50150.52331181360758805 1.00000 7 
 fake.rf 1440.00000000 50160.51938109046129455 1.00000 7 
 fake.rf 1440.00000000 50170.48527797828498009 1.00000 7 
 fake.rf 1440.00000000 50180.50594817567935735 1.00000 7 
 fake.rf 1440.00000000 50190.43986331223971220 1.00000 7 
 fake.rf 1440.00000000 50200.46178134954344685 1.00000 7 
 fake.rf 1440.00000000 50210.41559482486150401 1.00000 7 
 fake.rf 1440.00000000 50220.39709509335595783 1.00000 7 
 fake.rf 1440.00000000 50230.31421199244863374 1.00000 7 
 fake.rf 1440.00000000 50240.34086581551925121 1.00000 7 
 fake.rf 1440.00000000 50250.29320603524714173 1.00000 7 
 fake.rf 1440.00000000 50260.28849784990489979 1.00000 7 
 fake.rf 1440.00000000 50270.26294199395271178 1.00000 7 
 fake.rf 1440.00000000 50280.16146134955026881 1.00000 7 
 fake.rf 1440.00000000 50290.19921265132371602 1.00000 7 
 fake.rf 1440.00000000 50300.14735204520286160 1.00000 7 
 fake.rf 1440.00000000 50310.09286603859931830 1.00000 7 
 fake.rf 1440.00000000 50320.08443442658910882 1.00000 7 
 fake.rf 1440.00000000 50330.08351409989403891 1.00000 7 
 fake.rf 1440.00000000 50340.02774972389125807 1.00000 7 
 fake.rf 1440.00000000 50350.00988412144045370 1.00000 7 
 fake.rf 1440.00000000 50359.98513847564955981 1.00000 7 
 fake.rf 1440.00000000 50369.91790149244498309 1.00000 7 
 fake.rf 1440.00000000 50379.94728534419853005 1.00000 7 
 fake.rf 1440.00000000 50389.88007759090949023 1.00000 7 
 fake.rf 1440.00000000 50399.87315764093539983 1.00000 7 
 fake.rf 1440.00000000 50409.82558924881454487 1.00000 7 
 fake.rf 1440.00000000 50419.82909200388996851 1.00000 7 
 fake.rf 1440.00000000 50429.76084594849673692 1.00000 7 
 fake.rf 1440.00000000 50439.78422617197040978 1.00000 7 
 fake.rf 1440.00000000 50449.75115986194118278 1.00000 7 
 fake.rf 1440.00000000 50459.68591670368545721 1.00000 7 
 fake.rf 1440.00000000 50469.64933720107095283 1.00000 7 
 fake.rf 1440.00000000 50479.69280546569794410 1.00000 7 
 fake.rf 1440.00000000 50489.59220348892065999 1.00000 7 
 fake.rf 1440.00000000 50499.60017678977520106 1.00000 7 
 fake.rf 1440.00000000 50509.60953408727552016 1.00000 7 
 fake.rf 1440.00000000 50519.57338324291730913 1.00000 7 
 fake.rf 1440.00000000 50529.50682782370125778 1.00000 7 
 fake.rf 1440.00000000 50539.46060634955514956 1.00000 7 
 fake.rf 1440.00000000 50549.47841365980933404 1.00000 7 
 fake.rf 1440.00000000 50559.47483613745609432 1.00000 7 
 fake.rf 1440.00000000 50569.45121080142942205 1.00000 7 
 fake.rf 1440.00000000 50579.38743325507886084 1.00000 7 
 fake.rf 1440.00000000 50589.39301274033595490 1.00000 7 
 fake.rf 1440.00000000 50599.35110974031755049 1.00000 7 
 fake.rf 1440.00000000 50609.26277589148313396 1.00000 7 
 fake.rf 1440.00000000 50619.24117374149130910 1.00000 7 
 fake.rf 1440.00000000 50629.21814342983182655 1.00000 7 
 fake.rf 1440.00000000 50639.23952692169033796 1.00000 7 
 fake.rf 1440.00000000 50649.18946471514808394 1.00000 7 
 fake.rf 1440.00000000 50659.17587316248376439 1.00000 7 
 fake.rf 1440.00000000 50669.11648201918466583 1.00000 7 
 fake.rf 1440.00000000 50679.10982046088467001 1.00000 7 
 fake.rf 1440.00000000 50689.06958375997586685 1.00000 7 
 fake.rf 1440.00000000 50699.05362254260833055 1.00000 7 
 fake.rf 1440.00000000 50709.06734538201913409 1.00000 7 
 fake.rf 1440.00000000 50719.00684461126207481 1.00000 7 
 fake.rf 1440.00000000 50728.93835716066691433 1.00000 7 
 fake.rf 1440.00000000 50738.91113825076462973 1.00000 7 
 fake.rf 1440.00000000 50748.90132203246750109 1.00000 7 
 fake.rf 1440.00000000 50758.91040596011044173 1.00000 7 
 fake.rf 1440.00000000 50768.84524820346163665 1.00000 7 
 fake.rf 1440.00000000 50778.82615682356115627 1.00000 7 
 fake.rf 1440.00000000 50788.82268001300178284 1.00000 7 
 fake.rf 1440.00000000 50798.76755796665230491 1.00000 7 
 fake.rf 1440.00000000 50808.78374423194972209 1.00000 7 
 fake.rf 1440.00000000 50818.73359568820036714 1.00000 7 
 fake.rf 1440.00000000 50828.66962714780422417 1.00000 7 
 fake.rf 1440.00000000 50838.64656231528181607 1.00000 7 
 fake.rf 1440.00000000 50848.66082997518547160 1.00000 7 
 fake.rf 1440.00000000 50858.64197304693730928 1.00000 7 
 fake.rf 1440.00000000 50868.55930169359199766 1.00000 7 
 fake.rf 1440.00000000 50878.57724838796102773 1.00000 7 
 fake.rf 1440.00000000 50888.52191824403563913 1.00000 7 
 fake.rf 1440.00000000 50898.47213070910391508 1.00000 7 
 fake.rf 1440.00000000 50908.47547873894647452 1.00000 7 
 fake.rf 1440.00000000 50918.44245241295778115 1.00000 7 
 fake.rf 1440.00000000 50928.39836704153690761 1.00000 7 
 fake.rf 1440.00000000 50938.40598907868635337 1.00000 7 
 fake.rf 1440.00000000 50948.33831726434125997 1.00000 7 
 fake.rf 1440.00000000 50958.35480733818027943 1.00000 7 
 fake.rf 1440.00000000 50968.29280884041165578 1.00000 7 
 fake.rf 1440.00000000 50978.27638351765081737 1.00000 7 
 fake.rf 1440.00000000 50988.23018306783708553 1.00000 7 
 fake.rf 1440.00000000 50998.23858553203909239 1.00000 7 
 fake.rf 1440.00000000 51008.23350332369387772 1.00000 7 
 fake.rf 1440.00000000 51018.14499670706464585 1.00000 7 
 fake.rf 1440.00000000 51028.12020273007728122 1.00000 7 
 fake.rf 1440.00000000 51038.15727075252960176 1.00000 7 
 fake.rf 1440.00000000 51048.06884955951828786 1.00000 7 
 fake.rf 1440.00000000 51058.06154369017168548 1.00000 7 
 fake.rf 1440.00000000 51068.05166661257063510 1.00000 7 
 fake.rf 1440.00000000 51078.00872537458148770 1.00000 7 
 fake.rf 1440.00000000 51088.00963246631910053 1.00000 7 
 fake.rf 1440.00000000 51097.94024955564556123 1.00000 7 
 fake.rf 1440.00000000 51107.95282392609423994 1.00000 7 
 fake.rf 1440.00000000 51117.91388827026354136 1.00000 7 
 fake.rf 1440.00000000 51127.90499451904184269 1.00000 7 
 fake.rf 1440.00000000 51137.88090465963134079 1.00000 7 
 fake.rf 1440.00000000 51147.84620851969836863 1.00000 7 
 fake.rf 1440.00000000 51157.79555343962899627 1.00000 7 
 fake.rf 1440.00000000 51167.77991097363254624 1.00000 7 
 fake.rf 1440.00000000 51177.77318113975563563 1.00000 7 
 fake.rf 1440.00000000 51187.68444374845913103 1.00000 7 
 fake.rf 1440.00000000 51197.72410882080487582 1.00000 7 
 fake.rf 1440.00000000 51207.69489579619842345 1.00000 7 
 fake.rf 1440.00000000 51217.63681072503846536 1.00000 7 
 fake.rf 1440.00000000 51227.58742048722215756 1.00000 7 
 fake.rf 1440.00000000 51237.54142644220723923 1.00000 7 
 fake.rf 1440.00000000 51247.51826773691083616 1.00000 7 
 fake.rf 1440.00000000 51257.51184332679642708 1.00000 7 
 fake.rf 1440.00000000 51267.50964370262884628 1.00000 7 
 fake.rf 1440.00000000 51277.45179083604440606 1.00000 7 
 fake.rf 1440.00000000 51287.45624544993040672 1.00000 7 
 fake.rf 1440.00000000 51297.43514971968153304 1.00000 7 
 fake.rf 1440.00000000 51307.41300360231462463 1.00000 7 
 fake.rf 1440.00000000 51317.35634703844072746 1.00000 7 
 fake.rf 1440.00000000 51327.35738235355545811 1.00000 7 
 fake.rf 1440.00000000 51337.33774658903911003 1.00000 7 
 fake.rf 1440.00000000 51347.26212902828779150 1.00000 7 
 fake.rf 1440.00000000 51357.28538082706824497 1.00000 7 
 fake.rf 1440.00000000 51367.20241021250138758 1.00000 7 
 fake.rf 1440.00000000 51377.22755323740630473 1.00000 7 
 fake.rf 1440.00000000 51387.15183479402099920 1.00000 7 
 fake.rf 1440.00000000 51397.18040891802657200 1.00000 7 
 fake.rf 1440.00000000 51407.08014007604468176 1.00000 7 
 fake.rf 1440.00000000 51417.12763362865774397 1.00000 7 
 fake.rf 1440.00000000 51427.06124314119808361 1.00000 7 
 fake.rf 1440.00000000 51437.06271817716585204 1.00000 7 
 fake.rf 1440.00000000 51447.03009288513443664 1.00000 7 
 fake.rf 1440.00000000 51456.95631056293526484 1.00000 7 
 fake.rf 1440.00000000 51466.93443488746867942 1.00000 7 
 fake.rf 1440.00000000 51476.91347144281803594 1.00000 7 
 fake.rf 1440.00000000 51486.86026364050617232 1.00000 7 
 fake.rf 1440.00000000 51496.86028820536557049 1.00000 7 
 fake.rf 1440.00000000 51506.82296084780528744 1.00000 7 
 fake.rf 1440.00000000 51516.85117769486769745 1.00000 7 
 fake.rf 1440.00000000 51526.82042154741862205 1.00000 7 
 fake.rf 1440.00000000 51536.76100824549390467 1.00000 7 
 fake.rf 1440.00000000 51546.77053541005283677 1.00000 7 
 fake.rf 1440.00000000 51556.74392488861636252 1.00000 7 
 fake.rf 1440.00000000 51566.70539148452375144 1.00000 7 
 fake.rf 1440.00000000 51576.65669003008878235 1.00000 7 
 fake.rf 1440.00000000 51586.59953097043642956 1.00000 7 
 fake.rf 1440.00000000 51596.59275653143474827 1.00000 7 
 fake.rf 1440.00000000 51606.55026367499473494 1.00000 7 
 fake.rf 1440.00000000 51616.58159619175497212 1.00000 7 
 fake.rf 1440.00000000 51626.54546950018400508 1.00000 7 
 fake.rf 1440.00000000 51636.44798295024740398 1.00000 7 
 fake.rf 1440.00000000 51646.48698402224378157 1.00000 7 
 fake.rf 1440.00000000 51656.40254410968054444 1.00000 7 
 fake.rf 1440.00000000 51666.43894703205047492 1.00000 7 
 fake.rf 1440.00000000 51676.33894849522517134 1.00000 7 
 fake.rf 1440.00000000 51686.39028929586419991 1.00000 7 
 fake.rf 1440.00000000 51696.29494474755716382 1.00000 7 
 fake.rf 1440.00000000 51706.33415800598482548 1.00000 7 
 fake.rf 1440.00000000 51716.31253427762753105 1.00000 7 
 fake.rf 1440.00000000 51726.20865432051513721 1.00000 7 
 fake.rf 1440.00000000 51736.20878140445307736 1.00000 7 
 fake.rf 1440.00000000 51746.21593705926919426 1.00000 7 
 fake.rf 1440.00000000 51756.19006945139904019 1.00000 7 
 fake.rf 1440.00000000 51766.14371857489206619 1.00000 7 
 fake.rf 1440.00000000 51776.07296952334937856 1.00000 7 
 fake.rf 1440.00000000 51786.05344281830263853 1.00000 7 
 fake.rf 1440.00000000 51796.06452181512045740 1.00000 7 
 fake.rf 1440.00000000 51806.02110165505753514 1.00000 7 
 fake.rf 1440.00000000 51815.99155190893862155 1.00000 7 
 fake.rf 1440.00000000 51825.97481875401763673 1.00000 7 
 fake.rf 1440.00000000 51835.92794680674887786 1.00000 7 
 fake.rf 1440.00000000 51845.94962141720087345 1.00000 7 
 fake.rf 1440.00000000 51855.88638640915058176 1.00000 7 
 fake.rf 1440.00000000 51865.84020826673068427 1.00000 7 
 fake.rf 1440.00000000 51875.85065382520720689 1.00000 7 
 fake.rf 1440.00000000 51885.76602172184300343 1.00000 7 
 fake.rf 1440.00000000 51895.77332216599654302 1.00000 7 
 fake.rf 1440.00000000 51905.72096426647578582 1.00000 7 
 fake.rf 1440.00000000 51915.70447698365074629 1.00000 7 
 fake.rf 1440.00000000 51925.68708092691850808 1.00000 7 
 fake.rf 1440.00000000 51935.70923401361464400 1.00000 7 
 fake.rf 1440.00000000 51945.62256450598979995 1.00000 7 
 fake.rf 1440.00000000 51955.58814052999832356 1.00000 7 
 fake.rf 1440.00000000 51965.55315803308943501 1.00000 7 
 fake.rf 1440.00000000 51975.53019579302111097 1.00000 7 
 fake.rf 1440.00000000 51985.50641096641994920 1.00000 7 
 fake.rf 1440.00000000 51995.46674023223071259 1.00000 7 
 fake.rf 1440.00000000 52005.45907114521718739 1.00000 7 
 fake.rf 1440.00000000 52015.41847054870018496 1.00000 7 
 fake.rf 1440.00000000 52025.38448044049943420 1.00000 7 
 fake.rf 1440.00000000 52035.38356905320875612 1.00000 7 
 fake.rf 1440.00000000 52045.37039987112362738 1.00000 7 
 fake.rf 1440.00000000 52055.37086974338277656 1.00000 7 
 fake.rf 1440.00000000 52065.28806176948906170 1.00000 7 
 fake.rf 1440.00000000 52075.25584602336015649 1.00000 7 
 fake.rf 1440.00000000 52085.29620453203075314 1.00000 7 
 fake.rf 1440.00000000 52095.22117417355897118 1.00000 7 
 fake.rf 1440.00000000 52105.22734173371326705 1.00000 7 
 fake.rf 1440.00000000 52115.16825111588934050 1.00000 7 
 fake.rf 1440.00000000 52125.17430867959732055 1.00000 7 
 fake.rf 1440.00000000 52135.10771409013980460 1.00000 7 
 fake.rf 1440.00000000 52145.11238914600103556 1.00000 7 
 fake.rf 1440.00000000 52155.08409234200838256 1.00000 7 
 fake.rf 1440.00000000 52165.06490041832120141 1.00000 7 
 fake.rf 1440.00000000 52175.05070165977397068 1.00000 7 
 fake.rf 1440.00000000 52184.97682141692282443 1.00000 7 
 fake.rf 1440.00000000 52194.98363504355340581 1.00000 7 
 fake.rf 1440.00000000 52204.92070774187588000 1.00000 7 
 fake.rf 1440.00000000 52214.90510724984001456 1.00000 7 
 fake.rf 1440.00000000 52224.83940462342293287 1.00000 7 
 fake.rf 1440.00000000 52234.86971891580104810 1.00000 7 
 fake.rf 1440.00000000 52244.82024252543554965 1.00000 7 
 fake.rf 1440.00000000 52254.77850803578504468 1.00000 7 
 fake.rf 1440.00000000 52264.80170272100868090 1.00000 7 
 fake.rf 1440.00000000 52274.74454812499081058 1.00000 7 
 fake.rf 1440.00000000 52284.70715576146706027 1.00000 7 
 fake.rf 1440.00000000 52294.65053658089118827 1.00000 7 
 fake.rf 1440.00000000 52304.66434896040074420 1.00000 7 
 fake.rf 1440.00000000 52314.64659181846484515 1.00000 7 
 fake.rf 1440.00000000 52324.57667638586048398 1.00000 7 
 fake.rf 1440.00000000 52334.58380298690624244 1.00000 7 
 fake.rf 1440.00000000 52344.59243879109644837 1.00000 7 
 fake.rf 1440.00000000 52354.53665850371667290 1.00000 7 
 fake.rf 1440.00000000 52364.48822599013906043 1.00000 7 
 fake.rf 1440.00000000 52374.44135816001406525 1.00000 7 
 fake.rf 1440.00000000 52384.46399979223381749 1.00000 7 
 fake.rf 1440.00000000 52394.39989674795591057 1.00000 7 
 fake.rf 1440.00000000 52404.38863622449716928 1.00000 7 
 fake.rf 1440.00000000 52414.36141643016931724 1.00000 7 
 fake.rf 1440.00000000 52424.34886045665328425 1.00000 7 
 fake.rf 1440.00000000 52434.28762848453412460 1.00000 7 
 fake.rf 1440.00000000 52444.30445176425107690 1.00000 7 
 fake.rf 1440.00000000 52454.24054185703564102 1.00000 7 
 fake.rf 1440.00000000 52464.26165073726939525 1.00000 7 
 fake.rf 1440.00000000 52474.20325311949170910 1.00000 7 
 fake.rf 1440.00000000 52484.15244876910946559 1.00000 7 
 fake.rf 1440.00000000 52494.12698170617366245 1.00000 7 
 fake.rf 1440.00000000 52504.10270207171080514 1.00000 7 
 fake.rf 1440.00000000 52514.09960810427788402 1.00000 7 
 fake.rf 1440.00000000 52524.08584489575368437 1.00000 7 
 fake.rf 1440.00000000 52534.02316694684364151 1.00000 7 
 fake.rf 1440.00000000 52543.99435827160239754 1.00000 7 
 fake.rf 1440.00000000 52553.95842297270150922 1.00000 7 
 fake.rf 1440.00000000 52563.96464821494786435 1.00000 7 
 fake.rf 1440.00000000 52573.90300522048796594 1.00000 7 
 fake.rf 1440.00000000 52583.92055303409178890 1.00000 7 
 fake.rf 1440.00000000 52593.83335689963151438 1.00000 7 
 fake.rf 1440.00000000 52603.82573237247990150 1.00000 7 
 fake.rf 1440.00000000 52613.80106356515014454 1.00000 7 
 fake.rf 1440.00000000 52623.80674796883561939 1.00000 7 
 fake.rf 1440.00000000 52633.75651235311530840 1.00000 7 
 fake.rf 1440.00000000 52643.76627445136789163 1.00000 7 
 fake.rf 1440.00000000 52653.72456566993792393 1.00000 7 
 fake.rf 1440.00000000 52663.64585411074659405 1.00000 7 
 fake.rf 1440.00000000 52673.63448800541044648 1.00000 7 
 fake.rf 1440.00000000 52683.65654907333540891 1.00000 7 
 fake.rf 1440.00000000 52693.62778345034058347 1.00000 7 
 fake.rf 1440.00000000 52703.57961867169591130 1.00000 7 
 fake.rf 1440.00000000 52713.53439022089181876 1.00000 7 
 fake.rf 1440.00000000 52723.50570914740286810 1.00000 7 
 fake.rf 1440.00000000 52733.47229270439166982 1.00000 7 
 fake.rf 1440.00000000 52743.47646993840167795 1.00000 7 
 fake.rf 1440.00000000 52753.40858316173432385 1.00000 7 
 fake.rf 1440.00000000 52763.42189446716322010 1.00000 7 
 fake.rf 1440.00000000 52773.39115159188513715 1.00000 7 
 fake.rf 1440.00000000 52783.37550485426849889 1.00000 7 
 fake.rf 1440.00000000 52793.28198283160438109 1.00000 7 
 fake.rf 1440.00000000 52803.33641055854046442 1.00000 7 
 fake.rf 1440.00000000 52813.24045516621396246 1.00000 7 
 fake.rf 1440.00000000 52823.25447684819400607 1.00000 7 
 fake.rf 1440.00000000 52833.23911233034597856 1.00000 7 
 fake.rf 1440.00000000 52843.19111667606185279 1.00000 7 
 fake.rf 1440.00000000 52853.12030068894335244 1.00000 7 
 fake.rf 1440.00000000 52863.09630522125498686 1.00000 7 
 fake.rf 1440.00000000 52873.08183914663496239 1.00000 7 
 fake.rf 1440.00000000 52883.06001779927045803 1.00000 7 
 fake.rf 1440.00000000 52893.08087449740019892 1.00000 7 
 fake.rf 1440.00000000 52903.00651659934631610 1.00000 7 
 fake.rf 1440.00000000 52913.00437511216099651 1.00000 7 
 fake.rf 1440.00000000 52922.94453398177279979 1.00000 7 
 fake.rf 1440.00000000 52932.90316483235337230 1.00000 7 
 fake.rf 1440.00000000 52942.87809203134758107 1.00000 7 
 fake.rf 1440.00000000 52952.85531734764870393 1.00000 7 
 fake.rf 1440.00000000 52962.88287708091568717 1.00000 7 
 fake.rf 1440.00000000 52972.80639702408145197 1.00000 7 
 fake.rf 1440.00000000 52982.79956058514887474 1.00000 7 
 fake.rf 1440.00000000 52992.79315238446165992 1.00000 7 
 fake.rf 1440.00000000 53002.71521105593226864 1.00000 7 
 fake.rf 1440.00000000 53012.68751418780988516 1.00000 7 
 fake.rf 1440.00000000 53022.66318184537022162 1.00000 7 
 fake.rf 1440.00000000 53032.66719708968528479 1.00000 7 
 fake.rf 1440.00000000 53042.63338813725311738 1.00000 7 
 fake.rf 1440.00000000 53052.64053736445172760 1.00000 7 
 fake.rf 1440.00000000 53062.60397017379887785 1.00000 7 
 fake.rf 1440.00000000 53072.52744350751808255 1.00000 7 
 fake.rf 1440.00000000 53082.53115418295930539 1.00000 7 
 fake.rf 1440.00000000 53092.50624459718405035 1.00000 7 
 fake.rf 1440.00000000 53102.44683359229919617 1.00000 7 
 fake.rf 1440.00000000 53112.44894297735697464 1.00000 7 
 fake.rf 1440.00000000 53122.43871566343507951 1.00000 7 
 fake.rf 1440.00000000 53132.42063065861632509 1.00000 7 
 fake.rf 1440.00000000 53142.35134655261865078 1.00000 7 
 fake.rf 1440.00000000 53152.32042790377515828 1.00000 7 
 fake.rf 1440.00000000 53162.34216458252760162 1.00000 7 
 fake.rf 1440.00000000 53172.27618937060845994 1.00000 7 
 fake.rf 1440.00000000 53182.25810896076182743 1.00000 7 
 fake.rf 1440.00000000 53192.20199529375049963 1.00000 7 
 fake.rf 1440.00000000 53202.18418109150988471 1.00000 7 
 fake.rf 1440.00000000 53212.20238048498085703 1.00000 7 
 fake.rf 1440.00000000 53222.17142964531425520 1.00000 7 
 fake.rf 1440.00000000 53232.12107865531188011 1.00000 7 
 fake.rf 1440.00000000 53242.12521319829230748 1.00000 7 
 fake.rf 1440.00000000 53252.09649388707499895 1.00000 7 
 fake.rf 1440.00000000 53262.05067253829017915 1.00000 7 
 fake.rf 1440.00000000 53272.02633785171923364 1.00000 7 
 fake.rf 1440.00000000 53281.94844281171790001 1.00000 7 
 fake.rf 1440.00000000 53291.92308938229897564 1.00000 7 
 fake.rf 1440.00000000 53301.91965081400207183 1.00000 7 
 fake.rf 1440.00000000 53311.87445211731443351 1.00000 7 
 fake.rf 1440.00000000 53321.84870613596509159 1.00000 7 
 fake.rf 1440.00000000 53331.84823956088019159 1.00000 7 
 fake.rf 1440.00000000 53341.83436047108756739 1.00000 7 
 fake.rf 1440.00000000 53351.80210982958628918 1.00000 7 
 fake.rf 1440.00000000 53361.75276349912731177 1.00000 7 
 fake.rf 1440.00000000 53371.72962154013020708 1.00000 7 
 fake.rf 1440.00000000 53381.73148192322061689 1.00000 7 
 fake.rf 1440.00000000 53391.71315061327457840 1.00000 7 
 fake.rf 1440.00000000 53401.69240335481778104 1.00000 7 
 fake.rf 1440.00000000 53411.66215707590641415 1.00000 7 
 fake.rf 1440.00000000 53421.58990614390573270 1.00000 7 
 fake.rf 1440.00000000 53431.58623592074563291 1.00000 7 
 fake.rf 1440.00000000 53441.56520896716796187 1.00000 7 
 fake.rf 1440.00000000 53451.53431161896472901 1.00000 7 
 fake.rf 1440.00000000 53461.52702704079765539 1.00000 7 
 fake.rf 1440.00000000 53471.47170778067116714 1.00000 7 
 fake.rf 1440.00000000 53481.40213954832271526 1.00000 7 
 fake.rf 1440.00000000 53491.40407890652793554 1.00000 7 
 fake.rf 1440.00000000 53501.40328365299934887 1.00000 7 
 fake.rf 1440.00000000 53511.34320555484777771 1.00000 7 
 fake.rf 1440.00000000 53521.30731529506345723 1.00000 7 
 fake.rf 1440.00000000 53531.30287354059655058 1.00000 7 
 fake.rf 1440.00000000 53541.30308209471773395 1.00000 7 
 fake.rf 1440.00000000 53551.21529739376608603 1.00000 7 
 fake.rf 1440.00000000 53561.20944067007573253 1.00000 7 
 fake.rf 1440.00000000 53571.19113222229216120 1.00000 7 
 fake.rf 1440.00000000 53581.18965048135592966 1.00000 7 
 fake.rf 1440.00000000 53591.13320304229324620 1.00000 7 
 fake.rf 1440.00000000 53601.11684547828481939 1.00000 7 
 fake.rf 1440.00000000 53611.05589619334931228 1.00000 7 
 fake.rf 1440.00000000 53621.06488775026507909 1.00000 7 
 fake.rf 1440.00000000 53631.05008851956347016 1.00000 7 
 fake.rf 1440.00000000 53641.01597698278775539 1.00000 7 
 fake.rf 1440.00000000 53650.95506044295700576 1.00000 7 
 fake.rf 1440.00000000 53660.93531493568791291 1.00000 7 
