FORMAT 1
MODE 1
 fake.rf 1440.00000000 50000.94392530051187862 1.00000 7 
 fake.rf 1440.00000000 50010.95377136985833033 1.00000 7 
 fake.rf 1440.00000000 50020.89407398217413458 1.00000 7 
 fake.rf 1440.00000000 50030.86549129810090264 1.00000 7 
 fake.rf 1440.00000000 50040.82875302244486093 1.00000 7 
 fake.rf 1440.00000000 50050.86095666782319569 1.00000 7 
 fake.rf 1440.00000000 50060.82217972921880289 1.00000 7 
 fake.rf 1440.00000000 50070.75879145972182016 1.00000 7 
 fake.rf 1440.00000000 50080.77235840151200819 1.00000 7 
 fake.rf 1440.00000000 50090.72203777344692810 1.00000 7 
 fake.rf 1440.00000000 50100.70111450689402943 1.00000 7 
 fake.rf 1440.00000000 50110.66118736360297703 1.00000 7 
 fake.rf 1440.00000000 50120.65589022029643829 1.00000 7 
 fake.rf 1440.00000000 50130.61620121334445344 1.00000 7 
 fake.rf 1440.00000000 50140.55232782315171391 1.00000 7 
 fake.rf 1440.00000000 50150.52802633778553698 1.00000 7 
 fake.rf 1440.00000000 50160.52409563934951464 1.00000 7 
 fake.rf 1440.00000000 50170.48999251663974519 1.00000 7 
 fake.rf 1440.00000000 50180.51066273856546118 1.00000 7 
 fake.rf 1440.00000000 50190.44457785259611526 1.00000 7 
 fake.rf 1440.00000000 50200.46649589933522151 1.00000 7 
 fake.rf 1440.00000000 50210.42030935640224243 1.00000 7 
 fake.rf 1440.00000000 50220.40180962792489794 1.00000 7 
 fake.rf 1440.00000000 50230.31892655747032705 1.00000 7 
 fake.rf 1440.00000000 50240.34558033477861727 1.00000 7 
 fake.rf 1440.00000000 50250.29792056251291754 1.00000 7 
 fake.rf 1440.00000000 50260.29321241282655564 1.00000 7 
 fake.rf 1440.00000000 50270.26765656736651877 1.00000 7 
 fake.rf 1440.00000000 50280.16617588651410742 1.00000 7 
 fake.rf 1440.00000000 50290.20392719495196943 1.00000 7 
 fake.rf 1440.00000000 50300.15206660446830256 1.00000 7 
 fake.rf 1440.00000000 50310.09758062302573478 1.00000 7 
 fake.rf 1440.00000000 50320.08914896051131649 1.00000 7 
 fake.rf 1440.00000000 50330.08822864869976144 1.00000 7 
 fake.rf 1440.00000000 50340.03246425675770936 1.00000 7 
 fake.rf 1440.00000000 50350.01459866471594751 1.00000 7 
 fake.rf 1440.00000000 50359.98985302442664391 1.00000 7 
 fake.rf 1440.00000000 50369.92261604764227201 1.00000 7 
 fake.rf 1440.00000000 50379.95199986956311022 1.00000 7 
 fake.rf 1440.00000000 50389.88479213151485325 1.00000 7 
 fake.rf 1440.00000000 50399.87787218407835965 1.00000 7 
 fake.rf 1440.00000000 50409.83030381925920693 1.00000 7 
 fake.rf 1440.00000000 50419.83380657114883761 1.00000 7 
 fake.rf 1440.00000000 50429.76556050158240652 1.00000 7 
 fake.rf 1440.00000000 50439.78894069672310252 1.00000 7 
 fake.rf 1440.00000000 50449.75587444903473866 1.00000 7 
 fake.rf 1440.00000000 50459.69063126616704551 1.00000 7 
 fake.rf 1440.00000000 50469.65405175417576800 1.00000 7 
 fake.rf 1440.00000000 50479.69752003401087492 1.00000 7 
 fake.rf 1440.00000000 50489.59691804201035836 1.00000 7 
 fake.rf 1440.00000000 50499.60489130714479344 1.00000 7 
 fake.rf 1440.00000000 50509.61424861842614575 1.00000 7 
 fake.rf 1440.00000000 50519.57809778558464942 1.00000 7 
 fake.rf 1440.00000000 50529.51154235983753438 1.00000 7 
 fake.rf 1440.00000000 50539.46532088291630913 1.00000 7 
 fake.rf 1440.00000000 50549.48312823061402810 1.00000 7 
 fake.rf 1440.00000000 50559.47955069955989416 1.00000 7 
 fake.rf 1440.00000000 50569.45592539096457330 1.00000 7 
 fake.rf 1440.00000000 50579.39214780255039017 1.00000 7 
 fake.rf 1440.00000000 50589.39772730683905166 1.00000 7 
 fake.rf 1440.00000000 50599.35582426456518590 1.00000 7 
 fake.rf 1440.00000000 50609.26749043644114323 1.00000 7 
 fake.rf 1440.00000000 50619.24588830153857089 1.00000 7 
 fake.rf 1440.00000000 50629.22285799381345939 1.00000 7 
 fake.rf 1440.00000000 50639.24424147032122079 1.00000 7 
 fake.rf 1440.00000000 50649.19417925398936120 1.00000 7 
 fake.rf 1440.00000000 50659.18058769183438983 1.00000 7 
 fake.rf 1440.00000000 50669.12119655143863284 1.00000 7 
 fake.rf 1440.00000000 50679.11453502671902172 1.00000 7 
 fake.rf 1440.00000000 50689.07429833263184094 1.00000 7 
 fake.rf 1440.00000000 50699.05833706184463594 1.00000 7 
 fake.rf 1440.00000000 50709.07205993961046531 1.00000 7 
 fake.rf 1440.00000000 50719.01155914993654505 1.00000 7 
 fake.rf 1440.00000000 50728.94307170587265787 1.00000 7 
 fake.rf 1440.00000000 50738.91585281571768107 1.00000 7 
 fake.rf 1440.00000000 50748.90603659600735043 1.00000 7 
 fake.rf 1440.00000000 50758.91512052103916730 1.00000 7 
 fake.rf 1440.00000000 50768.84996274350990220 1.00000 7 
 fake.rf 1440.00000000 50778.83087138765730373 1.00000 7 
 fake.rf 1440.00000000 50788.82739458093293905 1.00000 7 
 fake.rf 1440.00000000 50798.77227249701056877 1.00000 7 
 fake.rf 1440.00000000 50808.78845876980443919 1.00000 7 
 fake.rf 1440.00000000 50818.73831025153901564 1.00000 7 
 fake.rf 1440.00000000 50828.67434169858792714 1.00000 7 
 fake.rf 1440.00000000 50838.65127684087693893 1.00000 7 
 fake.rf 1440.00000000 50848.66554451562001660 1.00000 7 
 fake.rf 1440.00000000 50858.64668762956923942 1.00000 7 
 fake.rf 1440.00000000 50868.56401627368515150 1.00000 7 
 fake.rf 1440.00000000 50878.58196293329191207 1.00000 7 
 fake.rf 1440.00000000 50888.52663277606469450 1.00000 7 
 fake.rf 1440.00000000 50898.47684525965681246 1.00000 7 
 fake.rf 1440.00000000 50908.48019330441523422 1.00000 7 
 fake.rf 1440.00000000 50918.44716693562474319 1.00000 7 
 fake.rf 1440.00000000 50928.40308159752378359 1.00000 7 
 fake.rf 1440.00000000 50938.41070362414588146 1.00000 7 
 fake.rf 1440.00000000 50948.34303178834105452 1.00000 7 
 fake.rf 1440.00000000 50958.35952191569628766 1.00000 7 
 fake.rf 1440.00000000 50968.29752335088361548 1.00000 7 
 fake.rf 1440.00000000 50978.28109806769636947 1.00000 7 
 fake.rf 1440.00000000 50988.23489763381591544 1.00000 7 
 fake.rf 1440.00000000 50998.24330007147425192 1.00000 7 
 fake.rf 1440.00000000 51008.23821787115909743 1.00000 7 
 fake.rf 1440.00000000 51018.14971123572153999 1.00000 7 
 fake.rf 1440.00000000 51028.12491727762787974 1.00000 7 
 fake.rf 1440.00000000 51038.16198529935178740 1.00000 7 
 fake.rf 1440.00000000 51048.07356408117263058 1.00000 7 
 fake.rf 1440.00000000 51058.06625825972321664 1.00000 7 
 fake.rf 1440.00000000 51068.05638118194656627 1.00000 7 
 fake.rf 1440.00000000 51078.01343993517247455 1.00000 7 
 fake.rf 1440.00000000 51088.01434701742283195 1.00000 7 
 fake.rf 1440.00000000 51097.94496410898691963 1.00000 7 
 fake.rf 1440.00000000 51107.95753848081055182 1.00000 7 
 fake.rf 1440.00000000 51117.91860281470700045 1.00000 7 
 fake.rf 1440.00000000 51127.90970909658145871 1.00000 7 
 fake.rf 1440.00000000 51137.88561918363052072 1.00000 7 
 fake.rf 1440.00000000 51147.85092308537019079 1.00000 7 
 fake.rf 1440.00000000 51157.80026797742071665 1.00000 7 
 fake.rf 1440.00000000 51167.78462553733375984 1.00000 7 
 fake.rf 1440.00000000 51177.77789568210826232 1.00000 7 
 fake.rf 1440.00000000 51187.68915831218217960 1.00000 7 
 fake.rf 1440.00000000 51197.72882333653025455 1.00000 7 
 fake.rf 1440.00000000 51207.69961032945739632 1.00000 7 
 fake.rf 1440.00000000 51217.64152528085737615 1.00000 7 
 fake.rf 1440.00000000 51227.59213501520263989 1.00000 7 
 fake.rf 1440.00000000 51237.54614096434291781 1.00000 7 
 fake.rf 1440.00000000 51247.52298229094335724 1.00000 7 
 fake.rf 1440.00000000 51257.51655787786165064 1.00000 7 
 fake.rf 1440.00000000 51267.51435829206020856 1.00000 7 
 fake.rf 1440.00000000 51277.45650537950619352 1.00000 7 
 fake.rf 1440.00000000 51287.46096001266371545 1.00000 7 
 fake.rf 1440.00000000 51297.43986427595404010 1.00000 7 
 fake.rf 1440.00000000 51307.41771818077835832 1.00000 7 
 fake.rf 1440.00000000 51317.36106159234183721 1.00000 7 
 fake.rf 1440.00000000 51327.36209689715433768 1.00000 7 
 fake.rf 1440.00000000 51337.34246111650369926 1.00000 7 
 fake.rf 1440.00000000 51347.26684357761621769 1.00000 7 
 fake.rf 1440.00000000 51357.29009537120308337 1.00000 7 
 fake.rf 1440.00000000 51367.20712476424366955 1.00000 7 
 fake.rf 1440.00000000 51377.23226777761659179 1.00000 7 
 fake.rf 1440.00000000 51387.15654937301924221 1.00000 7 
 fake.rf 1440.00000000 51397.18512346321946893 1.00000 7 
 fake.rf 1440.00000000 51407.08485459945849172 1.00000 7 
 fake.rf 1440.00000000 51417.13234817163450074 1.00000 7 
 fake.rf 1440.00000000 51427.06595769609640456 1.00000 7 
 fake.rf 1440.00000000 51437.06743276620375838 1.00000 7 
 fake.rf 1440.00000000 51447.03480744454606466 1.00000 7 
 fake.rf 1440.00000000 51456.96102509516108370 1.00000 7 
 fake.rf 1440.00000000 51466.93914942229160658 1.00000 7 
 fake.rf 1440.00000000 51476.91818601054040982 1.00000 7 
 fake.rf 1440.00000000 51486.86497816902634383 1.00000 7 
 fake.rf 1440.00000000 51496.86500278402462882 1.00000 7 
 fake.rf 1440.00000000 51506.82767537630224908 1.00000 7 
 fake.rf 1440.00000000 51516.85589223677809301 1.00000 7 
 fake.rf 1440.00000000 51526.82513609824276202 1.00000 7 
 fake.rf 1440.00000000 51536.76572276711085507 1.00000 7 
 fake.rf 1440.00000000 51546.77524993673504383 1.00000 7 
 fake.rf 1440.00000000 51556.74863942797951921 1.00000 7 
 fake.rf 1440.00000000 51566.71010603795728855 1.00000 7 
 fake.rf 1440.00000000 51576.66140461192807365 1.00000 7 
 fake.rf 1440.00000000 51586.60424554754192528 1.00000 7 
 fake.rf 1440.00000000 51596.59747105421499924 1.00000 7 
 fake.rf 1440.00000000 51606.55497819826691952 1.00000 7 
 fake.rf 1440.00000000 51616.58631074319630017 1.00000 7 
 fake.rf 1440.00000000 51626.55018403553095752 1.00000 7 
 fake.rf 1440.00000000 51636.45269747067764499 1.00000 7 
 fake.rf 1440.00000000 51646.49169856077999796 1.00000 7 
 fake.rf 1440.00000000 51656.40725866816892875 1.00000 7 
 fake.rf 1440.00000000 51666.44366160812896638 1.00000 7 
 fake.rf 1440.00000000 51676.34366304368519707 1.00000 7 
 fake.rf 1440.00000000 51686.39500383168300601 1.00000 7 
 fake.rf 1440.00000000 51696.29965933671553557 1.00000 7 
 fake.rf 1440.00000000 51706.33887257515162617 1.00000 7 
 fake.rf 1440.00000000 51716.31724884875657722 1.00000 7 
 fake.rf 1440.00000000 51726.21336885186275723 1.00000 7 
 fake.rf 1440.00000000 51736.21349596748423849 1.00000 7 
 fake.rf 1440.00000000 51746.22065159236502652 1.00000 7 
 fake.rf 1440.00000000 51756.19478401208228746 1.00000 7 
 fake.rf 1440.00000000 51766.14843309005873806 1.00000 7 
 fake.rf 1440.00000000 51776.07768405817388313 1.00000 7 
 fake.rf 1440.00000000 51786.05815739087354643 1.00000 7 
 fake.rf 1440.00000000 51796.06923634872979534 1.00000 7 
 fake.rf 1440.00000000 51806.02581623922456444 1.00000 7 
 fake.rf 1440.00000000 51815.99626643628633715 1.00000 7 
 fake.rf 1440.00000000 51825.97953333924446540 1.00000 7 
 fake.rf 1440.00000000 51835.93266133137299434 1.00000 7 
 fake.rf 1440.00000000 51845.95433597977660156 1.00000 7 
 fake.rf 1440.00000000 51855.89110095725503413 1.00000 7 
 fake.rf 1440.00000000 51865.84492282244345418 1.00000 7 
 fake.rf 1440.00000000 51875.85536836820747197 1.00000 7 
 fake.rf 1440.00000000 51885.77073625288778658 1.00000 7 
 fake.rf 1440.00000000 51895.77803667975534196 1.00000 7 
 fake.rf 1440.00000000 51905.72567884327085963 1.00000 7 
 fake.rf 1440.00000000 51915.70919151141161407 1.00000 7 
 fake.rf 1440.00000000 51925.69179547046246981 1.00000 7 
 fake.rf 1440.00000000 51935.71394858559549235 1.00000 7 
 fake.rf 1440.00000000 51945.62727908220676909 1.00000 7 
 fake.rf 1440.00000000 51955.59285509943376624 1.00000 7 
 fake.rf 1440.00000000 51965.55787258127443096 1.00000 7 
 fake.rf 1440.00000000 51975.53491035335596138 1.00000 7 
 fake.rf 1440.00000000 51985.51112553308892927 1.00000 7 
 fake.rf 1440.00000000 51995.47145478003251995 1.00000 7 
 fake.rf 1440.00000000 52005.46378569914615042 1.00000 7 
 fake.rf 1440.00000000 52015.42318507954873397 1.00000 7 
 fake.rf 1440.00000000 52025.38919496658549235 1.00000 7 
 fake.rf 1440.00000000 52035.38828358123144469 1.00000 7 
 fake.rf 1440.00000000 52045.37511440451494238 1.00000 7 
 fake.rf 1440.00000000 52055.37558432768211958 1.00000 7 
 fake.rf 1440.00000000 52065.29277632743702853 1.00000 7 
 fake.rf 1440.00000000 52075.26056057948208888 1.00000 7 
 fake.rf 1440.00000000 52085.30091909671184069 1.00000 7 
 fake.rf 1440.00000000 52095.22588870507289727 1.00000 7 
 fake.rf 1440.00000000 52105.23205629221042301 1.00000 7 
 fake.rf 1440.00000000 52115.17296564085371102 1.00000 7 
 fake.rf 1440.00000000 52125.17902321537341592 1.00000 7 
 fake.rf 1440.00000000 52135.11242865065621288 1.00000 7 
 fake.rf 1440.00000000 52145.11710373236984495 1.00000 7 
 fake.rf 1440.00000000 52155.08880688480700627 1.00000 7 
 fake.rf 1440.00000000 52165.06961494784479783 1.00000 7 
 fake.rf 1440.00000000 52175.05541624273864088 1.00000 7 
 fake.rf 1440.00000000 52184.98153593190564692 1.00000 7 
 fake.rf 1440.00000000 52194.98834957557478376 1.00000 7 
 fake.rf 1440.00000000 52204.92542229561469114 1.00000 7 
 fake.rf 1440.00000000 52214.90982179350371339 1.00000 7 
 fake.rf 1440.00000000 52224.84411916415609412 1.00000 7 
 fake.rf 1440.00000000 52234.87443344057278338 1.00000 7 
 fake.rf 1440.00000000 52244.82495708092354647 1.00000 7 
 fake.rf 1440.00000000 52254.78322257849521648 1.00000 7 
 fake.rf 1440.00000000 52264.80641724607436416 1.00000 7 
 fake.rf 1440.00000000 52274.74926267288029180 1.00000 7 
 fake.rf 1440.00000000 52284.71187032558431085 1.00000 7 
 fake.rf 1440.00000000 52294.65525111693968086 1.00000 7 
 fake.rf 1440.00000000 52304.66906349492451866 1.00000 7 
 fake.rf 1440.00000000 52314.65130638970699195 1.00000 7 
 fake.rf 1440.00000000 52324.58139094286458715 1.00000 7 
 fake.rf 1440.00000000 52334.58851754794023492 1.00000 7 
 fake.rf 1440.00000000 52344.59715334852478108 1.00000 7 
 fake.rf 1440.00000000 52354.54137305472796271 1.00000 7 
 fake.rf 1440.00000000 52364.49294052264506760 1.00000 7 
 fake.rf 1440.00000000 52374.44607267445519483 1.00000 7 
 fake.rf 1440.00000000 52384.46871430206785192 1.00000 7 
 fake.rf 1440.00000000 52394.40461130452968774 1.00000 7 
 fake.rf 1440.00000000 52404.39335075704248013 1.00000 7 
 fake.rf 1440.00000000 52414.36613097985892296 1.00000 7 
 fake.rf 1440.00000000 52424.35357497872142574 1.00000 7 
 fake.rf 1440.00000000 52434.29234303888904734 1.00000 7 
 fake.rf 1440.00000000 52444.30916631707093956 1.00000 7 
 fake.rf 1440.00000000 52454.24525641698471290 1.00000 7 
 fake.rf 1440.00000000 52464.26636527359213247 1.00000 7 
 fake.rf 1440.00000000 52474.20796765184303823 1.00000 7 
 fake.rf 1440.00000000 52484.15716332712876380 1.00000 7 
 fake.rf 1440.00000000 52494.13169627375778603 1.00000 7 
 fake.rf 1440.00000000 52504.10741661255593726 1.00000 7 
 fake.rf 1440.00000000 52514.10432263397257202 1.00000 7 
 fake.rf 1440.00000000 52524.09055944376475367 1.00000 7 
 fake.rf 1440.00000000 52534.02788147286808851 1.00000 7 
 fake.rf 1440.00000000 52543.99907279372214219 1.00000 7 
 fake.rf 1440.00000000 52553.96313754999135881 1.00000 7 
 fake.rf 1440.00000000 52563.96936279886387311 1.00000 7 
 fake.rf 1440.00000000 52573.90771978380006857 1.00000 7 
 fake.rf 1440.00000000 52583.92526757036646856 1.00000 7 
 fake.rf 1440.00000000 52593.83807145187828880 1.00000 7 
 fake.rf 1440.00000000 52603.83044691840785134 1.00000 7 
 fake.rf 1440.00000000 52613.80577814157026140 1.00000 7 
 fake.rf 1440.00000000 52623.81146249033223228 1.00000 7 
 fake.rf 1440.00000000 52633.76122690550364780 1.00000 7 
 fake.rf 1440.00000000 52643.77098899294091439 1.00000 7 
 fake.rf 1440.00000000 52653.72928021377270014 1.00000 7 
 fake.rf 1440.00000000 52663.65056865217050941 1.00000 7 
 fake.rf 1440.00000000 52673.63920253524894122 1.00000 7 
 fake.rf 1440.00000000 52683.66126363709283709 1.00000 7 
 fake.rf 1440.00000000 52693.63249799746252577 1.00000 7 
 fake.rf 1440.00000000 52703.58433321094380375 1.00000 7 
 fake.rf 1440.00000000 52713.53910475099870325 1.00000 7 
 fake.rf 1440.00000000 52723.51042369264094845 1.00000 7 
 fake.rf 1440.00000000 52733.47700726319111197 1.00000 7 
 fake.rf 1440.00000000 52743.48118449695885701 1.00000 7 
 fake.rf 1440.00000000 52753.41329771520848269 1.00000 7 
 fake.rf 1440.00000000 52763.42660900432941062 1.00000 7 
 fake.rf 1440.00000000 52773.39586616073347969 1.00000 7 
 fake.rf 1440.00000000 52783.38021941644067070 1.00000 7 
 fake.rf 1440.00000000 52793.28669738473680084 1.00000 7 
 fake.rf 1440.00000000 52803.34112508219144999 1.00000 7 
 fake.rf 1440.00000000 52813.24516971946722066 1.00000 7 
 fake.rf 1440.00000000 52823.25919138923151408 1.00000 7 
 fake.rf 1440.00000000 52833.24382688859893165 1.00000 7 
 fake.rf 1440.00000000 52843.19583124885177128 1.00000 7 
 fake.rf 1440.00000000 52853.12501521247149228 1.00000 7 
 fake.rf 1440.00000000 52863.10101978817153423 1.00000 7 
 fake.rf 1440.00000000 52873.08655370539421625 1.00000 7 
 fake.rf 1440.00000000 52883.06473237625776207 1.00000 7 
 fake.rf 1440.00000000 52893.08558905631690550 1.00000 7 
 fake.rf 1440.00000000 52903.01123113839041778 1.00000 7 
 fake.rf 1440.00000000 52913.00908962687991632 1.00000 7 
 fake.rf 1440.00000000 52922.94924851543821376 1.00000 7 
 fake.rf 1440.00000000 52932.90787937364846627 1.00000 7 
 fake.rf 1440.00000000 52942.88280655189247881 1.00000 7 
 fake.rf 1440.00000000 52952.86003187121696456 1.00000 7 
 fake.rf 1440.00000000 52962.88759161021021526 1.00000 7 
 fake.rf 1440.00000000 52972.81111157041215165 1.00000 7 
 fake.rf 1440.00000000 52982.80427514035064362 1.00000 7 
 fake.rf 1440.00000000 52992.79786692013031058 1.00000 7 
 fake.rf 1440.00000000 53002.71992557577528515 1.00000 7 
 fake.rf 1440.00000000 53012.69222870781520029 1.00000 7 
 fake.rf 1440.00000000 53022.66789639903728926 1.00000 7 
 fake.rf 1440.00000000 53032.67191166150369952 1.00000 7 
 fake.rf 1440.00000000 53042.63810270304107064 1.00000 7 
 fake.rf 1440.00000000 53052.64525190338314786 1.00000 7 
 fake.rf 1440.00000000 53062.60868471556513626 1.00000 7 
 fake.rf 1440.00000000 53072.53215806096807228 1.00000 7 
 fake.rf 1440.00000000 53082.53586871394373148 1.00000 7 
 fake.rf 1440.00000000 53092.51095912009653688 1.00000 7 
 fake.rf 1440.00000000 53102.45154815626314360 1.00000 7 
 fake.rf 1440.00000000 53112.45365752227773726 1.00000 7 
 fake.rf 1440.00000000 53122.44343018142660284 1.00000 7 
 fake.rf 1440.00000000 53132.42534518790674980 1.00000 7 
 fake.rf 1440.00000000 53142.35606109952174947 1.00000 7 
 fake.rf 1440.00000000 53152.32514244725628316 1.00000 7 
 fake.rf 1440.00000000 53162.34687914772442241 1.00000 7 
 fake.rf 1440.00000000 53172.28090389630225587 1.00000 7 
 fake.rf 1440.00000000 53182.26282347855630306 1.00000 7 
 fake.rf 1440.00000000 53192.20670984290174488 1.00000 7 
 fake.rf 1440.00000000 53202.18889564913065726 1.00000 7 
 fake.rf 1440.00000000 53212.20709504256275224 1.00000 7 
 fake.rf 1440.00000000 53222.17614417949587491 1.00000 7 
 fake.rf 1440.00000000 53232.12579321190575143 1.00000 7 
 fake.rf 1440.00000000 53242.12992776027223485 1.00000 7 
 fake.rf 1440.00000000 53252.10120844278464602 1.00000 7 
 fake.rf 1440.00000000 53262.05538712453062189 1.00000 7 
 fake.rf 1440.00000000 53272.03105239047216557 1.00000 7 
 fake.rf 1440.00000000 53281.95315737171450721 1.00000 7 
 fake.rf 1440.00000000 53291.92780392823506475 1.00000 7 
 fake.rf 1440.00000000 53301.92436533564958268 1.00000 7 
 fake.rf 1440.00000000 53311.87916666537857679 1.00000 7 
 fake.rf 1440.00000000 53321.85342069837540180 1.00000 7 
 fake.rf 1440.00000000 53331.85295413753434346 1.00000 7 
 fake.rf 1440.00000000 53341.83907503275959883 1.00000 7 
 fake.rf 1440.00000000 53351.80682439015915719 1.00000 7 
 fake.rf 1440.00000000 53361.75747802923613961 1.00000 7 
 fake.rf 1440.00000000 53371.73433608297221298 1.00000 7 
 fake.rf 1440.00000000 53381.73619644244265103 1.00000 7 
 fake.rf 1440.00000000 53391.71786515510148874 1.00000 7 
 fake.rf 1440.00000000 53401.69711788360541505 1.00000 7 
 fake.rf 1440.00000000 53411.66687159785182004 1.00000 7 
 fake.rf 1440.00000000 53421.59462069889258728 1.00000 7 
 fake.rf 1440.00000000 53431.59095046878853807 1.00000 7 
 fake.rf 1440.00000000 53441.56992352796073220 1.00000 7 
 fake.rf 1440.00000000 53451.53902617818490128 1.00000 7 
 fake.rf 1440.00000000 53461.53174159131114607 1.00000 7 
 fake.rf 1440.00000000 53471.47642231785251354 1.00000 7 
 fake.rf 1440.00000000 53481.40685406832468729 1.00000 7 
 fake.rf 1440.00000000 53491.40879345835039871 1.00000 7 
 fake.rf 1440.00000000 53501.40799818030096802 1.00000 7 
 fake.rf 1440.00000000 53511.34792011348310226 1.00000 7 
 fake.rf 1440.00000000 53521.31202983792102401 1.00000 7 
 fake.rf 1440.00000000 53531.30758809245751806 1.00000 7 
 fake.rf 1440.00000000 53541.30779661743688180 1.00000 7 
 fake.rf 1440.00000000 53551.22001191669384923 1.00000 7 
 fake.rf 1440.00000000 53561.21415521641222313 1.00000 7 
 fake.rf 1440.00000000 53571.19584673092184346 1.00000 7 
 fake.rf 1440.00000000 53581.19436499149307096 1.00000 7 
 fake.rf 1440.00000000 53591.13791758480755689 1.00000 7 
 fake.rf 1440.00000000 53601.12156001255871374 1.00000 7 
 fake.rf 1440.00000000 53611.06061073519695270 1.00000 7 
 fake.rf 1440.00000000 53621.06960227120836748 1.00000 7 
 fake.rf 1440.00000000 53631.05480304413174153 1.00000 7 
 fake.rf 1440.00000000 53641.02069154338020596 1.00000 7 
 fake.rf 1440.00000000 53650.95977498836712982 1.00000 7 
 fake.rf 1440.00000000 53660.94002949409998138 1.00000 7 
