FORMAT 1
MODE 1
 fake.rf 1440.00000000 50000.93754968857610876 1.00000 7 
 fake.rf 1440.00000000 50010.94739572013143913 1.00000 7 
 fake.rf 1440.00000000 50020.88769841022208951 1.00000 7 
 fake.rf 1440.00000000 50030.85911562123132512 1.00000 7 
 fake.rf 1440.00000000 50040.82237729806978521 1.00000 7 
 fake.rf 1440.00000000 50050.85458113666201285 1.00000 7 
 fake.rf 1440.00000000 50060.81580405622562324 1.00000 7 
 fake.rf 1440.00000000 50070.75241588369268086 1.00000 7 
 fake.rf 1440.00000000 50080.76598277250494817 1.00000 7 
 fake.rf 1440.00000000 50090.71566216289476614 1.00000 7 
 fake.rf 1440.00000000 50100.69473898114336663 1.00000 7 
 fake.rf 1440.00000000 50110.65481172097674190 1.00000 7 
 fake.rf 1440.00000000 50120.64951460109138992 1.00000 7 
 fake.rf 1440.00000000 50130.60982557449478136 1.00000 7 
 fake.rf 1440.00000000 50140.54595218623574837 1.00000 7 
 fake.rf 1440.00000000 50150.52165075388244375 1.00000 7 
 fake.rf 1440.00000000 50160.51771993235741931 1.00000 7 
 fake.rf 1440.00000000 50170.48361700663609852 1.00000 7 
 fake.rf 1440.00000000 50180.50428705242043392 1.00000 7 
 fake.rf 1440.00000000 50190.43820231077470950 1.00000 7 
 fake.rf 1440.00000000 50200.46012021330247066 1.00000 7 
 fake.rf 1440.00000000 50210.41393375589151660 1.00000 7 
 fake.rf 1440.00000000 50220.39543402030385622 1.00000 7 
 fake.rf 1440.00000000 50230.31255100644030875 1.00000 7 
 fake.rf 1440.00000000 50240.33920465371245001 1.00000 7 
 fake.rf 1440.00000000 50250.29154496953464459 1.00000 7 
 fake.rf 1440.00000000 50260.28683679572780818 1.00000 7 
 fake.rf 1440.00000000 50270.26128092063608577 1.00000 7 
 fake.rf 1440.00000000 50280.15980027776114269 1.00000 7 
 fake.rf 1440.00000000 50290.19755166434567784 1.00000 7 
 fake.rf 1440.00000000 50300.14569091801033807 1.00000 7 
 fake.rf 1440.00000000 50310.09120489789711783 1.00000 7 
 fake.rf 1440.00000000 50320.08277341890476819 1.00000 7 
 fake.rf 1440.00000000 50330.08185298312081812 1.00000 7 
 fake.rf 1440.00000000 50340.02608857793600805 1.00000 7 
 fake.rf 1440.00000000 50350.00822305552605229 1.00000 7 
 fake.rf 1440.00000000 50359.98347739568464476 1.00000 7 
 fake.rf 1440.00000000 50369.91624032811513700 1.00000 7 
 fake.rf 1440.00000000 50379.94562428548068311 1.00000 7 
 fake.rf 1440.00000000 50389.87841657254785588 1.00000 7 
 fake.rf 1440.00000000 50399.87149649330957146 1.00000 7 
 fake.rf 1440.00000000 50409.82392818573112692 1.00000 7 
 fake.rf 1440.00000000 50419.82743100305155437 1.00000 7 
 fake.rf 1440.00000000 50429.75918481666457183 1.00000 7 
 fake.rf 1440.00000000 50439.78256509406259056 1.00000 7 
 fake.rf 1440.00000000 50449.74949874721760779 1.00000 7 
 fake.rf 1440.00000000 50459.68425571433662569 1.00000 7 
 fake.rf 1440.00000000 50469.64767607817389461 1.00000 7 
 fake.rf 1440.00000000 50479.69114438819598334 1.00000 7 
 fake.rf 1440.00000000 50489.59054244920703880 1.00000 7 
 fake.rf 1440.00000000 50499.59851563709926126 1.00000 7 
 fake.rf 1440.00000000 50509.60787305038181572 1.00000 7 
 fake.rf 1440.00000000 50519.57172213500683355 1.00000 7 
 fake.rf 1440.00000000 50529.50516670558604204 1.00000 7 
 fake.rf 1440.00000000 50539.45894535834045058 1.00000 7 
 fake.rf 1440.00000000 50549.47675256680907196 1.00000 7 
 fake.rf 1440.00000000 50559.47317511704151016 1.00000 7 
 fake.rf 1440.00000000 50569.44954974801790470 1.00000 7 
 fake.rf 1440.00000000 50579.38577225567468076 1.00000 7 
 fake.rf 1440.00000000 50589.39135168411757348 1.00000 7 
 fake.rf 1440.00000000 50599.34944866123396778 1.00000 7 
 fake.rf 1440.00000000 50609.26111491945034260 1.00000 7 
 fake.rf 1440.00000000 50619.23951275181279996 1.00000 7 
 fake.rf 1440.00000000 50629.21648243737721273 1.00000 7 
 fake.rf 1440.00000000 50639.23786586815446142 1.00000 7 
 fake.rf 1440.00000000 50649.18780358998062852 1.00000 7 
 fake.rf 1440.00000000 50659.17421217420204727 1.00000 7 
 fake.rf 1440.00000000 50669.11482086482346787 1.00000 7 
 fake.rf 1440.00000000 50679.10815935704270174 1.00000 7 
 fake.rf 1440.00000000 50689.06792272936624144 1.00000 7 
 fake.rf 1440.00000000 50699.05196141802065668 1.00000 7 
 fake.rf 1440.00000000 50709.06568427650917030 1.00000 7 
 fake.rf 1440.00000000 50719.00518361689518443 1.00000 7 
 fake.rf 1440.00000000 50728.93669613113794270 1.00000 7 
 fake.rf 1440.00000000 50738.90947714199252161 1.00000 7 
 fake.rf 1440.00000000 50748.89966094721924250 1.00000 7 
 fake.rf 1440.00000000 50758.90874493692886205 1.00000 7 
 fake.rf 1440.00000000 50768.84358713092520077 1.00000 7 
 fake.rf 1440.00000000 50778.82449569513765297 1.00000 7 
 fake.rf 1440.00000000 50788.82101889463464772 1.00000 7 
 fake.rf 1440.00000000 50798.76589687570942999 1.00000 7 
 fake.rf 1440.00000000 50808.78208317789980697 1.00000 7 
 fake.rf 1440.00000000 50818.73193471998018467 1.00000 7 
 fake.rf 1440.00000000 50828.66796615536927817 1.00000 7 
 fake.rf 1440.00000000 50838.64490132778778531 1.00000 7 
 fake.rf 1440.00000000 50848.65916894072288201 1.00000 7 
 fake.rf 1440.00000000 50858.64031195807335806 1.00000 7 
 fake.rf 1440.00000000 50868.55764063003837094 1.00000 7 
 fake.rf 1440.00000000 50878.57558726477961386 1.00000 7 
 fake.rf 1440.00000000 50888.52025710734794473 1.00000 7 
 fake.rf 1440.00000000 50898.47046964979201533 1.00000 7 
 fake.rf 1440.00000000 50908.47381762631200885 1.00000 7 
 fake.rf 1440.00000000 50918.44079128373776300 1.00000 7 
 fake.rf 1440.00000000 50928.39670603130635484 1.00000 7 
 fake.rf 1440.00000000 50938.40432805736657329 1.00000 7 
 fake.rf 1440.00000000 50948.33665614966208324 1.00000 7 
 fake.rf 1440.00000000 50958.35314638044643942 1.00000 7 
 fake.rf 1440.00000000 50968.29114778003360087 1.00000 7 
 fake.rf 1440.00000000 50978.27472251018885885 1.00000 7 
 fake.rf 1440.00000000 50988.22852196638845257 1.00000 7 
 fake.rf 1440.00000000 50998.23692440442748364 1.00000 7 
 fake.rf 1440.00000000 51008.23184234537929171 1.00000 7 
 fake.rf 1440.00000000 51018.14333571618160690 1.00000 7 
 fake.rf 1440.00000000 51028.11854159979479206 1.00000 7 
 fake.rf 1440.00000000 51038.15560965396309356 1.00000 7 
 fake.rf 1440.00000000 51048.06718847238109404 1.00000 7 
 fake.rf 1440.00000000 51058.05988261051713906 1.00000 7 
 fake.rf 1440.00000000 51068.05000562391088081 1.00000 7 
 fake.rf 1440.00000000 51078.00706422592504907 1.00000 7 
 fake.rf 1440.00000000 51088.00797144626950796 1.00000 7 
 fake.rf 1440.00000000 51097.93858844949440368 1.00000 7 
 fake.rf 1440.00000000 51107.95116294576424565 1.00000 7 
 fake.rf 1440.00000000 51117.91222720063450780 1.00000 7 
 fake.rf 1440.00000000 51127.90333344626871792 1.00000 7 
 fake.rf 1440.00000000 51137.87924354373932800 1.00000 7 
 fake.rf 1440.00000000 51147.84454749717616195 1.00000 7 
 fake.rf 1440.00000000 51157.79389243640608953 1.00000 7 
 fake.rf 1440.00000000 51167.77824981112649994 1.00000 7 
 fake.rf 1440.00000000 51177.77152016272668078 1.00000 7 
 fake.rf 1440.00000000 51187.68278260341754304 1.00000 7 
 fake.rf 1440.00000000 51197.72244774466581063 1.00000 7 
 fake.rf 1440.00000000 51207.69323467775001291 1.00000 7 
 fake.rf 1440.00000000 51217.63514963114701217 1.00000 7 
 fake.rf 1440.00000000 51227.58575934507586425 1.00000 7 
 fake.rf 1440.00000000 51237.53976531573558617 1.00000 7 
 fake.rf 1440.00000000 51247.51660675555734059 1.00000 7 
 fake.rf 1440.00000000 51257.51018232263673724 1.00000 7 
 fake.rf 1440.00000000 51267.50798272614166606 1.00000 7 
 fake.rf 1440.00000000 51277.45012970696010512 1.00000 7 
 fake.rf 1440.00000000 51287.45458447708956840 1.00000 7 
 fake.rf 1440.00000000 51297.43348865782377644 1.00000 7 
 fake.rf 1440.00000000 51307.41134254659948866 1.00000 7 
 fake.rf 1440.00000000 51317.35468603857843561 1.00000 7 
 fake.rf 1440.00000000 51327.35572131242575367 1.00000 7 
 fake.rf 1440.00000000 51337.33608556989897664 1.00000 7 
 fake.rf 1440.00000000 51347.26046789318980146 1.00000 7 
 fake.rf 1440.00000000 51357.28371974741283523 1.00000 7 
 fake.rf 1440.00000000 51367.20074913565810348 1.00000 7 
 fake.rf 1440.00000000 51377.22589222526559993 1.00000 7 
 fake.rf 1440.00000000 51387.15017369496967348 1.00000 7 
 fake.rf 1440.00000000 51397.17874795225595719 1.00000 7 
 fake.rf 1440.00000000 51407.07847901029704474 1.00000 7 
 fake.rf 1440.00000000 51417.12597260805921806 1.00000 7 
 fake.rf 1440.00000000 51427.05958208397868248 1.00000 7 
 fake.rf 1440.00000000 51437.06105712061003388 1.00000 7 
 fake.rf 1440.00000000 51447.02843188815539932 1.00000 7 
 fake.rf 1440.00000000 51456.95464960174729185 1.00000 7 
 fake.rf 1440.00000000 51466.93277383070162045 1.00000 7 
 fake.rf 1440.00000000 51476.91181044169677250 1.00000 7 
 fake.rf 1440.00000000 51486.85860256993722217 1.00000 7 
 fake.rf 1440.00000000 51496.85862707021521345 1.00000 7 
 fake.rf 1440.00000000 51506.82129984218947172 1.00000 7 
 fake.rf 1440.00000000 51516.84951663309694680 1.00000 7 
 fake.rf 1440.00000000 51526.81876053093266066 1.00000 7 
 fake.rf 1440.00000000 51536.75934711674898736 1.00000 7 
 fake.rf 1440.00000000 51546.76887428310479677 1.00000 7 
 fake.rf 1440.00000000 51556.74226372838296228 1.00000 7 
 fake.rf 1440.00000000 51566.70373050616570509 1.00000 7 
 fake.rf 1440.00000000 51576.65502905406409084 1.00000 7 
 fake.rf 1440.00000000 51586.59786988752259518 1.00000 7 
 fake.rf 1440.00000000 51596.59109543504698081 1.00000 7 
 fake.rf 1440.00000000 51606.54860255580682349 1.00000 7 
 fake.rf 1440.00000000 51616.57993511208435322 1.00000 7 
 fake.rf 1440.00000000 51626.54380838281082688 1.00000 7 
 fake.rf 1440.00000000 51636.44632190564539087 1.00000 7 
 fake.rf 1440.00000000 51646.48532295246454993 1.00000 7 
 fake.rf 1440.00000000 51656.40088303735157282 1.00000 7 
 fake.rf 1440.00000000 51666.43728594338147175 1.00000 7 
 fake.rf 1440.00000000 51676.33728751693317705 1.00000 7 
 fake.rf 1440.00000000 51686.38862821455572316 1.00000 7 
 fake.rf 1440.00000000 51696.29328362680471898 1.00000 7 
 fake.rf 1440.00000000 51706.33249696123207428 1.00000 7 
 fake.rf 1440.00000000 51716.31087320400508744 1.00000 7 
 fake.rf 1440.00000000 51726.20699324815586451 1.00000 7 
 fake.rf 1440.00000000 51736.20712031121385976 1.00000 7 
 fake.rf 1440.00000000 51746.21427608522184727 1.00000 7 
 fake.rf 1440.00000000 51756.18840832242833017 1.00000 7 
 fake.rf 1440.00000000 51766.14205742885521744 1.00000 7 
 fake.rf 1440.00000000 51776.07130849965463071 1.00000 7 
 fake.rf 1440.00000000 51786.05178176784290756 1.00000 7 
 fake.rf 1440.00000000 51796.06286074605969816 1.00000 7 
 fake.rf 1440.00000000 51806.01944059281018440 1.00000 7 
 fake.rf 1440.00000000 51815.98989094049249715 1.00000 7 
 fake.rf 1440.00000000 51825.97315776732619597 1.00000 7 
 fake.rf 1440.00000000 51835.92628565586304035 1.00000 7 
 fake.rf 1440.00000000 51845.94796038898559232 1.00000 7 
 fake.rf 1440.00000000 51855.88472530048889197 1.00000 7 
 fake.rf 1440.00000000 51865.83854721584121350 1.00000 7 
 fake.rf 1440.00000000 51875.84899273971397804 1.00000 7 
 fake.rf 1440.00000000 51885.76436057366388965 1.00000 7 
 fake.rf 1440.00000000 51895.77166115977898286 1.00000 7 
 fake.rf 1440.00000000 51905.71930318942872162 1.00000 7 
 fake.rf 1440.00000000 51915.70281584455071311 1.00000 7 
 fake.rf 1440.00000000 51925.68541988909012375 1.00000 7 
 fake.rf 1440.00000000 51935.70757293638984464 1.00000 7 
 fake.rf 1440.00000000 51945.62090351722996218 1.00000 7 
 fake.rf 1440.00000000 51955.58647956230033316 1.00000 7 
 fake.rf 1440.00000000 51965.55149689787480582 1.00000 7 
 fake.rf 1440.00000000 51975.52853480033002143 1.00000 7 
 fake.rf 1440.00000000 51985.50474995241067333 1.00000 7 
 fake.rf 1440.00000000 51995.46507912410567442 1.00000 7 
 fake.rf 1440.00000000 52005.45741009629487550 1.00000 7 
 fake.rf 1440.00000000 52015.41680957777580829 1.00000 7 
 fake.rf 1440.00000000 52025.38281934950726892 1.00000 7 
 fake.rf 1440.00000000 52035.38190803569156628 1.00000 7 
 fake.rf 1440.00000000 52045.36873887306386521 1.00000 7 
 fake.rf 1440.00000000 52055.36920863324156272 1.00000 7 
 fake.rf 1440.00000000 52065.28640075327006187 1.00000 7 
 fake.rf 1440.00000000 52075.25418504872218506 1.00000 7 
 fake.rf 1440.00000000 52085.29454343374046488 1.00000 7 
 fake.rf 1440.00000000 52095.21951305648116914 1.00000 7 
 fake.rf 1440.00000000 52105.22568075349918004 1.00000 7 
 fake.rf 1440.00000000 52115.16659010776223937 1.00000 7 
 fake.rf 1440.00000000 52125.17264767654968338 1.00000 7 
 fake.rf 1440.00000000 52135.10605295833002160 1.00000 7 
 fake.rf 1440.00000000 52145.11072811822837991 1.00000 7 
 fake.rf 1440.00000000 52155.08243132728293645 1.00000 7 
 fake.rf 1440.00000000 52165.06323943643316099 1.00000 7 
 fake.rf 1440.00000000 52175.04904056726050854 1.00000 7 
 fake.rf 1440.00000000 52184.97516040649963998 1.00000 7 
 fake.rf 1440.00000000 52194.98197390834851106 1.00000 7 
 fake.rf 1440.00000000 52204.91904664318964890 1.00000 7 
 fake.rf 1440.00000000 52214.90344618285962852 1.00000 7 
 fake.rf 1440.00000000 52224.83774361714410972 1.00000 7 
 fake.rf 1440.00000000 52234.86805779189295151 1.00000 7 
 fake.rf 1440.00000000 52244.81858150428796606 1.00000 7 
 fake.rf 1440.00000000 52254.77684699362715648 1.00000 7 
 fake.rf 1440.00000000 52264.80004170690414256 1.00000 7 
 fake.rf 1440.00000000 52274.74288710001189528 1.00000 7 
 fake.rf 1440.00000000 52284.70549478843007662 1.00000 7 
 fake.rf 1440.00000000 52294.64887553117936037 1.00000 7 
 fake.rf 1440.00000000 52304.66268784037787043 1.00000 7 
 fake.rf 1440.00000000 52314.64493076856272324 1.00000 7 
 fake.rf 1440.00000000 52324.57501534881223648 1.00000 7 
 fake.rf 1440.00000000 52334.58214198280266771 1.00000 7 
 fake.rf 1440.00000000 52344.59077781316711864 1.00000 7 
 fake.rf 1440.00000000 52354.53499749450020673 1.00000 7 
 fake.rf 1440.00000000 52364.48656495264997091 1.00000 7 
 fake.rf 1440.00000000 52374.43969703007093841 1.00000 7 
 fake.rf 1440.00000000 52384.46233881019728784 1.00000 7 
 fake.rf 1440.00000000 52394.39823572651164341 1.00000 7 
 fake.rf 1440.00000000 52404.38697513189870136 1.00000 7 
 fake.rf 1440.00000000 52414.35975544999405074 1.00000 7 
 fake.rf 1440.00000000 52424.34719936709149124 1.00000 7 
 fake.rf 1440.00000000 52434.28596747566922787 1.00000 7 
 fake.rf 1440.00000000 52444.30279062846162219 1.00000 7 
 fake.rf 1440.00000000 52454.23888069854823968 1.00000 7 
 fake.rf 1440.00000000 52464.25998968034209113 1.00000 7 
 fake.rf 1440.00000000 52474.20159196475897190 1.00000 7 
 fake.rf 1440.00000000 52484.15078772027703025 1.00000 7 
 fake.rf 1440.00000000 52494.12532062716031334 1.00000 7 
 fake.rf 1440.00000000 52504.10104094870224145 1.00000 7 
 fake.rf 1440.00000000 52514.09794697180255696 1.00000 7 
 fake.rf 1440.00000000 52524.08418391249666968 1.00000 7 
 fake.rf 1440.00000000 52534.02150585174300090 1.00000 7 
 fake.rf 1440.00000000 52543.99269729582359290 1.00000 7 
 fake.rf 1440.00000000 52553.95676196840480543 1.00000 7 
 fake.rf 1440.00000000 52563.96298717630006436 1.00000 7 
 fake.rf 1440.00000000 52573.90134410145760668 1.00000 7 
 fake.rf 1440.00000000 52583.91889195714222183 1.00000 7 
 fake.rf 1440.00000000 52593.83169582036305201 1.00000 7 
 fake.rf 1440.00000000 52603.82407137153065690 1.00000 7 
 fake.rf 1440.00000000 52613.79940245872968418 1.00000 7 
 fake.rf 1440.00000000 52623.80508698342274698 1.00000 7 
 fake.rf 1440.00000000 52633.75485130133155920 1.00000 7 
 fake.rf 1440.00000000 52643.76461333120624175 1.00000 7 
 fake.rf 1440.00000000 52653.72290457278116094 1.00000 7 
 fake.rf 1440.00000000 52663.64419304734208538 1.00000 7 
 fake.rf 1440.00000000 52673.63282699414438426 1.00000 7 
 fake.rf 1440.00000000 52683.65488796799744975 1.00000 7 
 fake.rf 1440.00000000 52693.62612240903085592 1.00000 7 
 fake.rf 1440.00000000 52703.57795758642640394 1.00000 7 
 fake.rf 1440.00000000 52713.53272913562820179 1.00000 7 
 fake.rf 1440.00000000 52723.50404812921137676 1.00000 7 
 fake.rf 1440.00000000 52733.47063157369490938 1.00000 7 
 fake.rf 1440.00000000 52743.47480882458541629 1.00000 7 
 fake.rf 1440.00000000 52753.40692199813748786 1.00000 7 
 fake.rf 1440.00000000 52763.42023350337504439 1.00000 7 
 fake.rf 1440.00000000 52773.38949047005658599 1.00000 7 
 fake.rf 1440.00000000 52783.37384381392878296 1.00000 7 
 fake.rf 1440.00000000 52793.28032176976427081 1.00000 7 
 fake.rf 1440.00000000 52803.33474952073917663 1.00000 7 
 fake.rf 1440.00000000 52813.23879418760858684 1.00000 7 
 fake.rf 1440.00000000 52823.25281584749556529 1.00000 7 
 fake.rf 1440.00000000 52833.23745126377075465 1.00000 7 
 fake.rf 1440.00000000 52843.18945567498262150 1.00000 7 
 fake.rf 1440.00000000 52853.11863964963735896 1.00000 7 
 fake.rf 1440.00000000 52863.09464424010562666 1.00000 7 
 fake.rf 1440.00000000 52873.08017800631630578 1.00000 7 
 fake.rf 1440.00000000 52883.05835677733622902 1.00000 7 
 fake.rf 1440.00000000 52893.07921350636893010 1.00000 7 
 fake.rf 1440.00000000 52903.00485559700587501 1.00000 7 
 fake.rf 1440.00000000 52913.00271403939208881 1.00000 7 
 fake.rf 1440.00000000 52922.94287297439834816 1.00000 7 
 fake.rf 1440.00000000 52932.90150380185301771 1.00000 7 
 fake.rf 1440.00000000 52942.87643097185536334 1.00000 7 
 fake.rf 1440.00000000 52952.85365625512392285 1.00000 7 
 fake.rf 1440.00000000 52962.88121600349627727 1.00000 7 
 fake.rf 1440.00000000 52972.80473590426290542 1.00000 7 
 fake.rf 1440.00000000 52982.79789960441850027 1.00000 7 
 fake.rf 1440.00000000 52992.79149135011587290 1.00000 7 
 fake.rf 1440.00000000 53002.71355008218705507 1.00000 7 
 fake.rf 1440.00000000 53012.68585304937674607 1.00000 7 
 fake.rf 1440.00000000 53022.66152082942850399 1.00000 7 
 fake.rf 1440.00000000 53032.66553602450410310 1.00000 7 
 fake.rf 1440.00000000 53042.63172700212632549 1.00000 7 
 fake.rf 1440.00000000 53052.63887636412968973 1.00000 7 
 fake.rf 1440.00000000 53062.60230904459884727 1.00000 7 
 fake.rf 1440.00000000 53072.52578253231043348 1.00000 7 
 fake.rf 1440.00000000 53082.52949318834894044 1.00000 7 
 fake.rf 1440.00000000 53092.50458351654692279 1.00000 7 
 fake.rf 1440.00000000 53102.44517249943876536 1.00000 7 
 fake.rf 1440.00000000 53112.44728198729832158 1.00000 7 
 fake.rf 1440.00000000 53122.43705456447171187 1.00000 7 
 fake.rf 1440.00000000 53132.41896959141945800 1.00000 7 
 fake.rf 1440.00000000 53142.34968544362676113 1.00000 7 
 fake.rf 1440.00000000 53152.31876686286262768 1.00000 7 
 fake.rf 1440.00000000 53162.34050343479367484 1.00000 7 
 fake.rf 1440.00000000 53172.27452837958026066 1.00000 7 
 fake.rf 1440.00000000 53182.25644789007746382 1.00000 7 
 fake.rf 1440.00000000 53192.20033416919942937 1.00000 7 
 fake.rf 1440.00000000 53202.18251998464119978 1.00000 7 
 fake.rf 1440.00000000 53212.20071943960252980 1.00000 7 
 fake.rf 1440.00000000 53222.16976852041879908 1.00000 7 
 fake.rf 1440.00000000 53232.11941762532740441 1.00000 7 
 fake.rf 1440.00000000 53242.12355210187795507 1.00000 7 
 fake.rf 1440.00000000 53252.09483287608313873 1.00000 7 
 fake.rf 1440.00000000 53262.04901150806741228 1.00000 7 
 fake.rf 1440.00000000 53272.02467672976031920 1.00000 7 
 fake.rf 1440.00000000 53281.94678178883513198 1.00000 7 
 fake.rf 1440.00000000 53291.92142840590609865 1.00000 7 
 fake.rf 1440.00000000 53301.91798970857517759 1.00000 7 
 fake.rf 1440.00000000 53311.87279100416066768 1.00000 7 
 fake.rf 1440.00000000 53321.84704513516408397 1.00000 7 
 fake.rf 1440.00000000 53331.84657846348890686 1.00000 7 
 fake.rf 1440.00000000 53341.83269939119547587 1.00000 7 
 fake.rf 1440.00000000 53351.80044886686398797 1.00000 7 
 fake.rf 1440.00000000 53361.75110247414768594 1.00000 7 
 fake.rf 1440.00000000 53371.72796055494679379 1.00000 7 
 fake.rf 1440.00000000 53381.72982091851751818 1.00000 7 
 fake.rf 1440.00000000 53391.71148962960610618 1.00000 7 
 fake.rf 1440.00000000 53401.69074232805171221 1.00000 7 
 fake.rf 1440.00000000 53411.66049604218881086 1.00000 7 
 fake.rf 1440.00000000 53421.58824518354922262 1.00000 7 
 fake.rf 1440.00000000 53431.58457481386416532 1.00000 7 
 fake.rf 1440.00000000 53441.56354794185982016 1.00000 7 
 fake.rf 1440.00000000 53451.53265051337969282 1.00000 7 
 fake.rf 1440.00000000 53461.52536595096971084 1.00000 7 
 fake.rf 1440.00000000 53471.47004678862619542 1.00000 7 
 fake.rf 1440.00000000 53481.40047839259000995 1.00000 7 
 fake.rf 1440.00000000 53491.40241787773551962 1.00000 7 
 fake.rf 1440.00000000 53501.40162258356333069 1.00000 7 
 fake.rf 1440.00000000 53511.34154453574420529 1.00000 7 
 fake.rf 1440.00000000 53521.30565414306560967 1.00000 7 
 fake.rf 1440.00000000 53531.30121251821807959 1.00000 7 
 fake.rf 1440.00000000 53541.30142110568365510 1.00000 7 
 fake.rf 1440.00000000 53551.21363639166445836 1.00000 7 
 fake.rf 1440.00000000 53561.20777968877230890 1.00000 7 
 fake.rf 1440.00000000 53571.18947106717084949 1.00000 7 
 fake.rf 1440.00000000 53581.18798945497094266 1.00000 7 
 fake.rf 1440.00000000 53591.13154202031994089 1.00000 7 
 fake.rf 1440.00000000 53601.11518448552408600 1.00000 7 
 fake.rf 1440.00000000 53611.05423515810900525 1.00000 7 
 fake.rf 1440.00000000 53621.06322672751399239 1.00000 7 
 fake.rf 1440.00000000 53631.04842744415945788 1.00000 7 
 fake.rf 1440.00000000 53641.01431585507102540 1.00000 7 
 fake.rf 1440.00000000 53650.95339944583163216 1.00000 7 
 fake.rf 1440.00000000 53660.93365381214655940 1.00000 7 
