FORMAT 1
MODE 1
 fake.rf 1440.00000000 50000.97094646323356315 1.00000 7 
 fake.rf 1440.00000000 50010.98079252645183246 1.00000 7 
 fake.rf 1440.00000000 50020.92109516281072246 1.00000 7 
 fake.rf 1440.00000000 50030.89251243947848735 1.00000 7 
 fake.rf 1440.00000000 50040.85577415982623961 1.00000 7 
 fake.rf 1440.00000000 50050.88797783265506069 1.00000 7 
 fake.rf 1440.00000000 50060.84920089253168030 1.00000 7 
 fake.rf 1440.00000000 50070.78581264577233156 1.00000 7 
 fake.rf 1440.00000000 50080.79937953809361417 1.00000 7 
 fake.rf 1440.00000000 50090.74905894077800639 1.00000 7 
 fake.rf 1440.00000000 50100.72813569490038077 1.00000 7 
 fake.rf 1440.00000000 50110.68820854756175365 1.00000 7 
 fake.rf 1440.00000000 50120.68291139482576213 1.00000 7 
 fake.rf 1440.00000000 50130.64322237951611783 1.00000 7 
 fake.rf 1440.00000000 50140.57934897973801114 1.00000 7 
 fake.rf 1440.00000000 50150.55504753305942600 1.00000 7 
 fake.rf 1440.00000000 50160.55111681296380155 1.00000 7 
 fake.rf 1440.00000000 50170.51701368630189393 1.00000 7 
 fake.rf 1440.00000000 50180.53768387768469950 1.00000 7 
 fake.rf 1440.00000000 50190.47159903323862196 1.00000 7 
 fake.rf 1440.00000000 50200.49351706981234855 1.00000 7 
 fake.rf 1440.00000000 50210.44733056193104659 1.00000 7 
 fake.rf 1440.00000000 50220.42883081091123287 1.00000 7 
 fake.rf 1440.00000000 50230.34594772348778946 1.00000 7 
 fake.rf 1440.00000000 50240.37260149914160934 1.00000 7 
 fake.rf 1440.00000000 50250.32494175384306345 1.00000 7 
 fake.rf 1440.00000000 50260.32023355253847541 1.00000 7 
 fake.rf 1440.00000000 50270.29467769602017668 1.00000 7 
 fake.rf 1440.00000000 50280.19319705393398579 1.00000 7 
 fake.rf 1440.00000000 50290.23094838315824617 1.00000 7 
 fake.rf 1440.00000000 50300.17908773045131454 1.00000 7 
 fake.rf 1440.00000000 50310.12460176514221999 1.00000 7 
 fake.rf 1440.00000000 50320.11617010815580286 1.00000 7 
 fake.rf 1440.00000000 50330.11524979516014611 1.00000 7 
 fake.rf 1440.00000000 50340.05948541351207126 1.00000 7 
 fake.rf 1440.00000000 50350.04161984430620791 1.00000 7 
 fake.rf 1440.00000000 50360.01687420938588957 1.00000 7 
 fake.rf 1440.00000000 50369.94963719113945899 1.00000 7 
 fake.rf 1440.00000000 50379.97902103667678730 1.00000 7 
 fake.rf 1440.00000000 50389.91181331736587623 1.00000 7 
 fake.rf 1440.00000000 50399.90489338019015619 1.00000 7 
 fake.rf 1440.00000000 50409.85732497379340700 1.00000 7 
 fake.rf 1440.00000000 50419.86082770711668388 1.00000 7 
 fake.rf 1440.00000000 50429.79258165807435432 1.00000 7 
 fake.rf 1440.00000000 50439.81596186955598071 1.00000 7 
 fake.rf 1440.00000000 50449.78289558600578246 1.00000 7 
 fake.rf 1440.00000000 50459.71765239892793531 1.00000 7 
 fake.rf 1440.00000000 50469.68107291759416455 1.00000 7 
 fake.rf 1440.00000000 50479.72454118158777447 1.00000 7 
 fake.rf 1440.00000000 50489.62393917092841633 1.00000 7 
 fake.rf 1440.00000000 50499.63191249724755139 1.00000 7 
 fake.rf 1440.00000000 50509.64126980550076595 1.00000 7 
 fake.rf 1440.00000000 50519.60511895308129127 1.00000 7 
 fake.rf 1440.00000000 50529.53856352339878910 1.00000 7 
 fake.rf 1440.00000000 50539.49234206764375443 1.00000 7 
 fake.rf 1440.00000000 50549.51014938076140837 1.00000 7 
 fake.rf 1440.00000000 50559.50657182711765714 1.00000 7 
 fake.rf 1440.00000000 50569.48294651123402232 1.00000 7 
 fake.rf 1440.00000000 50579.41916895444906288 1.00000 7 
 fake.rf 1440.00000000 50589.42474846349039908 1.00000 7 
 fake.rf 1440.00000000 50599.38284546862741209 1.00000 7 
 fake.rf 1440.00000000 50609.29451159667422999 1.00000 7 
 fake.rf 1440.00000000 50619.27290942797996820 1.00000 7 
 fake.rf 1440.00000000 50629.24987911505946414 1.00000 7 
 fake.rf 1440.00000000 50639.27126264657330879 1.00000 7 
 fake.rf 1440.00000000 50649.22120042662807649 1.00000 7 
 fake.rf 1440.00000000 50659.20760887066418121 1.00000 7 
 fake.rf 1440.00000000 50669.14821772406253331 1.00000 7 
 fake.rf 1440.00000000 50679.14155618426401517 1.00000 7 
 fake.rf 1440.00000000 50689.10131945256846464 1.00000 7 
 fake.rf 1440.00000000 50699.08535825517306250 1.00000 7 
 fake.rf 1440.00000000 50709.09908108979421471 1.00000 7 
 fake.rf 1440.00000000 50719.03858031165076525 1.00000 7 
 fake.rf 1440.00000000 50728.97009287216585705 1.00000 7 
 fake.rf 1440.00000000 50738.94287398466375194 1.00000 7 
 fake.rf 1440.00000000 50748.93305774444029765 1.00000 7 
 fake.rf 1440.00000000 50758.94214164603440054 1.00000 7 
 fake.rf 1440.00000000 50768.87698392446645457 1.00000 7 
 fake.rf 1440.00000000 50778.85789255797162056 1.00000 7 
 fake.rf 1440.00000000 50788.85441573431437590 1.00000 7 
 fake.rf 1440.00000000 50798.79929367596999157 1.00000 7 
 fake.rf 1440.00000000 50808.81547993612821301 1.00000 7 
 fake.rf 1440.00000000 50818.76533140487983431 1.00000 7 
 fake.rf 1440.00000000 50828.70136285559678768 1.00000 7 
 fake.rf 1440.00000000 50838.67829802376772363 1.00000 7 
 fake.rf 1440.00000000 50848.69256567148153536 1.00000 7 
 fake.rf 1440.00000000 50858.67370877145537378 1.00000 7 
 fake.rf 1440.00000000 50868.59103742558096428 1.00000 7 
 fake.rf 1440.00000000 50878.60898409333516312 1.00000 7 
 fake.rf 1440.00000000 50888.55365395102817416 1.00000 7 
 fake.rf 1440.00000000 50898.50386641961243583 1.00000 7 
 fake.rf 1440.00000000 50908.50721444379427894 1.00000 7 
 fake.rf 1440.00000000 50918.47418811763439805 1.00000 7 
 fake.rf 1440.00000000 50928.43010274995757314 1.00000 7 
 fake.rf 1440.00000000 50938.43772477519726039 1.00000 7 
 fake.rf 1440.00000000 50948.37005294936507127 1.00000 7 
 fake.rf 1440.00000000 50958.38654307249686681 1.00000 7 
 fake.rf 1440.00000000 50968.32454453681382134 1.00000 7 
 fake.rf 1440.00000000 50978.30811924436939009 1.00000 7 
 fake.rf 1440.00000000 50988.26191878814516656 1.00000 7 
 fake.rf 1440.00000000 50998.27032124195800478 1.00000 7 
 fake.rf 1440.00000000 51008.26523902734593818 1.00000 7 
 fake.rf 1440.00000000 51018.17673243782846271 1.00000 7 
 fake.rf 1440.00000000 51028.15193843051133271 1.00000 7 
 fake.rf 1440.00000000 51038.18900646036737001 1.00000 7 
 fake.rf 1440.00000000 51048.10058528203898831 1.00000 7 
 fake.rf 1440.00000000 51058.09327938763416910 1.00000 7 
 fake.rf 1440.00000000 51068.08340234265201829 1.00000 7 
 fake.rf 1440.00000000 51078.04046106027502461 1.00000 7 
 fake.rf 1440.00000000 51088.04136816415935129 1.00000 7 
 fake.rf 1440.00000000 51097.97198526651816408 1.00000 7 
 fake.rf 1440.00000000 51107.98455962598366042 1.00000 7 
 fake.rf 1440.00000000 51117.94562397103671714 1.00000 7 
 fake.rf 1440.00000000 51127.93673024192932175 1.00000 7 
 fake.rf 1440.00000000 51137.91264034084269952 1.00000 7 
 fake.rf 1440.00000000 51147.87794423885810247 1.00000 7 
 fake.rf 1440.00000000 51157.82728915069345987 1.00000 7 
 fake.rf 1440.00000000 51167.81164666845299394 1.00000 7 
 fake.rf 1440.00000000 51177.80491684525197371 1.00000 7 
 fake.rf 1440.00000000 51187.71617947504784496 1.00000 7 
 fake.rf 1440.00000000 51197.75584453620945169 1.00000 7 
 fake.rf 1440.00000000 51207.72663151246535307 1.00000 7 
 fake.rf 1440.00000000 51217.66854644237889005 1.00000 7 
 fake.rf 1440.00000000 51227.61915619939958688 1.00000 7 
 fake.rf 1440.00000000 51237.57316216553721588 1.00000 7 
 fake.rf 1440.00000000 51247.55000343925227213 1.00000 7 
 fake.rf 1440.00000000 51257.54357905130833828 1.00000 7 
 fake.rf 1440.00000000 51267.54137944047536735 1.00000 7 
 fake.rf 1440.00000000 51277.48352655943073231 1.00000 7 
 fake.rf 1440.00000000 51287.48798115145381615 1.00000 7 
 fake.rf 1440.00000000 51297.46688543173106822 1.00000 7 
 fake.rf 1440.00000000 51307.44473930756358726 1.00000 7 
 fake.rf 1440.00000000 51317.38808275120721092 1.00000 7 
 fake.rf 1440.00000000 51327.38911805135818867 1.00000 7 
 fake.rf 1440.00000000 51337.36948229112870123 1.00000 7 
 fake.rf 1440.00000000 51347.29386474277882257 1.00000 7 
 fake.rf 1440.00000000 51357.31711655896682700 1.00000 7 
 fake.rf 1440.00000000 51367.23414591830502118 1.00000 7 
 fake.rf 1440.00000000 51377.25928895863322055 1.00000 7 
 fake.rf 1440.00000000 51387.18357051479866371 1.00000 7 
 fake.rf 1440.00000000 51397.21214465232309720 1.00000 7 
 fake.rf 1440.00000000 51407.11187578833935063 1.00000 7 
 fake.rf 1440.00000000 51417.15936935021000664 1.00000 7 
 fake.rf 1440.00000000 51427.09297885688680552 1.00000 7 
 fake.rf 1440.00000000 51437.09445392086353621 1.00000 7 
 fake.rf 1440.00000000 51447.06182859866952484 1.00000 7 
 fake.rf 1440.00000000 51456.98804628098219283 1.00000 7 
 fake.rf 1440.00000000 51466.96617057973475795 1.00000 7 
 fake.rf 1440.00000000 51476.94520716197211030 1.00000 7 
 fake.rf 1440.00000000 51486.89199935774282224 1.00000 7 
 fake.rf 1440.00000000 51496.89202390830301326 1.00000 7 
 fake.rf 1440.00000000 51506.85469655198108185 1.00000 7 
 fake.rf 1440.00000000 51516.88291342882186541 1.00000 7 
 fake.rf 1440.00000000 51526.85215725703518785 1.00000 7 
 fake.rf 1440.00000000 51536.79274395333155567 1.00000 7 
 fake.rf 1440.00000000 51546.80227109922579487 1.00000 7 
 fake.rf 1440.00000000 51556.77566058245144376 1.00000 7 
 fake.rf 1440.00000000 51566.73712719026641693 1.00000 7 
 fake.rf 1440.00000000 51576.68842574978905091 1.00000 7 
 fake.rf 1440.00000000 51586.63126667167124140 1.00000 7 
 fake.rf 1440.00000000 51596.62449224386318392 1.00000 7 
 fake.rf 1440.00000000 51606.58199938548631636 1.00000 7 
 fake.rf 1440.00000000 51616.61333189365511842 1.00000 7 
 fake.rf 1440.00000000 51626.57720520199124081 1.00000 7 
 fake.rf 1440.00000000 51636.47971867021044545 1.00000 7 
 fake.rf 1440.00000000 51646.51871973444080766 1.00000 7 
 fake.rf 1440.00000000 51656.43427983953948512 1.00000 7 
 fake.rf 1440.00000000 51666.47068273825933105 1.00000 7 
 fake.rf 1440.00000000 51676.37068419539157915 1.00000 7 
 fake.rf 1440.00000000 51686.42202498714481251 1.00000 7 
 fake.rf 1440.00000000 51696.32668045295599768 1.00000 7 
 fake.rf 1440.00000000 51706.36589374274933562 1.00000 7 
 fake.rf 1440.00000000 51716.34426998564203259 1.00000 7 
 fake.rf 1440.00000000 51726.24039001688985451 1.00000 7 
 fake.rf 1440.00000000 51736.24051712233490719 1.00000 7 
 fake.rf 1440.00000000 51746.24767276868229260 1.00000 7 
 fake.rf 1440.00000000 51756.22180517188956372 1.00000 7 
 fake.rf 1440.00000000 51766.17545426702002231 1.00000 7 
 fake.rf 1440.00000000 51776.10470523341893667 1.00000 7 
 fake.rf 1440.00000000 51786.08517853417533772 1.00000 7 
 fake.rf 1440.00000000 51796.09625751921343451 1.00000 7 
 fake.rf 1440.00000000 51806.05283739199471071 1.00000 7 
 fake.rf 1440.00000000 51816.02328764548055773 1.00000 7 
 fake.rf 1440.00000000 51826.00655448598512720 1.00000 7 
 fake.rf 1440.00000000 51835.95968249768548830 1.00000 7 
 fake.rf 1440.00000000 51845.98135712488584659 1.00000 7 
 fake.rf 1440.00000000 51855.91812212691030837 1.00000 7 
 fake.rf 1440.00000000 51865.87194396546038888 1.00000 7 
 fake.rf 1440.00000000 51875.88238953208206183 1.00000 7 
 fake.rf 1440.00000000 51885.79775742466654265 1.00000 7 
 fake.rf 1440.00000000 51895.80505786903135501 1.00000 7 
 fake.rf 1440.00000000 51905.75269999178111746 1.00000 7 
 fake.rf 1440.00000000 51915.73621268498972370 1.00000 7 
 fake.rf 1440.00000000 51925.71881662767960108 1.00000 7 
 fake.rf 1440.00000000 51935.74096973774971175 1.00000 7 
 fake.rf 1440.00000000 51945.65430024209774373 1.00000 7 
 fake.rf 1440.00000000 51955.61987623365332922 1.00000 7 
 fake.rf 1440.00000000 51965.58489373397490141 1.00000 7 
 fake.rf 1440.00000000 51975.56193151100331562 1.00000 7 
 fake.rf 1440.00000000 51985.53814667341922728 1.00000 7 
 fake.rf 1440.00000000 51995.49847593353399233 1.00000 7 
 fake.rf 1440.00000000 52005.49080687564003256 1.00000 7 
 fake.rf 1440.00000000 52015.45020625489951982 1.00000 7 
 fake.rf 1440.00000000 52025.41621614924598660 1.00000 7 
 fake.rf 1440.00000000 52035.41530478549145045 1.00000 7 
 fake.rf 1440.00000000 52045.40213559801065202 1.00000 7 
 fake.rf 1440.00000000 52055.40260544392424080 1.00000 7 
 fake.rf 1440.00000000 52065.31979747752854237 1.00000 7 
 fake.rf 1440.00000000 52075.28758174716100271 1.00000 7 
 fake.rf 1440.00000000 52085.32794023400390770 1.00000 7 
 fake.rf 1440.00000000 52095.25290986608041166 1.00000 7 
 fake.rf 1440.00000000 52105.25907746653011188 1.00000 7 
 fake.rf 1440.00000000 52115.19998682388965250 1.00000 7 
 fake.rf 1440.00000000 52125.20604439958394849 1.00000 7 
 fake.rf 1440.00000000 52135.13944978550985354 1.00000 7 
 fake.rf 1440.00000000 52145.14412485857667434 1.00000 7 
 fake.rf 1440.00000000 52155.11582806056534167 1.00000 7 
 fake.rf 1440.00000000 52165.09663613991161668 1.00000 7 
 fake.rf 1440.00000000 52175.08243737273402729 1.00000 7 
 fake.rf 1440.00000000 52185.00855711681232663 1.00000 7 
 fake.rf 1440.00000000 52195.01537076965160011 1.00000 7 
 fake.rf 1440.00000000 52204.95244346718567030 1.00000 7 
 fake.rf 1440.00000000 52214.93684295576086640 1.00000 7 
 fake.rf 1440.00000000 52224.87114032544080899 1.00000 7 
 fake.rf 1440.00000000 52234.90145463951731486 1.00000 7 
 fake.rf 1440.00000000 52244.85197824227346786 1.00000 7 
 fake.rf 1440.00000000 52254.81024374708020375 1.00000 7 
 fake.rf 1440.00000000 52264.83343843190619538 1.00000 7 
 fake.rf 1440.00000000 52274.77628383070197415 1.00000 7 
 fake.rf 1440.00000000 52284.73889147260769761 1.00000 7 
 fake.rf 1440.00000000 52294.68227227917281752 1.00000 7 
 fake.rf 1440.00000000 52304.69608467599634238 1.00000 7 
 fake.rf 1440.00000000 52314.67832755731403083 1.00000 7 
 fake.rf 1440.00000000 52324.60841211363491965 1.00000 7 
 fake.rf 1440.00000000 52334.61553868560065439 1.00000 7 
 fake.rf 1440.00000000 52344.62417450572325706 1.00000 7 
 fake.rf 1440.00000000 52354.56839422876706180 1.00000 7 
 fake.rf 1440.00000000 52364.51996167926567693 1.00000 7 
 fake.rf 1440.00000000 52374.47309384897718232 1.00000 7 
 fake.rf 1440.00000000 52384.49573547848113719 1.00000 7 
 fake.rf 1440.00000000 52394.43163245915401305 1.00000 7 
 fake.rf 1440.00000000 52404.42037194237928333 1.00000 7 
 fake.rf 1440.00000000 52414.39315213195841636 1.00000 7 
 fake.rf 1440.00000000 52424.38059617814921864 1.00000 7 
 fake.rf 1440.00000000 52434.31936419153567286 1.00000 7 
 fake.rf 1440.00000000 52444.33618746909487740 1.00000 7 
 fake.rf 1440.00000000 52454.27227756930495062 1.00000 7 
 fake.rf 1440.00000000 52464.29338643445644408 1.00000 7 
 fake.rf 1440.00000000 52474.23498883370176316 1.00000 7 
 fake.rf 1440.00000000 52484.18418450091388650 1.00000 7 
 fake.rf 1440.00000000 52494.15871741575902121 1.00000 7 
 fake.rf 1440.00000000 52504.13443780302945640 1.00000 7 
 fake.rf 1440.00000000 52514.13134380242790300 1.00000 7 
 fake.rf 1440.00000000 52524.11758060302902251 1.00000 7 
 fake.rf 1440.00000000 52534.05490266316346748 1.00000 7 
 fake.rf 1440.00000000 52544.02609397163132954 1.00000 7 
 fake.rf 1440.00000000 52553.99015868722964129 1.00000 7 
 fake.rf 1440.00000000 52563.99638394211624615 1.00000 7 
 fake.rf 1440.00000000 52573.93474094369498673 1.00000 7 
 fake.rf 1440.00000000 52583.95228873533243075 1.00000 7 
 fake.rf 1440.00000000 52593.86509261166908757 1.00000 7 
 fake.rf 1440.00000000 52603.85746808786140249 1.00000 7 
 fake.rf 1440.00000000 52613.83279928076130716 1.00000 7 
 fake.rf 1440.00000000 52623.83848366411521269 1.00000 7 
 fake.rf 1440.00000000 52633.78824803674374522 1.00000 7 
 fake.rf 1440.00000000 52643.79801018396814172 1.00000 7 
 fake.rf 1440.00000000 52653.75630139456889367 1.00000 7 
 fake.rf 1440.00000000 52663.67758979320425894 1.00000 7 
 fake.rf 1440.00000000 52673.66622372962441645 1.00000 7 
 fake.rf 1440.00000000 52683.68828476876959499 1.00000 7 
 fake.rf 1440.00000000 52693.65951916794566756 1.00000 7 
 fake.rf 1440.00000000 52703.61135437540110260 1.00000 7 
 fake.rf 1440.00000000 52713.56612592978502363 1.00000 7 
 fake.rf 1440.00000000 52723.53744483345093741 1.00000 7 
 fake.rf 1440.00000000 52733.50402842684935223 1.00000 7 
 fake.rf 1440.00000000 52743.50820566153968016 1.00000 7 
 fake.rf 1440.00000000 52753.44031885365360779 1.00000 7 
 fake.rf 1440.00000000 52763.45363018171626024 1.00000 7 
 fake.rf 1440.00000000 52773.42288728403842768 1.00000 7 
 fake.rf 1440.00000000 52783.40724057264238311 1.00000 7 
 fake.rf 1440.00000000 52793.31371852569168723 1.00000 7 
 fake.rf 1440.00000000 52803.36814624310068567 1.00000 7 
 fake.rf 1440.00000000 52813.27219087438214018 1.00000 7 
 fake.rf 1440.00000000 52823.28621253292146065 1.00000 7 
 fake.rf 1440.00000000 52833.27084804506041138 1.00000 7 
 fake.rf 1440.00000000 52843.22285237203372432 1.00000 7 
 fake.rf 1440.00000000 52853.15203640785303563 1.00000 7 
 fake.rf 1440.00000000 52863.12804093674825268 1.00000 7 
 fake.rf 1440.00000000 52873.11357485925930533 1.00000 7 
 fake.rf 1440.00000000 52883.09175352804903625 1.00000 7 
 fake.rf 1440.00000000 52893.11261019550085649 1.00000 7 
 fake.rf 1440.00000000 52903.03825230469986352 1.00000 7 
 fake.rf 1440.00000000 52913.03611079267960449 1.00000 7 
 fake.rf 1440.00000000 52922.97626968993096241 1.00000 7 
 fake.rf 1440.00000000 52932.93490052946809143 1.00000 7 
 fake.rf 1440.00000000 52942.90982773238879133 1.00000 7 
 fake.rf 1440.00000000 52952.88705305338678997 1.00000 7 
 fake.rf 1440.00000000 52962.91461279972695664 1.00000 7 
 fake.rf 1440.00000000 52972.83813273650067899 1.00000 7 
 fake.rf 1440.00000000 52982.83129631681643446 1.00000 7 
 fake.rf 1440.00000000 52992.82488808436966110 1.00000 7 
 fake.rf 1440.00000000 53002.74694676207858990 1.00000 7 
 fake.rf 1440.00000000 53012.71924987749319769 1.00000 7 
 fake.rf 1440.00000000 53022.69491755566452440 1.00000 7 
 fake.rf 1440.00000000 53032.69893280342648367 1.00000 7 
 fake.rf 1440.00000000 53042.66512384274715686 1.00000 7 
 fake.rf 1440.00000000 53052.67227307615200971 1.00000 7 
 fake.rf 1440.00000000 53062.63570586742111956 1.00000 7 
 fake.rf 1440.00000000 53072.55917923737920816 1.00000 7 
 fake.rf 1440.00000000 53082.56288990138355643 1.00000 7 
 fake.rf 1440.00000000 53092.53798027602200449 1.00000 7 
 fake.rf 1440.00000000 53102.47856929187209829 1.00000 7 
 fake.rf 1440.00000000 53112.48067871077956070 1.00000 7 
 fake.rf 1440.00000000 53122.47045137322821518 1.00000 7 
 fake.rf 1440.00000000 53132.45236638490279901 1.00000 7 
 fake.rf 1440.00000000 53142.38308225290949949 1.00000 7 
 fake.rf 1440.00000000 53152.35216363437655929 1.00000 7 
 fake.rf 1440.00000000 53162.37390028355332916 1.00000 7 
 fake.rf 1440.00000000 53172.30792507621540111 1.00000 7 
 fake.rf 1440.00000000 53182.28984468150899190 1.00000 7 
 fake.rf 1440.00000000 53192.23373101529956131 1.00000 7 
 fake.rf 1440.00000000 53202.21591680579790307 1.00000 7 
 fake.rf 1440.00000000 53212.23411618194228367 1.00000 7 
 fake.rf 1440.00000000 53222.20316536339199232 1.00000 7 
 fake.rf 1440.00000000 53232.15281433453755611 1.00000 7 
 fake.rf 1440.00000000 53242.15694891925244292 1.00000 7 
 fake.rf 1440.00000000 53252.12822962038200458 1.00000 7 
 fake.rf 1440.00000000 53262.08240824688160586 1.00000 7 
 fake.rf 1440.00000000 53272.05807355749063703 1.00000 7 
 fake.rf 1440.00000000 53281.98017852427799923 1.00000 7 
 fake.rf 1440.00000000 53291.95482507520330628 1.00000 7 
 fake.rf 1440.00000000 53301.95138652297463011 1.00000 7 
 fake.rf 1440.00000000 53311.90618782227280548 1.00000 7 
 fake.rf 1440.00000000 53321.88044186256340851 1.00000 7 
 fake.rf 1440.00000000 53331.87997526963244255 1.00000 7 
 fake.rf 1440.00000000 53341.86609615758580105 1.00000 7 
 fake.rf 1440.00000000 53351.83384553630414970 1.00000 7 
 fake.rf 1440.00000000 53361.78449922473054556 1.00000 7 
 fake.rf 1440.00000000 53371.76135722510495185 1.00000 7 
 fake.rf 1440.00000000 53381.76321764958992233 1.00000 7 
 fake.rf 1440.00000000 53391.74488631960990759 1.00000 7 
 fake.rf 1440.00000000 53401.72413905521197819 1.00000 7 
 fake.rf 1440.00000000 53411.69389279866132014 1.00000 7 
 fake.rf 1440.00000000 53421.62164186953689438 1.00000 7 
 fake.rf 1440.00000000 53431.61797160768280790 1.00000 7 
 fake.rf 1440.00000000 53441.59694467838005849 1.00000 7 
 fake.rf 1440.00000000 53451.56604731717375145 1.00000 7 
 fake.rf 1440.00000000 53461.55876275453352875 1.00000 7 
 fake.rf 1440.00000000 53471.50344350589772091 1.00000 7 
 fake.rf 1440.00000000 53481.43387527626793343 1.00000 7 
 fake.rf 1440.00000000 53491.43581460447963138 1.00000 7 
 fake.rf 1440.00000000 53501.43501936225002780 1.00000 7 
 fake.rf 1440.00000000 53511.37494127459092752 1.00000 7 
 fake.rf 1440.00000000 53521.33905100938464017 1.00000 7 
 fake.rf 1440.00000000 53531.33460922762779077 1.00000 7 
 fake.rf 1440.00000000 53541.33481778981590082 1.00000 7 
 fake.rf 1440.00000000 53551.24703311264642025 1.00000 7 
 fake.rf 1440.00000000 53561.24117636133755127 1.00000 7 
 fake.rf 1440.00000000 53571.22286793645224279 1.00000 7 
 fake.rf 1440.00000000 53581.22138617363214053 1.00000 7 
 fake.rf 1440.00000000 53591.16493877290099590 1.00000 7 
 fake.rf 1440.00000000 53601.14858118955581645 1.00000 7 
 fake.rf 1440.00000000 53611.08763190732188875 1.00000 7 
 fake.rf 1440.00000000 53621.09662344600373984 1.00000 7 
 fake.rf 1440.00000000 53631.08182422745361251 1.00000 7 
 fake.rf 1440.00000000 53641.04771270800642569 1.00000 7 
 fake.rf 1440.00000000 53650.98679612684483686 1.00000 7 
 fake.rf 1440.00000000 53660.96705065409146584 1.00000 7 
