FORMAT 1
MODE 1
 fake.rf 1440.00000000 49999.98635243142453533 1.00000 7 
 fake.rf 1440.00000000 50009.99619849569089070 1.00000 7 
 fake.rf 1440.00000000 50019.93650113961497894 1.00000 7 
 fake.rf 1440.00000000 50029.90791841032323362 1.00000 7 
 fake.rf 1440.00000000 50039.87118012724306126 1.00000 7 
 fake.rf 1440.00000000 50049.90338378545294518 1.00000 7 
 fake.rf 1440.00000000 50059.86460683553461237 1.00000 7 
 fake.rf 1440.00000000 50069.80121860350662999 1.00000 7 
 fake.rf 1440.00000000 50079.81478549917633458 1.00000 7 
 fake.rf 1440.00000000 50089.76446490458032912 1.00000 7 
 fake.rf 1440.00000000 50099.74354165458915134 1.00000 7 
 fake.rf 1440.00000000 50109.70361451089245719 1.00000 7 
 fake.rf 1440.00000000 50119.69831738131590981 1.00000 7 
 fake.rf 1440.00000000 50129.65862832142541450 1.00000 7 
 fake.rf 1440.00000000 50139.59475494648060234 1.00000 7 
 fake.rf 1440.00000000 50149.57045347277878378 1.00000 7 
 fake.rf 1440.00000000 50159.56652277440718635 1.00000 7 
 fake.rf 1440.00000000 50169.53241965473129937 1.00000 7 
 fake.rf 1440.00000000 50179.55308984600684497 1.00000 7 
 fake.rf 1440.00000000 50189.48700501512308492 1.00000 7 
 fake.rf 1440.00000000 50199.50892304466551508 1.00000 7 
 fake.rf 1440.00000000 50209.46273650468528160 1.00000 7 
 fake.rf 1440.00000000 50219.44423678275669332 1.00000 7 
 fake.rf 1440.00000000 50229.36135369305544529 1.00000 7 
 fake.rf 1440.00000000 50239.38800749160488479 1.00000 7 
 fake.rf 1440.00000000 50249.34034770719667762 1.00000 7 
 fake.rf 1440.00000000 50259.33563955206947682 1.00000 7 
 fake.rf 1440.00000000 50269.31008367028891470 1.00000 7 
 fake.rf 1440.00000000 50279.20860302157847954 1.00000 7 
 fake.rf 1440.00000000 50289.24635433285390818 1.00000 7 
 fake.rf 1440.00000000 50299.19449369830745766 1.00000 7 
 fake.rf 1440.00000000 50309.14000774019989493 1.00000 7 
 fake.rf 1440.00000000 50319.13157609891012712 1.00000 7 
 fake.rf 1440.00000000 50329.13065578437665692 1.00000 7 
 fake.rf 1440.00000000 50339.07489139802188660 1.00000 7 
 fake.rf 1440.00000000 50349.05702581101455095 1.00000 7 
 fake.rf 1440.00000000 50359.03228016763466712 1.00000 7 
 fake.rf 1440.00000000 50368.96504316481219021 1.00000 7 
 fake.rf 1440.00000000 50378.99442700813252216 1.00000 7 
 fake.rf 1440.00000000 50388.92721926442107261 1.00000 7 
 fake.rf 1440.00000000 50398.92029934171632988 1.00000 7 
 fake.rf 1440.00000000 50408.87273092198524438 1.00000 7 
 fake.rf 1440.00000000 50418.87623370648411125 1.00000 7 
 fake.rf 1440.00000000 50428.80798762412069891 1.00000 7 
 fake.rf 1440.00000000 50438.83136786070199875 1.00000 7 
 fake.rf 1440.00000000 50448.79830155100089328 1.00000 7 
 fake.rf 1440.00000000 50458.73305838734792417 1.00000 7 
 fake.rf 1440.00000000 50468.69647888480019304 1.00000 7 
 fake.rf 1440.00000000 50478.73994713563843817 1.00000 7 
 fake.rf 1440.00000000 50488.63934514397099207 1.00000 7 
 fake.rf 1440.00000000 50498.64731845297251311 1.00000 7 
 fake.rf 1440.00000000 50508.65667576201122912 1.00000 7 
 fake.rf 1440.00000000 50518.62052491067943905 1.00000 7 
 fake.rf 1440.00000000 50528.55396948725384476 1.00000 7 
 fake.rf 1440.00000000 50538.50774801895611787 1.00000 7 
 fake.rf 1440.00000000 50548.52555535147664045 1.00000 7 
 fake.rf 1440.00000000 50558.52197780615915335 1.00000 7 
 fake.rf 1440.00000000 50568.49835251123215585 1.00000 7 
 fake.rf 1440.00000000 50578.43457493971117955 1.00000 7 
 fake.rf 1440.00000000 50588.44015443660972409 1.00000 7 
 fake.rf 1440.00000000 50598.39825143071455216 1.00000 7 
 fake.rf 1440.00000000 50608.30991758405890479 1.00000 7 
 fake.rf 1440.00000000 50618.28831542568167023 1.00000 7 
 fake.rf 1440.00000000 50628.26528509857966753 1.00000 7 
 fake.rf 1440.00000000 50638.28666861523659293 1.00000 7 
 fake.rf 1440.00000000 50648.23660639571993514 1.00000 7 
 fake.rf 1440.00000000 50658.22301481820162294 1.00000 7 
 fake.rf 1440.00000000 50668.16362367534555489 1.00000 7 
 fake.rf 1440.00000000 50678.15696214517931040 1.00000 7 
 fake.rf 1440.00000000 50688.11672543395525636 1.00000 7 
 fake.rf 1440.00000000 50698.10076420127199626 1.00000 7 
 fake.rf 1440.00000000 50708.11448704020556733 1.00000 7 
 fake.rf 1440.00000000 50718.05398627977748305 1.00000 7 
 fake.rf 1440.00000000 50727.98549883416540496 1.00000 7 
 fake.rf 1440.00000000 50737.95827992692205655 1.00000 7 
 fake.rf 1440.00000000 50747.94846373342697987 1.00000 7 
 fake.rf 1440.00000000 50757.95754761972763447 1.00000 7 
 fake.rf 1440.00000000 50767.89238988457155699 1.00000 7 
 fake.rf 1440.00000000 50777.87329851909344214 1.00000 7 
 fake.rf 1440.00000000 50787.86982167760230666 1.00000 7 
 fake.rf 1440.00000000 50797.81469961811193059 1.00000 7 
 fake.rf 1440.00000000 50807.83088589430799331 1.00000 7 
 fake.rf 1440.00000000 50817.78073738204790288 1.00000 7 
 fake.rf 1440.00000000 50827.71676881782966007 1.00000 7 
 fake.rf 1440.00000000 50837.69370400919960673 1.00000 7 
 fake.rf 1440.00000000 50847.70797166076530615 1.00000 7 
 fake.rf 1440.00000000 50857.68911472598747991 1.00000 7 
 fake.rf 1440.00000000 50867.60644337005771121 1.00000 7 
 fake.rf 1440.00000000 50877.62439007122106460 1.00000 7 
 fake.rf 1440.00000000 50887.56905993161910828 1.00000 7 
 fake.rf 1440.00000000 50897.51927239726181185 1.00000 7 
 fake.rf 1440.00000000 50907.52262040086363726 1.00000 7 
 fake.rf 1440.00000000 50917.48959409315132874 1.00000 7 
 fake.rf 1440.00000000 50927.44550870999308501 1.00000 7 
 fake.rf 1440.00000000 50937.45313076623999748 1.00000 7 
 fake.rf 1440.00000000 50947.38545892139623916 1.00000 7 
 fake.rf 1440.00000000 50957.40194904467215409 1.00000 7 
 fake.rf 1440.00000000 50967.33995051589980818 1.00000 7 
 fake.rf 1440.00000000 50977.32352519760144816 1.00000 7 
 fake.rf 1440.00000000 50987.27732475758353914 1.00000 7 
 fake.rf 1440.00000000 50997.28572719713161732 1.00000 7 
 fake.rf 1440.00000000 51007.28064502268142633 1.00000 7 
 fake.rf 1440.00000000 51017.19213838489939761 1.00000 7 
 fake.rf 1440.00000000 51027.16734438058550793 1.00000 7 
 fake.rf 1440.00000000 51037.20441242723545017 1.00000 7 
 fake.rf 1440.00000000 51047.11599125007017719 1.00000 7 
 fake.rf 1440.00000000 51057.10868538434443309 1.00000 7 
 fake.rf 1440.00000000 51067.09880829216656650 1.00000 7 
 fake.rf 1440.00000000 51077.05586704444995050 1.00000 7 
 fake.rf 1440.00000000 51087.05677411878850691 1.00000 7 
 fake.rf 1440.00000000 51096.98739123611560942 1.00000 7 
 fake.rf 1440.00000000 51106.99996560082376362 1.00000 7 
 fake.rf 1440.00000000 51116.96102993837703821 1.00000 7 
 fake.rf 1440.00000000 51126.95213621394954728 1.00000 7 
 fake.rf 1440.00000000 51136.92804633144467630 1.00000 7 
 fake.rf 1440.00000000 51146.89335018204194228 1.00000 7 
 fake.rf 1440.00000000 51156.84269511898808602 1.00000 7 
 fake.rf 1440.00000000 51166.82705265828189667 1.00000 7 
 fake.rf 1440.00000000 51176.82032284661342914 1.00000 7 
 fake.rf 1440.00000000 51186.73158543499266315 1.00000 7 
 fake.rf 1440.00000000 51196.77125050613993906 1.00000 7 
 fake.rf 1440.00000000 51206.74203747440504841 1.00000 7 
 fake.rf 1440.00000000 51216.68395241839270682 1.00000 7 
 fake.rf 1440.00000000 51226.63456215689184248 1.00000 7 
 fake.rf 1440.00000000 51236.58856812443029582 1.00000 7 
 fake.rf 1440.00000000 51246.56540943557612522 1.00000 7 
 fake.rf 1440.00000000 51256.55898499583301486 1.00000 7 
 fake.rf 1440.00000000 51266.55678538500252373 1.00000 7 
 fake.rf 1440.00000000 51276.49893252573622959 1.00000 7 
 fake.rf 1440.00000000 51286.50338712463293689 1.00000 7 
 fake.rf 1440.00000000 51296.48229139774310426 1.00000 7 
 fake.rf 1440.00000000 51306.46014528994906101 1.00000 7 
 fake.rf 1440.00000000 51316.40348872973500960 1.00000 7 
 fake.rf 1440.00000000 51326.40452403080332289 1.00000 7 
 fake.rf 1440.00000000 51336.38488828202856240 1.00000 7 
 fake.rf 1440.00000000 51346.30927073138304095 1.00000 7 
 fake.rf 1440.00000000 51356.33252253141456833 1.00000 7 
 fake.rf 1440.00000000 51366.24955190611023070 1.00000 7 
 fake.rf 1440.00000000 51376.27469493303711801 1.00000 7 
 fake.rf 1440.00000000 51386.19897646214620224 1.00000 7 
 fake.rf 1440.00000000 51396.22755059058566474 1.00000 7 
 fake.rf 1440.00000000 51406.12728175673358422 1.00000 7 
 fake.rf 1440.00000000 51416.17477530827773791 1.00000 7 
 fake.rf 1440.00000000 51426.10838481910722919 1.00000 7 
 fake.rf 1440.00000000 51436.10985985307553747 1.00000 7 
 fake.rf 1440.00000000 51446.07723455966804238 1.00000 7 
 fake.rf 1440.00000000 51456.00345224297761959 1.00000 7 
 fake.rf 1440.00000000 51465.98157656535483184 1.00000 7 
 fake.rf 1440.00000000 51475.96061310404280675 1.00000 7 
 fake.rf 1440.00000000 51485.90740533412656887 1.00000 7 
 fake.rf 1440.00000000 51495.90742988302265104 1.00000 7 
 fake.rf 1440.00000000 51505.87010252950452127 1.00000 7 
 fake.rf 1440.00000000 51515.89831939027670771 1.00000 7 
 fake.rf 1440.00000000 51525.86756322453834755 1.00000 7 
 fake.rf 1440.00000000 51535.80814991360557187 1.00000 7 
 fake.rf 1440.00000000 51545.81767709155345614 1.00000 7 
 fake.rf 1440.00000000 51555.79106654426972511 1.00000 7 
 fake.rf 1440.00000000 51565.75253318149643889 1.00000 7 
 fake.rf 1440.00000000 51575.70383171454256654 1.00000 7 
 fake.rf 1440.00000000 51585.64667263856388502 1.00000 7 
 fake.rf 1440.00000000 51595.63989819712992713 1.00000 7 
 fake.rf 1440.00000000 51605.59740537038904407 1.00000 7 
 fake.rf 1440.00000000 51615.62873785508896773 1.00000 7 
 fake.rf 1440.00000000 51625.59261115066822967 1.00000 7 
 fake.rf 1440.00000000 51635.49512462874847785 1.00000 7 
 fake.rf 1440.00000000 51645.53412570785091162 1.00000 7 
 fake.rf 1440.00000000 51655.44968580524195190 1.00000 7 
 fake.rf 1440.00000000 51665.48608871441182799 1.00000 7 
 fake.rf 1440.00000000 51675.38609017902937737 1.00000 7 
 fake.rf 1440.00000000 51685.43743096032858730 1.00000 7 
 fake.rf 1440.00000000 51695.34208643467694344 1.00000 7 
 fake.rf 1440.00000000 51705.38129967874023762 1.00000 7 
 fake.rf 1440.00000000 51715.35967595191143786 1.00000 7 
 fake.rf 1440.00000000 51725.25579601448391642 1.00000 7 
 fake.rf 1440.00000000 51735.25592309105024924 1.00000 7 
 fake.rf 1440.00000000 51745.26307874695349653 1.00000 7 
 fake.rf 1440.00000000 51755.23721113381301251 1.00000 7 
 fake.rf 1440.00000000 51765.19086025211752755 1.00000 7 
 fake.rf 1440.00000000 51775.12011120183212753 1.00000 7 
 fake.rf 1440.00000000 51785.10058449228187527 1.00000 7 
 fake.rf 1440.00000000 51795.11166348521249958 1.00000 7 
 fake.rf 1440.00000000 51805.06824333091136836 1.00000 7 
 fake.rf 1440.00000000 51815.03869359191499200 1.00000 7 
 fake.rf 1440.00000000 51825.02196044921476670 1.00000 7 
 fake.rf 1440.00000000 51834.97508849010382193 1.00000 7 
 fake.rf 1440.00000000 51844.99676309730843116 1.00000 7 
 fake.rf 1440.00000000 51854.93352809805442405 1.00000 7 
 fake.rf 1440.00000000 51864.88734993693700659 1.00000 7 
 fake.rf 1440.00000000 51874.89779548581068269 1.00000 7 
 fake.rf 1440.00000000 51884.81316340191122549 1.00000 7 
 fake.rf 1440.00000000 51894.82046381932889290 1.00000 7 
 fake.rf 1440.00000000 51904.76810594000560783 1.00000 7 
 fake.rf 1440.00000000 51914.75161863940406448 1.00000 7 
 fake.rf 1440.00000000 51924.73422261504152075 1.00000 7 
 fake.rf 1440.00000000 51934.75637569366150714 1.00000 7 
 fake.rf 1440.00000000 51944.66970617789004905 1.00000 7 
 fake.rf 1440.00000000 51954.63528223498449066 1.00000 7 
 fake.rf 1440.00000000 51964.60029970181130921 1.00000 7 
 fake.rf 1440.00000000 51974.57733748879926239 1.00000 7 
 fake.rf 1440.00000000 51984.55355262882226342 1.00000 7 
 fake.rf 1440.00000000 51994.51388191777771297 1.00000 7 
 fake.rf 1440.00000000 52004.50621282823563618 1.00000 7 
 fake.rf 1440.00000000 52014.46561222403249758 1.00000 7 
 fake.rf 1440.00000000 52024.43162212341642103 1.00000 7 
 fake.rf 1440.00000000 52034.43071073676838267 1.00000 7 
 fake.rf 1440.00000000 52044.41754156842404910 1.00000 7 
 fake.rf 1440.00000000 52054.41801144682537128 1.00000 7 
 fake.rf 1440.00000000 52064.33520343582462075 1.00000 7 
 fake.rf 1440.00000000 52074.30298771701597715 1.00000 7 
 fake.rf 1440.00000000 52084.34334620188257858 1.00000 7 
 fake.rf 1440.00000000 52094.26831583239358991 1.00000 7 
 fake.rf 1440.00000000 52104.27448342916937563 1.00000 7 
 fake.rf 1440.00000000 52114.21539279124349520 1.00000 7 
 fake.rf 1440.00000000 52124.22145033421701399 1.00000 7 
 fake.rf 1440.00000000 52134.15485577539770645 1.00000 7 
 fake.rf 1440.00000000 52144.15953082258066686 1.00000 7 
 fake.rf 1440.00000000 52154.13123400581726941 1.00000 7 
 fake.rf 1440.00000000 52164.11204209111917862 1.00000 7 
 fake.rf 1440.00000000 52174.09784334471623879 1.00000 7 
 fake.rf 1440.00000000 52184.02396309014541842 1.00000 7 
 fake.rf 1440.00000000 52194.03077674311076706 1.00000 7 
 fake.rf 1440.00000000 52203.96784941940988034 1.00000 7 
 fake.rf 1440.00000000 52213.95224894503495960 1.00000 7 
 fake.rf 1440.00000000 52223.88654629213922220 1.00000 7 
 fake.rf 1440.00000000 52233.91686060357309529 1.00000 7 
 fake.rf 1440.00000000 52243.86738419697395486 1.00000 7 
 fake.rf 1440.00000000 52253.82564973530780250 1.00000 7 
 fake.rf 1440.00000000 52263.84884439633868425 1.00000 7 
 fake.rf 1440.00000000 52273.79168982281030509 1.00000 7 
 fake.rf 1440.00000000 52283.75429745385325830 1.00000 7 
 fake.rf 1440.00000000 52293.69767827646479219 1.00000 7 
 fake.rf 1440.00000000 52303.71149065011693580 1.00000 7 
 fake.rf 1440.00000000 52313.69373350095941433 1.00000 7 
 fake.rf 1440.00000000 52323.62381807982242776 1.00000 7 
 fake.rf 1440.00000000 52333.63094467701582602 1.00000 7 
 fake.rf 1440.00000000 52343.63958047095736958 1.00000 7 
 fake.rf 1440.00000000 52353.58380017866977241 1.00000 7 
 fake.rf 1440.00000000 52363.53536765696723876 1.00000 7 
 fake.rf 1440.00000000 52373.48849981153261623 1.00000 7 
 fake.rf 1440.00000000 52383.51114147111477948 1.00000 7 
 fake.rf 1440.00000000 52393.44703842012424388 1.00000 7 
 fake.rf 1440.00000000 52403.43577791962366064 1.00000 7 
 fake.rf 1440.00000000 52413.40855811649437612 1.00000 7 
 fake.rf 1440.00000000 52423.39600211363142535 1.00000 7 
 fake.rf 1440.00000000 52433.33477016625545630 1.00000 7 
 fake.rf 1440.00000000 52443.35159343927452724 1.00000 7 
 fake.rf 1440.00000000 52453.28768354144392205 1.00000 7 
 fake.rf 1440.00000000 52463.30879241694531601 1.00000 7 
 fake.rf 1440.00000000 52473.25039480660264246 1.00000 7 
 fake.rf 1440.00000000 52483.19959043556849210 1.00000 7 
 fake.rf 1440.00000000 52493.17412339967540191 1.00000 7 
 fake.rf 1440.00000000 52503.14984376348521877 1.00000 7 
 fake.rf 1440.00000000 52513.14674979145218359 1.00000 7 
 fake.rf 1440.00000000 52523.13298654783538311 1.00000 7 
 fake.rf 1440.00000000 52533.07030861055617521 1.00000 7 
 fake.rf 1440.00000000 52543.04149993620569603 1.00000 7 
 fake.rf 1440.00000000 52553.00556466762982311 1.00000 7 
 fake.rf 1440.00000000 52563.01178991688142261 1.00000 7 
 fake.rf 1440.00000000 52572.95014690085138298 1.00000 7 
 fake.rf 1440.00000000 52582.96769469101901961 1.00000 7 
 fake.rf 1440.00000000 52592.88049858692144767 1.00000 7 
 fake.rf 1440.00000000 52602.87287405386980765 1.00000 7 
 fake.rf 1440.00000000 52612.84820524373645156 1.00000 7 
 fake.rf 1440.00000000 52622.85388963957404584 1.00000 7 
 fake.rf 1440.00000000 52632.80365401614530541 1.00000 7 
 fake.rf 1440.00000000 52642.81341611973804717 1.00000 7 
 fake.rf 1440.00000000 52652.77170736024266873 1.00000 7 
 fake.rf 1440.00000000 52662.69299579516090404 1.00000 7 
 fake.rf 1440.00000000 52672.68162967846568279 1.00000 7 
 fake.rf 1440.00000000 52682.70369075719516871 1.00000 7 
 fake.rf 1440.00000000 52692.67492511881049211 1.00000 7 
 fake.rf 1440.00000000 52702.62676037033962473 1.00000 7 
 fake.rf 1440.00000000 52712.58153189024252327 1.00000 7 
 fake.rf 1440.00000000 52722.55285080483892202 1.00000 7 
 fake.rf 1440.00000000 52732.51943439831978822 1.00000 7 
 fake.rf 1440.00000000 52742.52361161362450304 1.00000 7 
 fake.rf 1440.00000000 52752.45572484297137095 1.00000 7 
 fake.rf 1440.00000000 52762.46903615365255646 1.00000 7 
 fake.rf 1440.00000000 52772.43829325525590335 1.00000 7 
 fake.rf 1440.00000000 52782.42264654114819322 1.00000 7 
 fake.rf 1440.00000000 52792.32912451875031934 1.00000 7 
 fake.rf 1440.00000000 52802.38355222547871648 1.00000 7 
 fake.rf 1440.00000000 52812.28759685671569102 1.00000 7 
 fake.rf 1440.00000000 52822.30161851815304175 1.00000 7 
 fake.rf 1440.00000000 52832.28625401828669794 1.00000 7 
 fake.rf 1440.00000000 52842.23825836842549108 1.00000 7 
 fake.rf 1440.00000000 52852.16744234810117931 1.00000 7 
 fake.rf 1440.00000000 52862.14344692144842952 1.00000 7 
 fake.rf 1440.00000000 52872.12898081140849982 1.00000 7 
 fake.rf 1440.00000000 52882.10715948504676831 1.00000 7 
 fake.rf 1440.00000000 52892.12801619081793092 1.00000 7 
 fake.rf 1440.00000000 52902.05365828464455191 1.00000 7 
 fake.rf 1440.00000000 52912.05151677063248172 1.00000 7 
 fake.rf 1440.00000000 52921.99167563857552565 1.00000 7 
 fake.rf 1440.00000000 52931.95030650227510804 1.00000 7 
 fake.rf 1440.00000000 52941.92523370746074107 1.00000 7 
 fake.rf 1440.00000000 52951.90245900309269089 1.00000 7 
 fake.rf 1440.00000000 52961.93001876324565202 1.00000 7 
 fake.rf 1440.00000000 52971.85353869485070888 1.00000 7 
 fake.rf 1440.00000000 52981.84670228058790897 1.00000 7 
 fake.rf 1440.00000000 52991.84029407759639341 1.00000 7 
 fake.rf 1440.00000000 53001.76235273760427802 1.00000 7 
 fake.rf 1440.00000000 53011.73465587283876133 1.00000 7 
 fake.rf 1440.00000000 53021.71032353716002561 1.00000 7 
 fake.rf 1440.00000000 53031.71433876641275162 1.00000 7 
 fake.rf 1440.00000000 53041.68052982611263602 1.00000 7 
 fake.rf 1440.00000000 53051.68767905656501682 1.00000 7 
 fake.rf 1440.00000000 53061.65111184453334658 1.00000 7 
 fake.rf 1440.00000000 53071.57458518224921917 1.00000 7 
 fake.rf 1440.00000000 53081.57829585770893743 1.00000 7 
 fake.rf 1440.00000000 53091.55338626758721432 1.00000 7 
 fake.rf 1440.00000000 53101.49397526340553100 1.00000 7 
 fake.rf 1440.00000000 53111.49608466882494895 1.00000 7 
 fake.rf 1440.00000000 53121.48585732393461356 1.00000 7 
 fake.rf 1440.00000000 53131.46777234788060440 1.00000 7 
 fake.rf 1440.00000000 53141.39848822325356537 1.00000 7 
 fake.rf 1440.00000000 53151.36756959214902807 1.00000 7 
 fake.rf 1440.00000000 53161.38930627739114243 1.00000 7 
 fake.rf 1440.00000000 53171.32333103214152814 1.00000 7 
 fake.rf 1440.00000000 53181.30525062621669363 1.00000 7 
 fake.rf 1440.00000000 53191.24913696027779153 1.00000 7 
 fake.rf 1440.00000000 53201.23132277700684156 1.00000 7 
 fake.rf 1440.00000000 53211.24952214343679913 1.00000 7 
 fake.rf 1440.00000000 53221.21857130286520032 1.00000 7 
 fake.rf 1440.00000000 53231.16822033323184726 1.00000 7 
 fake.rf 1440.00000000 53241.17235486824524671 1.00000 7 
 fake.rf 1440.00000000 53251.14363557637704005 1.00000 7 
 fake.rf 1440.00000000 53261.09781421944695268 1.00000 7 
 fake.rf 1440.00000000 53271.07347951505827055 1.00000 7 
 fake.rf 1440.00000000 53280.99558450272595778 1.00000 7 
 fake.rf 1440.00000000 53290.97023105101055762 1.00000 7 
 fake.rf 1440.00000000 53300.96679249249083199 1.00000 7 
 fake.rf 1440.00000000 53310.92159378621263954 1.00000 7 
 fake.rf 1440.00000000 53320.89584782144758179 1.00000 7 
 fake.rf 1440.00000000 53330.89538125218701836 1.00000 7 
 fake.rf 1440.00000000 53340.88150215065671489 1.00000 7 
 fake.rf 1440.00000000 53350.84925150449866038 1.00000 7 
 fake.rf 1440.00000000 53360.79990518537075772 1.00000 7 
 fake.rf 1440.00000000 53370.77676320829273493 1.00000 7 
 fake.rf 1440.00000000 53380.77862360738465952 1.00000 7 
 fake.rf 1440.00000000 53390.76029226797540872 1.00000 7 
 fake.rf 1440.00000000 53400.73954503878829669 1.00000 7 
 fake.rf 1440.00000000 53410.70929875061923653 1.00000 7 
 fake.rf 1440.00000000 53420.63704784296647077 1.00000 7 
 fake.rf 1440.00000000 53430.63337759422018536 1.00000 7 
 fake.rf 1440.00000000 53440.61235063854543625 1.00000 7 
 fake.rf 1440.00000000 53450.58145330453625022 1.00000 7 
 fake.rf 1440.00000000 53460.57416874625332426 1.00000 7 
 fake.rf 1440.00000000 53470.51884946865014570 1.00000 7 
 fake.rf 1440.00000000 53480.44928121034954316 1.00000 7 
 fake.rf 1440.00000000 53490.45122059372021894 1.00000 7 
 fake.rf 1440.00000000 53500.45042532166968741 1.00000 7 
 fake.rf 1440.00000000 53510.39034723332732568 1.00000 7 
 fake.rf 1440.00000000 53520.35445694797573424 1.00000 7 
 fake.rf 1440.00000000 53530.35001519468341158 1.00000 7 
 fake.rf 1440.00000000 53540.35022378831655132 1.00000 7 
 fake.rf 1440.00000000 53550.26243907800093424 1.00000 7 
 fake.rf 1440.00000000 53560.25658233822905885 1.00000 7 
 fake.rf 1440.00000000 53570.23827387690815982 1.00000 7 
 fake.rf 1440.00000000 53580.23679214306632801 1.00000 7 
 fake.rf 1440.00000000 53590.18034471805384200 1.00000 7 
 fake.rf 1440.00000000 53600.16398715608513115 1.00000 7 
 fake.rf 1440.00000000 53610.10303787018165522 1.00000 7 
 fake.rf 1440.00000000 53620.11202940547632423 1.00000 7 
 fake.rf 1440.00000000 53630.09723018259270688 1.00000 7 
 fake.rf 1440.00000000 53640.06311866132035604 1.00000 7 
 fake.rf 1440.00000000 53650.00220210750100236 1.00000 7 
 fake.rf 1440.00000000 53659.98245661119430139 1.00000 7 
