FORMAT 1
MODE 1
 fake.rf 1440.00000000 49999.98647846801187811 1.00000 7 
 fake.rf 1440.00000000 50009.99632454498943446 1.00000 7 
 fake.rf 1440.00000000 50019.93662716659043355 1.00000 7 
 fake.rf 1440.00000000 50029.90804443792217882 1.00000 7 
 fake.rf 1440.00000000 50039.87130617186651094 1.00000 7 
 fake.rf 1440.00000000 50049.90350983849237565 1.00000 7 
 fake.rf 1440.00000000 50059.86473288282211769 1.00000 7 
 fake.rf 1440.00000000 50069.80134463053046545 1.00000 7 
 fake.rf 1440.00000000 50079.81491154707005364 1.00000 7 
 fake.rf 1440.00000000 50089.76459095008558364 1.00000 7 
 fake.rf 1440.00000000 50099.74366769710168512 1.00000 7 
 fake.rf 1440.00000000 50109.70374052008535415 1.00000 7 
 fake.rf 1440.00000000 50119.69844339450628112 1.00000 7 
 fake.rf 1440.00000000 50129.65875437268067216 1.00000 7 
 fake.rf 1440.00000000 50139.59488097393081318 1.00000 7 
 fake.rf 1440.00000000 50149.57057952497760667 1.00000 7 
 fake.rf 1440.00000000 50159.56664879108655342 1.00000 7 
 fake.rf 1440.00000000 50169.53254571167006759 1.00000 7 
 fake.rf 1440.00000000 50179.55321589895249090 1.00000 7 
 fake.rf 1440.00000000 50189.48713103795453705 1.00000 7 
 fake.rf 1440.00000000 50199.50904905968480207 1.00000 7 
 fake.rf 1440.00000000 50209.46286255151728639 1.00000 7 
 fake.rf 1440.00000000 50219.44436281981406367 1.00000 7 
 fake.rf 1440.00000000 50229.36147971762525088 1.00000 7 
 fake.rf 1440.00000000 50239.38813353140442075 1.00000 7 
 fake.rf 1440.00000000 50249.34047375195483198 1.00000 7 
 fake.rf 1440.00000000 50259.33576557637368154 1.00000 7 
 fake.rf 1440.00000000 50269.31020970534235204 1.00000 7 
 fake.rf 1440.00000000 50279.20872906372270705 1.00000 7 
 fake.rf 1440.00000000 50289.24648038008671236 1.00000 7 
 fake.rf 1440.00000000 50299.19461975966725831 1.00000 7 
 fake.rf 1440.00000000 50309.14013377693429874 1.00000 7 
 fake.rf 1440.00000000 50319.13170213301564004 1.00000 7 
 fake.rf 1440.00000000 50329.13078180083151381 1.00000 7 
 fake.rf 1440.00000000 50339.07501741445784305 1.00000 7 
 fake.rf 1440.00000000 50349.05715185753622976 1.00000 7 
 fake.rf 1440.00000000 50359.03240619427320368 1.00000 7 
 fake.rf 1440.00000000 50368.96516918308757838 1.00000 7 
 fake.rf 1440.00000000 50378.99455305512361036 1.00000 7 
 fake.rf 1440.00000000 50388.92734530101676427 1.00000 7 
 fake.rf 1440.00000000 50398.92042536093649829 1.00000 7 
 fake.rf 1440.00000000 50408.87285696669510315 1.00000 7 
 fake.rf 1440.00000000 50418.87635973842606774 1.00000 7 
 fake.rf 1440.00000000 50428.80811367483700280 1.00000 7 
 fake.rf 1440.00000000 50438.83149387928680341 1.00000 7 
 fake.rf 1440.00000000 50448.79842758982181650 1.00000 7 
 fake.rf 1440.00000000 50458.73318441631072417 1.00000 7 
 fake.rf 1440.00000000 50468.69660491351319109 1.00000 7 
 fake.rf 1440.00000000 50478.74007318426769331 1.00000 7 
 fake.rf 1440.00000000 50488.63947118224428223 1.00000 7 
 fake.rf 1440.00000000 50498.64744449670541826 1.00000 7 
 fake.rf 1440.00000000 50508.65680180043866443 1.00000 7 
 fake.rf 1440.00000000 50518.62065095237879220 1.00000 7 
 fake.rf 1440.00000000 50528.55409552675971341 1.00000 7 
 fake.rf 1440.00000000 50538.50787405385016982 1.00000 7 
 fake.rf 1440.00000000 50548.52568137035216367 1.00000 7 
 fake.rf 1440.00000000 50558.52210385242218038 1.00000 7 
 fake.rf 1440.00000000 50568.49847852673376991 1.00000 7 
 fake.rf 1440.00000000 50578.43470097250158091 1.00000 7 
 fake.rf 1440.00000000 50588.44028045292232676 1.00000 7 
 fake.rf 1440.00000000 50598.39837746900111526 1.00000 7 
 fake.rf 1440.00000000 50608.31004362019136877 1.00000 7 
 fake.rf 1440.00000000 50618.28844145205080451 1.00000 7 
 fake.rf 1440.00000000 50628.26541112386376398 1.00000 7 
 fake.rf 1440.00000000 50638.28679463583669573 1.00000 7 
 fake.rf 1440.00000000 50648.23673243116297726 1.00000 7 
 fake.rf 1440.00000000 50658.22314087154229867 1.00000 7 
 fake.rf 1440.00000000 50668.16374970901631514 1.00000 7 
 fake.rf 1440.00000000 50678.15708817451642787 1.00000 7 
 fake.rf 1440.00000000 50688.11685146770133059 1.00000 7 
 fake.rf 1440.00000000 50698.10089026347116459 1.00000 7 
 fake.rf 1440.00000000 50708.11461308758947553 1.00000 7 
 fake.rf 1440.00000000 50718.05411231908221126 1.00000 7 
 fake.rf 1440.00000000 50727.98562487698220380 1.00000 7 
 fake.rf 1440.00000000 50737.95840596251983001 1.00000 7 
 fake.rf 1440.00000000 50747.94858975142822999 1.00000 7 
 fake.rf 1440.00000000 50757.95767367895481570 1.00000 7 
 fake.rf 1440.00000000 50767.89251591283121101 1.00000 7 
 fake.rf 1440.00000000 50777.87342456199995055 1.00000 7 
 fake.rf 1440.00000000 50787.86994774285360066 1.00000 7 
 fake.rf 1440.00000000 50797.81482565784683914 1.00000 7 
 fake.rf 1440.00000000 50807.83101194029168823 1.00000 7 
 fake.rf 1440.00000000 50817.78086340825365141 1.00000 7 
 fake.rf 1440.00000000 50827.71689484621370525 1.00000 7 
 fake.rf 1440.00000000 50837.69383001457867266 1.00000 7 
 fake.rf 1440.00000000 50847.70809770653369952 1.00000 7 
 fake.rf 1440.00000000 50857.68924076183503757 1.00000 7 
 fake.rf 1440.00000000 50867.60656940811103155 1.00000 7 
 fake.rf 1440.00000000 50877.62451610059790497 1.00000 7 
 fake.rf 1440.00000000 50887.56918594743568107 1.00000 7 
 fake.rf 1440.00000000 50897.51939843635843275 1.00000 7 
 fake.rf 1440.00000000 50907.52274643949117561 1.00000 7 
 fake.rf 1440.00000000 50917.48972012071120119 1.00000 7 
 fake.rf 1440.00000000 50927.44563475163186439 1.00000 7 
 fake.rf 1440.00000000 50937.45325679149318887 1.00000 7 
 fake.rf 1440.00000000 50947.38558498211703451 1.00000 7 
 fake.rf 1440.00000000 50957.40207507026853762 1.00000 7 
 fake.rf 1440.00000000 50967.34007654147725574 1.00000 7 
 fake.rf 1440.00000000 50977.32365123316766997 1.00000 7 
 fake.rf 1440.00000000 50987.27745078932765921 1.00000 7 
 fake.rf 1440.00000000 50997.28585322245744749 1.00000 7 
 fake.rf 1440.00000000 51007.28077105273093039 1.00000 7 
 fake.rf 1440.00000000 51017.19226443713640862 1.00000 7 
 fake.rf 1440.00000000 51027.16747043733381162 1.00000 7 
 fake.rf 1440.00000000 51037.20453845325024034 1.00000 7 
 fake.rf 1440.00000000 51047.11611727839697394 1.00000 7 
 fake.rf 1440.00000000 51057.10881139258328787 1.00000 7 
 fake.rf 1440.00000000 51067.09893434695329617 1.00000 7 
 fake.rf 1440.00000000 51077.05599307598005510 1.00000 7 
 fake.rf 1440.00000000 51087.05690017893268973 1.00000 7 
 fake.rf 1440.00000000 51096.98751729173918790 1.00000 7 
 fake.rf 1440.00000000 51107.00009163787916933 1.00000 7 
 fake.rf 1440.00000000 51116.96115600039781768 1.00000 7 
 fake.rf 1440.00000000 51126.95226224308389718 1.00000 7 
 fake.rf 1440.00000000 51136.92817237314076806 1.00000 7 
 fake.rf 1440.00000000 51146.89347622229885459 1.00000 7 
 fake.rf 1440.00000000 51156.84282114656046758 1.00000 7 
 fake.rf 1440.00000000 51166.82717868019419072 1.00000 7 
 fake.rf 1440.00000000 51176.82044886534614747 1.00000 7 
 fake.rf 1440.00000000 51186.73171144927070131 1.00000 7 
 fake.rf 1440.00000000 51196.77137651863898071 1.00000 7 
 fake.rf 1440.00000000 51206.74216351134914404 1.00000 7 
 fake.rf 1440.00000000 51216.68407846522226734 1.00000 7 
 fake.rf 1440.00000000 51226.63468817755930118 1.00000 7 
 fake.rf 1440.00000000 51236.58869414061616965 1.00000 7 
 fake.rf 1440.00000000 51246.56553546535614174 1.00000 7 
 fake.rf 1440.00000000 51256.55911103591862599 1.00000 7 
 fake.rf 1440.00000000 51266.55691144588121233 1.00000 7 
 fake.rf 1440.00000000 51276.49905855876899352 1.00000 7 
 fake.rf 1440.00000000 51286.50351316489835440 1.00000 7 
 fake.rf 1440.00000000 51296.48241743863568232 1.00000 7 
 fake.rf 1440.00000000 51306.46027134469662556 1.00000 7 
 fake.rf 1440.00000000 51316.40361473754500565 1.00000 7 
 fake.rf 1440.00000000 51326.40465006903264467 1.00000 7 
 fake.rf 1440.00000000 51336.38501431821816823 1.00000 7 
 fake.rf 1440.00000000 51346.30939676341759892 1.00000 7 
 fake.rf 1440.00000000 51356.33264855758419642 1.00000 7 
 fake.rf 1440.00000000 51366.24967791955956287 1.00000 7 
 fake.rf 1440.00000000 51376.27482097091763791 1.00000 7 
 fake.rf 1440.00000000 51386.19910252305576037 1.00000 7 
 fake.rf 1440.00000000 51396.22767663117527448 1.00000 7 
 fake.rf 1440.00000000 51406.12740778478324799 1.00000 7 
 fake.rf 1440.00000000 51416.17490135241275695 1.00000 7 
 fake.rf 1440.00000000 51426.10851083134544481 1.00000 7 
 fake.rf 1440.00000000 51436.10998589238359813 1.00000 7 
 fake.rf 1440.00000000 51446.07736060567316727 1.00000 7 
 fake.rf 1440.00000000 51456.00357828777342561 1.00000 7 
 fake.rf 1440.00000000 51465.98170260538404719 1.00000 7 
 fake.rf 1440.00000000 51475.96073914914322245 1.00000 7 
 fake.rf 1440.00000000 51485.90753137165349074 1.00000 7 
 fake.rf 1440.00000000 51495.90755592331616697 1.00000 7 
 fake.rf 1440.00000000 51505.87022856053065212 1.00000 7 
 fake.rf 1440.00000000 51515.89844543534658783 1.00000 7 
 fake.rf 1440.00000000 51525.86768925420691190 1.00000 7 
 fake.rf 1440.00000000 51535.80827596293397619 1.00000 7 
 fake.rf 1440.00000000 51545.81780311050372489 1.00000 7 
 fake.rf 1440.00000000 51555.79119260650490020 1.00000 7 
 fake.rf 1440.00000000 51565.75265920443886358 1.00000 7 
 fake.rf 1440.00000000 51575.70395774554382484 1.00000 7 
 fake.rf 1440.00000000 51585.64679868424630982 1.00000 7 
 fake.rf 1440.00000000 51595.64002424084993947 1.00000 7 
 fake.rf 1440.00000000 51605.59753138593635668 1.00000 7 
 fake.rf 1440.00000000 51615.62886389433597856 1.00000 7 
 fake.rf 1440.00000000 51625.59273719494127874 1.00000 7 
 fake.rf 1440.00000000 51635.49525066874917911 1.00000 7 
 fake.rf 1440.00000000 51645.53425174458152824 1.00000 7 
 fake.rf 1440.00000000 51655.44981181542023307 1.00000 7 
 fake.rf 1440.00000000 51665.48621476720336076 1.00000 7 
 fake.rf 1440.00000000 51675.38621622858065763 1.00000 7 
 fake.rf 1440.00000000 51685.43755700685595755 1.00000 7 
 fake.rf 1440.00000000 51695.34221247981570713 1.00000 7 
 fake.rf 1440.00000000 51705.38142574200006152 1.00000 7 
 fake.rf 1440.00000000 51715.35980198480111980 1.00000 7 
 fake.rf 1440.00000000 51725.25592202705572120 1.00000 7 
 fake.rf 1440.00000000 51735.25604910289888849 1.00000 7 
 fake.rf 1440.00000000 51745.26320476088901401 1.00000 7 
 fake.rf 1440.00000000 51755.23733718778454715 1.00000 7 
 fake.rf 1440.00000000 51765.19098626700453281 1.00000 7 
 fake.rf 1440.00000000 51775.12023724733564833 1.00000 7 
 fake.rf 1440.00000000 51785.10071052511874257 1.00000 7 
 fake.rf 1440.00000000 51795.11178953241188694 1.00000 7 
 fake.rf 1440.00000000 51805.06836938261232106 1.00000 7 
 fake.rf 1440.00000000 51815.03881963532750987 1.00000 7 
 fake.rf 1440.00000000 51825.02208649210669833 1.00000 7 
 fake.rf 1440.00000000 51834.97521449958996342 1.00000 7 
 fake.rf 1440.00000000 51844.99688912685438780 1.00000 7 
 fake.rf 1440.00000000 51854.93365412450938123 1.00000 7 
 fake.rf 1440.00000000 51864.88747597727327232 1.00000 7 
 fake.rf 1440.00000000 51874.89792152995768149 1.00000 7 
 fake.rf 1440.00000000 51884.81328943083540040 1.00000 7 
 fake.rf 1440.00000000 51894.82058986873261119 1.00000 7 
 fake.rf 1440.00000000 51904.76823197337121840 1.00000 7 
 fake.rf 1440.00000000 51914.75174469491492246 1.00000 7 
 fake.rf 1440.00000000 51924.73434864298961600 1.00000 7 
 fake.rf 1440.00000000 51934.75650170917412396 1.00000 7 
 fake.rf 1440.00000000 51944.66983224047310941 1.00000 7 
 fake.rf 1440.00000000 51954.63540824433717447 1.00000 7 
 fake.rf 1440.00000000 51964.60042576153859173 1.00000 7 
 fake.rf 1440.00000000 51974.57746352558707059 1.00000 7 
 fake.rf 1440.00000000 51984.55367865993999743 1.00000 7 
 fake.rf 1440.00000000 51994.51400796181438935 1.00000 7 
 fake.rf 1440.00000000 52004.50633885256293354 1.00000 7 
 fake.rf 1440.00000000 52014.46573827654715672 1.00000 7 
 fake.rf 1440.00000000 52024.43174815904852437 1.00000 7 
 fake.rf 1440.00000000 52034.43083677827738853 1.00000 7 
 fake.rf 1440.00000000 52044.41766760428609473 1.00000 7 
 fake.rf 1440.00000000 52054.41813746930290563 1.00000 7 
 fake.rf 1440.00000000 52064.33532948459503586 1.00000 7 
 fake.rf 1440.00000000 52074.30311373639803207 1.00000 7 
 fake.rf 1440.00000000 52084.34347225158224859 1.00000 7 
 fake.rf 1440.00000000 52094.26844189471943025 1.00000 7 
 fake.rf 1440.00000000 52104.27460946119402507 1.00000 7 
 fake.rf 1440.00000000 52114.21551883497619073 1.00000 7 
 fake.rf 1440.00000000 52124.22157637844260236 1.00000 7 
 fake.rf 1440.00000000 52134.15498179504085030 1.00000 7 
 fake.rf 1440.00000000 52144.15965685998521195 1.00000 7 
 fake.rf 1440.00000000 52154.13136004094786458 1.00000 7 
 fake.rf 1440.00000000 52164.11216812592003933 1.00000 7 
 fake.rf 1440.00000000 52174.09796938448208792 1.00000 7 
 fake.rf 1440.00000000 52184.02408912032703014 1.00000 7 
 fake.rf 1440.00000000 52194.03090276920868007 1.00000 7 
 fake.rf 1440.00000000 52203.96797545765633686 1.00000 7 
 fake.rf 1440.00000000 52213.95237497172360719 1.00000 7 
 fake.rf 1440.00000000 52223.88667232162176290 1.00000 7 
 fake.rf 1440.00000000 52233.91698664627148929 1.00000 7 
 fake.rf 1440.00000000 52243.86751022835547431 1.00000 7 
 fake.rf 1440.00000000 52253.82577574655861241 1.00000 7 
 fake.rf 1440.00000000 52263.84897043260134808 1.00000 7 
 fake.rf 1440.00000000 52273.79181583595659788 1.00000 7 
 fake.rf 1440.00000000 52283.75442348494611977 1.00000 7 
 fake.rf 1440.00000000 52293.69780431082524075 1.00000 7 
 fake.rf 1440.00000000 52303.71161667618027735 1.00000 7 
 fake.rf 1440.00000000 52313.69385953281511803 1.00000 7 
 fake.rf 1440.00000000 52323.62394409751232160 1.00000 7 
 fake.rf 1440.00000000 52333.63107070346008598 1.00000 7 
 fake.rf 1440.00000000 52343.63970650132229778 1.00000 7 
 fake.rf 1440.00000000 52353.58392621475730522 1.00000 7 
 fake.rf 1440.00000000 52363.53549370407598929 1.00000 7 
 fake.rf 1440.00000000 52373.48862586783127071 1.00000 7 
 fake.rf 1440.00000000 52383.51126749574565977 1.00000 7 
 fake.rf 1440.00000000 52393.44716448166584044 1.00000 7 
 fake.rf 1440.00000000 52403.43590395543337479 1.00000 7 
 fake.rf 1440.00000000 52413.40868414684648613 1.00000 7 
 fake.rf 1440.00000000 52423.39612816976515219 1.00000 7 
 fake.rf 1440.00000000 52433.33489620519822338 1.00000 7 
 fake.rf 1440.00000000 52443.35171949571203598 1.00000 7 
 fake.rf 1440.00000000 52453.28780958388566802 1.00000 7 
 fake.rf 1440.00000000 52463.30891844617228870 1.00000 7 
 fake.rf 1440.00000000 52473.25052082392900843 1.00000 7 
 fake.rf 1440.00000000 52483.19971648154872668 1.00000 7 
 fake.rf 1440.00000000 52493.17424942941661925 1.00000 7 
 fake.rf 1440.00000000 52503.14996980732080445 1.00000 7 
 fake.rf 1440.00000000 52513.14687580323371208 1.00000 7 
 fake.rf 1440.00000000 52523.13311260401814451 1.00000 7 
 fake.rf 1440.00000000 52533.07043465975089092 1.00000 7 
 fake.rf 1440.00000000 52543.04162597432905457 1.00000 7 
 fake.rf 1440.00000000 52553.00569069315191584 1.00000 7 
 fake.rf 1440.00000000 52563.01191594318888534 1.00000 7 
 fake.rf 1440.00000000 52572.95027295179590254 1.00000 7 
 fake.rf 1440.00000000 52582.96782072795752683 1.00000 7 
 fake.rf 1440.00000000 52592.88062461209599263 1.00000 7 
 fake.rf 1440.00000000 52602.87300009980147664 1.00000 7 
 fake.rf 1440.00000000 52612.84833127157528310 1.00000 7 
 fake.rf 1440.00000000 52622.85401567753408258 1.00000 7 
 fake.rf 1440.00000000 52632.80378004730595265 1.00000 7 
 fake.rf 1440.00000000 52642.81354218298298164 1.00000 7 
 fake.rf 1440.00000000 52652.77183339985545274 1.00000 7 
 fake.rf 1440.00000000 52662.69312181626412084 1.00000 7 
 fake.rf 1440.00000000 52672.68175573191687633 1.00000 7 
 fake.rf 1440.00000000 52682.70381677685831789 1.00000 7 
 fake.rf 1440.00000000 52692.67505116913150687 1.00000 7 
 fake.rf 1440.00000000 52702.62688641429138769 1.00000 7 
 fake.rf 1440.00000000 52712.58165794637274004 1.00000 7 
 fake.rf 1440.00000000 52722.55297684599617725 1.00000 7 
 fake.rf 1440.00000000 52732.51956041879459747 1.00000 7 
 fake.rf 1440.00000000 52742.52373767020604944 1.00000 7 
 fake.rf 1440.00000000 52752.45585087137435210 1.00000 7 
 fake.rf 1440.00000000 52762.46916220177620360 1.00000 7 
 fake.rf 1440.00000000 52772.43841930508183680 1.00000 7 
 fake.rf 1440.00000000 52782.42277256411042430 1.00000 7 
 fake.rf 1440.00000000 52792.32925055387782365 1.00000 7 
 fake.rf 1440.00000000 52802.38367826141604056 1.00000 7 
 fake.rf 1440.00000000 52812.28772289497511494 1.00000 7 
 fake.rf 1440.00000000 52822.30174454017492280 1.00000 7 
 fake.rf 1440.00000000 52832.28638004513112492 1.00000 7 
 fake.rf 1440.00000000 52842.23838439122195254 1.00000 7 
 fake.rf 1440.00000000 52852.16756840884313107 1.00000 7 
 fake.rf 1440.00000000 52862.14357294513409613 1.00000 7 
 fake.rf 1440.00000000 52872.12910684412378259 1.00000 7 
 fake.rf 1440.00000000 52882.10728553321210299 1.00000 7 
 fake.rf 1440.00000000 52892.12814220902885864 1.00000 7 
 fake.rf 1440.00000000 52902.05378431833974062 1.00000 7 
 fake.rf 1440.00000000 52912.05164280347626260 1.00000 7 
 fake.rf 1440.00000000 52921.99180167429850030 1.00000 7 
 fake.rf 1440.00000000 52931.95043254334864002 1.00000 7 
 fake.rf 1440.00000000 52941.92535974865954174 1.00000 7 
 fake.rf 1440.00000000 52951.90258503722456851 1.00000 7 
 fake.rf 1440.00000000 52961.93014478809891799 1.00000 7 
 fake.rf 1440.00000000 52971.85366474907029044 1.00000 7 
 fake.rf 1440.00000000 52981.84682831782199841 1.00000 7 
 fake.rf 1440.00000000 52991.84042010935440103 1.00000 7 
 fake.rf 1440.00000000 53001.76247876176928031 1.00000 7 
 fake.rf 1440.00000000 53011.73478189799844529 1.00000 7 
 fake.rf 1440.00000000 53021.71044957145654308 1.00000 7 
 fake.rf 1440.00000000 53031.71446480644227606 1.00000 7 
 fake.rf 1440.00000000 53041.68065584155996461 1.00000 7 
 fake.rf 1440.00000000 53051.68780509365189602 1.00000 7 
 fake.rf 1440.00000000 53061.65123788050025411 1.00000 7 
 fake.rf 1440.00000000 53071.57471122704580324 1.00000 7 
 fake.rf 1440.00000000 53081.57842192560709904 1.00000 7 
 fake.rf 1440.00000000 53091.55351229765344101 1.00000 7 
 fake.rf 1440.00000000 53101.49410128924335339 1.00000 7 
 fake.rf 1440.00000000 53111.49621068240075772 1.00000 7 
 fake.rf 1440.00000000 53121.48598337324887098 1.00000 7 
 fake.rf 1440.00000000 53131.46789837536020684 1.00000 7 
 fake.rf 1440.00000000 53141.39861428930986520 1.00000 7 
 fake.rf 1440.00000000 53151.36769563528734039 1.00000 7 
 fake.rf 1440.00000000 53161.38943229212284791 1.00000 7 
 fake.rf 1440.00000000 53171.32345708351458669 1.00000 7 
 fake.rf 1440.00000000 53181.30537667845709393 1.00000 7 
 fake.rf 1440.00000000 53191.24926300986133043 1.00000 7 
 fake.rf 1440.00000000 53201.23144880026665859 1.00000 7 
 fake.rf 1440.00000000 53211.24964818113280174 1.00000 7 
 fake.rf 1440.00000000 53221.21869734800163343 1.00000 7 
 fake.rf 1440.00000000 53231.16834635134344111 1.00000 7 
 fake.rf 1440.00000000 53241.17248090656806525 1.00000 7 
 fake.rf 1440.00000000 53251.14376160975493235 1.00000 7 
 fake.rf 1440.00000000 53261.09794027566039887 1.00000 7 
 fake.rf 1440.00000000 53271.07360556707642019 1.00000 7 
 fake.rf 1440.00000000 53280.99571054651067570 1.00000 7 
 fake.rf 1440.00000000 53290.97035709984125162 1.00000 7 
 fake.rf 1440.00000000 53300.96691853294433727 1.00000 7 
 fake.rf 1440.00000000 53310.92171983280951153 1.00000 7 
 fake.rf 1440.00000000 53320.89597384996196183 1.00000 7 
 fake.rf 1440.00000000 53330.89550728213404085 1.00000 7 
 fake.rf 1440.00000000 53340.88162816014037304 1.00000 7 
 fake.rf 1440.00000000 53350.84937754736833071 1.00000 7 
 fake.rf 1440.00000000 53360.80003121416098111 1.00000 7 
 fake.rf 1440.00000000 53370.77688924612176180 1.00000 7 
 fake.rf 1440.00000000 53380.77874963539575148 1.00000 7 
 fake.rf 1440.00000000 53390.76041831687480510 1.00000 7 
 fake.rf 1440.00000000 53400.73967107834280199 1.00000 7 
 fake.rf 1440.00000000 53410.70942480803552854 1.00000 7 
 fake.rf 1440.00000000 53420.63717388143448517 1.00000 7 
 fake.rf 1440.00000000 53430.63350361665820643 1.00000 7 
 fake.rf 1440.00000000 53440.61247667745755052 1.00000 7 
 fake.rf 1440.00000000 53450.58157934604892247 1.00000 7 
 fake.rf 1440.00000000 53460.57429477860652867 1.00000 7 
 fake.rf 1440.00000000 53470.51897549340833038 1.00000 7 
 fake.rf 1440.00000000 53480.44940725069494292 1.00000 7 
 fake.rf 1440.00000000 53490.45134661695258060 1.00000 7 
 fake.rf 1440.00000000 53500.45055137410154700 1.00000 7 
 fake.rf 1440.00000000 53510.39047325102175634 1.00000 7 
 fake.rf 1440.00000000 53520.35458301183889063 1.00000 7 
 fake.rf 1440.00000000 53530.35014124060240803 1.00000 7 
 fake.rf 1440.00000000 53540.35034979717544701 1.00000 7 
 fake.rf 1440.00000000 53550.26256509924307636 1.00000 7 
 fake.rf 1440.00000000 53560.25670838324058920 1.00000 7 
 fake.rf 1440.00000000 53570.23839993594188158 1.00000 7 
 fake.rf 1440.00000000 53580.23691819387603275 1.00000 7 
 fake.rf 1440.00000000 53590.18047077511976184 1.00000 7 
 fake.rf 1440.00000000 53600.16411320178531241 1.00000 7 
 fake.rf 1440.00000000 53610.10316390507777129 1.00000 7 
 fake.rf 1440.00000000 53620.11215544328897664 1.00000 7 
 fake.rf 1440.00000000 53630.09735623481054390 1.00000 7 
 fake.rf 1440.00000000 53640.06324470056891585 1.00000 7 
 fake.rf 1440.00000000 53650.00232814374502510 1.00000 7 
 fake.rf 1440.00000000 53659.98258264832238496 1.00000 7 
