FORMAT 1
MODE 1
 fake.rf 1440.00000000 50000.02134049000208194 1.00000 7 
 fake.rf 1440.00000000 50010.03118654023381850 1.00000 7 
 fake.rf 1440.00000000 50019.97148919074950513 1.00000 7 
 fake.rf 1440.00000000 50029.94290646939094813 1.00000 7 
 fake.rf 1440.00000000 50039.90616817529231142 1.00000 7 
 fake.rf 1440.00000000 50049.93837186733194500 1.00000 7 
 fake.rf 1440.00000000 50059.89959490815212106 1.00000 7 
 fake.rf 1440.00000000 50069.83620665369902625 1.00000 7 
 fake.rf 1440.00000000 50079.84977358408250936 1.00000 7 
 fake.rf 1440.00000000 50089.79945298666583398 1.00000 7 
 fake.rf 1440.00000000 50099.77852971296377405 1.00000 7 
 fake.rf 1440.00000000 50109.73860257570802901 1.00000 7 
 fake.rf 1440.00000000 50119.73330540797352128 1.00000 7 
 fake.rf 1440.00000000 50129.69361639776048634 1.00000 7 
 fake.rf 1440.00000000 50139.62974299013475488 1.00000 7 
 fake.rf 1440.00000000 50149.60544153480909202 1.00000 7 
 fake.rf 1440.00000000 50159.60151082706157766 1.00000 7 
 fake.rf 1440.00000000 50169.56740772488467428 1.00000 7 
 fake.rf 1440.00000000 50179.58807792773464485 1.00000 7 
 fake.rf 1440.00000000 50189.52199308270844824 1.00000 7 
 fake.rf 1440.00000000 50199.54391108753534212 1.00000 7 
 fake.rf 1440.00000000 50209.49772456570444845 1.00000 7 
 fake.rf 1440.00000000 50219.47922484051043313 1.00000 7 
 fake.rf 1440.00000000 50229.39634172312972993 1.00000 7 
 fake.rf 1440.00000000 50239.42299555457996973 1.00000 7 
 fake.rf 1440.00000000 50249.37533578396421774 1.00000 7 
 fake.rf 1440.00000000 50259.37062758862777301 1.00000 7 
 fake.rf 1440.00000000 50269.34507174359106330 1.00000 7 
 fake.rf 1440.00000000 50279.24359108883782454 1.00000 7 
 fake.rf 1440.00000000 50289.28134240680632416 1.00000 7 
 fake.rf 1440.00000000 50299.22948176759976491 1.00000 7 
 fake.rf 1440.00000000 50309.17499579664329801 1.00000 7 
 fake.rf 1440.00000000 50319.16656414621088445 1.00000 7 
 fake.rf 1440.00000000 50329.16564384136589183 1.00000 7 
 fake.rf 1440.00000000 50339.10987945398905552 1.00000 7 
 fake.rf 1440.00000000 50349.09201387249231274 1.00000 7 
 fake.rf 1440.00000000 50359.06726820698893832 1.00000 7 
 fake.rf 1440.00000000 50369.00003121031753039 1.00000 7 
 fake.rf 1440.00000000 50379.02941507138941191 1.00000 7 
 fake.rf 1440.00000000 50388.96220732207105542 1.00000 7 
 fake.rf 1440.00000000 50398.95528738971855276 1.00000 7 
 fake.rf 1440.00000000 50408.90771900270939554 1.00000 7 
 fake.rf 1440.00000000 50418.91122177077011557 1.00000 7 
 fake.rf 1440.00000000 50428.84297567460979295 1.00000 7 
 fake.rf 1440.00000000 50438.86635591845865179 1.00000 7 
 fake.rf 1440.00000000 50448.83328961848684457 1.00000 7 
 fake.rf 1440.00000000 50458.76804641208858371 1.00000 7 
 fake.rf 1440.00000000 50468.73146692367884114 1.00000 7 
 fake.rf 1440.00000000 50478.77493518188840582 1.00000 7 
 fake.rf 1440.00000000 50488.67433319869721231 1.00000 7 
 fake.rf 1440.00000000 50498.68230650664322212 1.00000 7 
 fake.rf 1440.00000000 50508.69166381591442772 1.00000 7 
 fake.rf 1440.00000000 50518.65551296902068756 1.00000 7 
 fake.rf 1440.00000000 50528.58895756830506940 1.00000 7 
 fake.rf 1440.00000000 50538.54273609336966899 1.00000 7 
 fake.rf 1440.00000000 50548.56054339658162178 1.00000 7 
 fake.rf 1440.00000000 50558.55696586203971421 1.00000 7 
 fake.rf 1440.00000000 50568.53334053225658806 1.00000 7 
 fake.rf 1440.00000000 50578.46956297709441586 1.00000 7 
 fake.rf 1440.00000000 50588.47514248871938847 1.00000 7 
 fake.rf 1440.00000000 50598.43323948982478200 1.00000 7 
 fake.rf 1440.00000000 50608.34490563287031151 1.00000 7 
 fake.rf 1440.00000000 50618.32330348474084403 1.00000 7 
 fake.rf 1440.00000000 50628.30027316080772337 1.00000 7 
 fake.rf 1440.00000000 50638.32165667331992509 1.00000 7 
 fake.rf 1440.00000000 50648.27159444169567237 1.00000 7 
 fake.rf 1440.00000000 50658.25800289188303793 1.00000 7 
 fake.rf 1440.00000000 50668.19861176480803167 1.00000 7 
 fake.rf 1440.00000000 50678.19195019370410549 1.00000 7 
 fake.rf 1440.00000000 50688.15171350330159328 1.00000 7 
 fake.rf 1440.00000000 50698.13575228787587434 1.00000 7 
 fake.rf 1440.00000000 50708.14947511807264746 1.00000 7 
 fake.rf 1440.00000000 50718.08897433284362677 1.00000 7 
 fake.rf 1440.00000000 50728.02048688600747184 1.00000 7 
 fake.rf 1440.00000000 50737.99326799572448010 1.00000 7 
 fake.rf 1440.00000000 50747.98345179216197920 1.00000 7 
 fake.rf 1440.00000000 50757.99253568771566947 1.00000 7 
 fake.rf 1440.00000000 50767.92737796895483271 1.00000 7 
 fake.rf 1440.00000000 50777.90828656638505478 1.00000 7 
 fake.rf 1440.00000000 50787.90480976005840219 1.00000 7 
 fake.rf 1440.00000000 50797.84968769612880379 1.00000 7 
 fake.rf 1440.00000000 50807.86587395545040380 1.00000 7 
 fake.rf 1440.00000000 50817.81572542614556554 1.00000 7 
 fake.rf 1440.00000000 50827.75175685233021028 1.00000 7 
 fake.rf 1440.00000000 50837.72869205484498067 1.00000 7 
 fake.rf 1440.00000000 50847.74295973168296570 1.00000 7 
 fake.rf 1440.00000000 50857.72410280680378136 1.00000 7 
 fake.rf 1440.00000000 50867.64143144194018475 1.00000 7 
 fake.rf 1440.00000000 50877.65937814051609323 1.00000 7 
 fake.rf 1440.00000000 50887.60404796843128139 1.00000 7 
 fake.rf 1440.00000000 50897.55426045235469701 1.00000 7 
 fake.rf 1440.00000000 50907.55760848238932681 1.00000 7 
 fake.rf 1440.00000000 50917.52458215177490430 1.00000 7 
 fake.rf 1440.00000000 50927.48049676840137323 1.00000 7 
 fake.rf 1440.00000000 50937.48811882191789024 1.00000 7 
 fake.rf 1440.00000000 50947.42044700540245827 1.00000 7 
 fake.rf 1440.00000000 50957.43693709965696925 1.00000 7 
 fake.rf 1440.00000000 50967.37493857130036190 1.00000 7 
 fake.rf 1440.00000000 50977.35851328591354914 1.00000 7 
 fake.rf 1440.00000000 50987.31231281103454478 1.00000 7 
 fake.rf 1440.00000000 50997.32071527606226624 1.00000 7 
 fake.rf 1440.00000000 51007.31563306772480360 1.00000 7 
 fake.rf 1440.00000000 51017.22712644914143354 1.00000 7 
 fake.rf 1440.00000000 51027.20233246224330514 1.00000 7 
 fake.rf 1440.00000000 51037.23940048108888234 1.00000 7 
 fake.rf 1440.00000000 51047.15097927772306718 1.00000 7 
 fake.rf 1440.00000000 51057.14367340991710265 1.00000 7 
 fake.rf 1440.00000000 51067.13379635372227483 1.00000 7 
 fake.rf 1440.00000000 51077.09085511469728047 1.00000 7 
 fake.rf 1440.00000000 51087.09176218545785986 1.00000 7 
 fake.rf 1440.00000000 51097.02237929041054798 1.00000 7 
 fake.rf 1440.00000000 51107.03495364745617024 1.00000 7 
 fake.rf 1440.00000000 51116.99601801744037743 1.00000 7 
 fake.rf 1440.00000000 51126.98712426554135391 1.00000 7 
 fake.rf 1440.00000000 51136.96303438186749446 1.00000 7 
 fake.rf 1440.00000000 51146.92833824646746521 1.00000 7 
 fake.rf 1440.00000000 51156.87768318383051636 1.00000 7 
 fake.rf 1440.00000000 51166.86204071301457930 1.00000 7 
 fake.rf 1440.00000000 51176.85531090953760014 1.00000 7 
 fake.rf 1440.00000000 51186.76657347226679207 1.00000 7 
 fake.rf 1440.00000000 51196.80623856074291211 1.00000 7 
 fake.rf 1440.00000000 51206.77702552058990904 1.00000 7 
 fake.rf 1440.00000000 51216.71894046775995335 1.00000 7 
 fake.rf 1440.00000000 51226.66955021264159242 1.00000 7 
 fake.rf 1440.00000000 51236.62355616249712753 1.00000 7 
 fake.rf 1440.00000000 51246.60039746525416504 1.00000 7 
 fake.rf 1440.00000000 51256.59397305501895659 1.00000 7 
 fake.rf 1440.00000000 51266.59177343645062308 1.00000 7 
 fake.rf 1440.00000000 51276.53392057934841120 1.00000 7 
 fake.rf 1440.00000000 51286.53837518376013449 1.00000 7 
 fake.rf 1440.00000000 51296.51727943731597037 1.00000 7 
 fake.rf 1440.00000000 51306.49513333784135227 1.00000 7 
 fake.rf 1440.00000000 51316.43847675366131611 1.00000 7 
 fake.rf 1440.00000000 51326.43951209498291988 1.00000 7 
 fake.rf 1440.00000000 51336.41987631717037033 1.00000 7 
 fake.rf 1440.00000000 51346.34425875988438293 1.00000 7 
 fake.rf 1440.00000000 51356.36751057910610996 1.00000 7 
 fake.rf 1440.00000000 51366.28453994233862545 1.00000 7 
 fake.rf 1440.00000000 51376.30968298484795653 1.00000 7 
 fake.rf 1440.00000000 51386.23396452471176943 1.00000 7 
 fake.rf 1440.00000000 51396.26253866296962158 1.00000 7 
 fake.rf 1440.00000000 51406.16226980724082196 1.00000 7 
 fake.rf 1440.00000000 51416.20976337099358489 1.00000 7 
 fake.rf 1440.00000000 51426.14337286432079210 1.00000 7 
 fake.rf 1440.00000000 51436.14484791970315669 1.00000 7 
 fake.rf 1440.00000000 51446.11222262189042809 1.00000 7 
 fake.rf 1440.00000000 51456.03844031029173323 1.00000 7 
 fake.rf 1440.00000000 51466.01656460503257406 1.00000 7 
 fake.rf 1440.00000000 51475.99560117196683962 1.00000 7 
 fake.rf 1440.00000000 51485.94239337986970284 1.00000 7 
 fake.rf 1440.00000000 51495.94241793971578502 1.00000 7 
 fake.rf 1440.00000000 51505.90509056036694702 1.00000 7 
 fake.rf 1440.00000000 51515.93330744829503587 1.00000 7 
 fake.rf 1440.00000000 51525.90255130139786388 1.00000 7 
 fake.rf 1440.00000000 51535.84313796783037631 1.00000 7 
 fake.rf 1440.00000000 51545.85266512856689758 1.00000 7 
 fake.rf 1440.00000000 51555.82605462122532458 1.00000 7 
 fake.rf 1440.00000000 51565.78752123449656253 1.00000 7 
 fake.rf 1440.00000000 51575.73881978698623385 1.00000 7 
 fake.rf 1440.00000000 51585.68166070428158321 1.00000 7 
 fake.rf 1440.00000000 51595.67488626684165354 1.00000 7 
 fake.rf 1440.00000000 51605.63239343424039163 1.00000 7 
 fake.rf 1440.00000000 51615.66372590700567002 1.00000 7 
 fake.rf 1440.00000000 51625.62759921693341525 1.00000 7 
 fake.rf 1440.00000000 51635.53011269739425870 1.00000 7 
 fake.rf 1440.00000000 51645.56911378744279517 1.00000 7 
 fake.rf 1440.00000000 51655.48467383725812141 1.00000 7 
 fake.rf 1440.00000000 51665.52107678829614912 1.00000 7 
 fake.rf 1440.00000000 51675.42107822357295177 1.00000 7 
 fake.rf 1440.00000000 51685.47241903796974682 1.00000 7 
 fake.rf 1440.00000000 51695.37707448708891889 1.00000 7 
 fake.rf 1440.00000000 51705.41628776340137108 1.00000 7 
 fake.rf 1440.00000000 51715.39466402876282558 1.00000 7 
 fake.rf 1440.00000000 51725.29078406738448237 1.00000 7 
 fake.rf 1440.00000000 51735.29091115293188707 1.00000 7 
 fake.rf 1440.00000000 51745.29806678784913387 1.00000 7 
 fake.rf 1440.00000000 51755.27219917932182014 1.00000 7 
 fake.rf 1440.00000000 51765.22584831409227490 1.00000 7 
 fake.rf 1440.00000000 51775.15509925253088142 1.00000 7 
 fake.rf 1440.00000000 51785.13557257062207384 1.00000 7 
 fake.rf 1440.00000000 51795.14665153681174203 1.00000 7 
 fake.rf 1440.00000000 51805.10323140561733979 1.00000 7 
 fake.rf 1440.00000000 51815.07368166391852427 1.00000 7 
 fake.rf 1440.00000000 51825.05694849298783566 1.00000 7 
 fake.rf 1440.00000000 51835.01007652288040006 1.00000 7 
 fake.rf 1440.00000000 51845.03175113878812041 1.00000 7 
 fake.rf 1440.00000000 51854.96851617130011647 1.00000 7 
 fake.rf 1440.00000000 51864.92233800013124068 1.00000 7 
 fake.rf 1440.00000000 51874.93278355642740962 1.00000 7 
 fake.rf 1440.00000000 51884.84815144377037655 1.00000 7 
 fake.rf 1440.00000000 51894.85545188965078722 1.00000 7 
 fake.rf 1440.00000000 51904.80309399461511077 1.00000 7 
 fake.rf 1440.00000000 51914.78660670729895088 1.00000 7 
 fake.rf 1440.00000000 51924.76921065346067863 1.00000 7 
 fake.rf 1440.00000000 51934.79136375523445324 1.00000 7 
 fake.rf 1440.00000000 51944.70469425636565219 1.00000 7 
 fake.rf 1440.00000000 51954.67027027742139467 1.00000 7 
 fake.rf 1440.00000000 51964.63528779270358982 1.00000 7 
 fake.rf 1440.00000000 51974.61232552449510180 1.00000 7 
 fake.rf 1440.00000000 51984.58854070514128409 1.00000 7 
 fake.rf 1440.00000000 51994.54886996551648792 1.00000 7 
 fake.rf 1440.00000000 52004.54120086977875559 1.00000 7 
 fake.rf 1440.00000000 52014.50060027914335947 1.00000 7 
 fake.rf 1440.00000000 52024.46661018030689050 1.00000 7 
 fake.rf 1440.00000000 52034.46569879724594543 1.00000 7 
 fake.rf 1440.00000000 52044.45252960195529468 1.00000 7 
 fake.rf 1440.00000000 52054.45299950719583038 1.00000 7 
 fake.rf 1440.00000000 52064.37019150682538893 1.00000 7 
 fake.rf 1440.00000000 52074.33797576757777392 1.00000 7 
 fake.rf 1440.00000000 52084.37833427136683184 1.00000 7 
 fake.rf 1440.00000000 52094.30330392216898261 1.00000 7 
 fake.rf 1440.00000000 52104.30947146301178563 1.00000 7 
 fake.rf 1440.00000000 52114.25038084584275921 1.00000 7 
 fake.rf 1440.00000000 52124.25643842186048005 1.00000 7 
 fake.rf 1440.00000000 52134.18984384468635795 1.00000 7 
 fake.rf 1440.00000000 52144.19451888926402461 1.00000 7 
 fake.rf 1440.00000000 52154.16622207188585492 1.00000 7 
 fake.rf 1440.00000000 52164.14703014618619648 1.00000 7 
 fake.rf 1440.00000000 52174.13283141905376183 1.00000 7 
 fake.rf 1440.00000000 52184.05895112887666443 1.00000 7 
 fake.rf 1440.00000000 52194.06576479190222884 1.00000 7 
 fake.rf 1440.00000000 52204.00283750336693700 1.00000 7 
 fake.rf 1440.00000000 52213.98723701303192257 1.00000 7 
 fake.rf 1440.00000000 52223.92153435076350121 1.00000 7 
 fake.rf 1440.00000000 52233.95184867555435559 1.00000 7 
 fake.rf 1440.00000000 52243.90237225739841875 1.00000 7 
 fake.rf 1440.00000000 52253.86063779345721869 1.00000 7 
 fake.rf 1440.00000000 52263.88383246364952228 1.00000 7 
 fake.rf 1440.00000000 52273.82667789047811624 1.00000 7 
 fake.rf 1440.00000000 52283.78928549611090659 1.00000 7 
 fake.rf 1440.00000000 52293.73266630118515863 1.00000 7 
 fake.rf 1440.00000000 52303.74647869068629902 1.00000 7 
 fake.rf 1440.00000000 52313.72872155797979232 1.00000 7 
 fake.rf 1440.00000000 52323.65880612734735067 1.00000 7 
 fake.rf 1440.00000000 52333.66593270234466218 1.00000 7 
 fake.rf 1440.00000000 52343.67456853547956541 1.00000 7 
 fake.rf 1440.00000000 52353.61878826310725898 1.00000 7 
 fake.rf 1440.00000000 52363.57035570193099261 1.00000 7 
 fake.rf 1440.00000000 52373.52348788903326593 1.00000 7 
 fake.rf 1440.00000000 52383.54612953216601312 1.00000 7 
 fake.rf 1440.00000000 52393.48202648982133667 1.00000 7 
 fake.rf 1440.00000000 52403.47076595416084999 1.00000 7 
 fake.rf 1440.00000000 52413.44354619555712560 1.00000 7 
 fake.rf 1440.00000000 52423.43099020489900042 1.00000 7 
 fake.rf 1440.00000000 52433.36975823754634263 1.00000 7 
 fake.rf 1440.00000000 52443.38658152076521191 1.00000 7 
 fake.rf 1440.00000000 52453.32267161018383206 1.00000 7 
 fake.rf 1440.00000000 52463.34378047327308536 1.00000 7 
 fake.rf 1440.00000000 52473.28538283756586580 1.00000 7 
 fake.rf 1440.00000000 52483.23457850905441191 1.00000 7 
 fake.rf 1440.00000000 52493.20911144260778158 1.00000 7 
 fake.rf 1440.00000000 52503.18483180007114797 1.00000 7 
 fake.rf 1440.00000000 52513.18173783763566576 1.00000 7 
 fake.rf 1440.00000000 52523.16797460453567581 1.00000 7 
 fake.rf 1440.00000000 52533.10529665888603290 1.00000 7 
 fake.rf 1440.00000000 52543.07648801375409064 1.00000 7 
 fake.rf 1440.00000000 52553.04055271871633792 1.00000 7 
 fake.rf 1440.00000000 52563.04677795407105734 1.00000 7 
 fake.rf 1440.00000000 52572.98513494963306769 1.00000 7 
 fake.rf 1440.00000000 52583.00268276318952587 1.00000 7 
 fake.rf 1440.00000000 52592.91548662342305676 1.00000 7 
 fake.rf 1440.00000000 52602.90786211722033983 1.00000 7 
 fake.rf 1440.00000000 52612.88319330387477635 1.00000 7 
 fake.rf 1440.00000000 52622.88887772297272960 1.00000 7 
 fake.rf 1440.00000000 52632.83864209527003908 1.00000 7 
 fake.rf 1440.00000000 52642.84840421389480625 1.00000 7 
 fake.rf 1440.00000000 52652.80669542031692032 1.00000 7 
 fake.rf 1440.00000000 52662.72798385343662630 1.00000 7 
 fake.rf 1440.00000000 52672.71661773987736765 1.00000 7 
 fake.rf 1440.00000000 52682.73867879286301985 1.00000 7 
 fake.rf 1440.00000000 52692.70991318552729865 1.00000 7 
 fake.rf 1440.00000000 52702.66174842223769303 1.00000 7 
 fake.rf 1440.00000000 52712.61651996212787097 1.00000 7 
 fake.rf 1440.00000000 52722.58783887959419800 1.00000 7 
 fake.rf 1440.00000000 52732.55442243594810847 1.00000 7 
 fake.rf 1440.00000000 52742.55859969118142772 1.00000 7 
 fake.rf 1440.00000000 52752.49071289295253351 1.00000 7 
 fake.rf 1440.00000000 52762.50402419369342155 1.00000 7 
 fake.rf 1440.00000000 52772.47328133159471975 1.00000 7 
 fake.rf 1440.00000000 52782.45763456616302278 1.00000 7 
 fake.rf 1440.00000000 52792.36411257481028159 1.00000 7 
 fake.rf 1440.00000000 52802.41854028122169851 1.00000 7 
 fake.rf 1440.00000000 52812.32258491174637172 1.00000 7 
 fake.rf 1440.00000000 52822.33660656319731075 1.00000 7 
 fake.rf 1440.00000000 52832.32124205867422972 1.00000 7 
 fake.rf 1440.00000000 52842.27324643480073618 1.00000 7 
 fake.rf 1440.00000000 52852.20243042887954132 1.00000 7 
 fake.rf 1440.00000000 52862.17843498264919333 1.00000 7 
 fake.rf 1440.00000000 52872.16396889102858836 1.00000 7 
 fake.rf 1440.00000000 52882.14214752836025824 1.00000 7 
 fake.rf 1440.00000000 52892.16300423770537620 1.00000 7 
 fake.rf 1440.00000000 52902.08864633382857079 1.00000 7 
 fake.rf 1440.00000000 52912.08650484030588856 1.00000 7 
 fake.rf 1440.00000000 52922.02666372659741256 1.00000 7 
 fake.rf 1440.00000000 52931.98529457220259786 1.00000 7 
 fake.rf 1440.00000000 52941.96022174179032760 1.00000 7 
 fake.rf 1440.00000000 52951.93744709341745036 1.00000 7 
 fake.rf 1440.00000000 52961.96500681305393243 1.00000 7 
 fake.rf 1440.00000000 52971.88852677482384124 1.00000 7 
 fake.rf 1440.00000000 52981.88169034711487626 1.00000 7 
 fake.rf 1440.00000000 52991.87528212944602402 1.00000 7 
 fake.rf 1440.00000000 53001.79734081116053801 1.00000 7 
 fake.rf 1440.00000000 53011.76964392454920016 1.00000 7 
 fake.rf 1440.00000000 53021.74531159866707597 1.00000 7 
 fake.rf 1440.00000000 53031.74932684781851222 1.00000 7 
 fake.rf 1440.00000000 53041.71551785646191846 1.00000 7 
 fake.rf 1440.00000000 53051.72266709544150132 1.00000 7 
 fake.rf 1440.00000000 53061.68609991353693900 1.00000 7 
 fake.rf 1440.00000000 53071.60957324825898951 1.00000 7 
 fake.rf 1440.00000000 53081.61328393360545874 1.00000 7 
 fake.rf 1440.00000000 53091.58837431291476605 1.00000 7 
 fake.rf 1440.00000000 53101.52896332640692023 1.00000 7 
 fake.rf 1440.00000000 53111.53107273796295829 1.00000 7 
 fake.rf 1440.00000000 53121.52084540275266988 1.00000 7 
 fake.rf 1440.00000000 53131.50276041598275611 1.00000 7 
 fake.rf 1440.00000000 53141.43347631788752494 1.00000 7 
 fake.rf 1440.00000000 53151.40255765475700045 1.00000 7 
 fake.rf 1440.00000000 53161.42429430786358324 1.00000 7 
 fake.rf 1440.00000000 53171.35831908442135685 1.00000 7 
 fake.rf 1440.00000000 53181.34023867663486840 1.00000 7 
 fake.rf 1440.00000000 53191.28412502344298929 1.00000 7 
 fake.rf 1440.00000000 53201.26631082042405652 1.00000 7 
 fake.rf 1440.00000000 53211.28451020111217318 1.00000 7 
 fake.rf 1440.00000000 53221.25355936590851513 1.00000 7 
 fake.rf 1440.00000000 53231.20320836595738356 1.00000 7 
 fake.rf 1440.00000000 53241.20734295793230828 1.00000 7 
 fake.rf 1440.00000000 53251.17862363156355698 1.00000 7 
 fake.rf 1440.00000000 53261.13280226854298860 1.00000 7 
 fake.rf 1440.00000000 53271.10846759794502603 1.00000 7 
 fake.rf 1440.00000000 53281.03057255952636950 1.00000 7 
 fake.rf 1440.00000000 53291.00521910313795360 1.00000 7 
 fake.rf 1440.00000000 53301.00178052960907138 1.00000 7 
 fake.rf 1440.00000000 53310.95658183881995384 1.00000 7 
 fake.rf 1440.00000000 53320.93083585720683715 1.00000 7 
 fake.rf 1440.00000000 53330.93036929352757625 1.00000 7 
 fake.rf 1440.00000000 53340.91649019992596692 1.00000 7 
 fake.rf 1440.00000000 53350.88423956426071726 1.00000 7 
 fake.rf 1440.00000000 53360.83489325768778500 1.00000 7 
 fake.rf 1440.00000000 53370.81175125762819889 1.00000 7 
 fake.rf 1440.00000000 53380.81361165144803138 1.00000 7 
 fake.rf 1440.00000000 53390.79528035335935598 1.00000 7 
 fake.rf 1440.00000000 53400.77453308210872152 1.00000 7 
 fake.rf 1440.00000000 53410.74428683489976777 1.00000 7 
 fake.rf 1440.00000000 53420.67203587391888675 1.00000 7 
 fake.rf 1440.00000000 53430.66836564800833642 1.00000 7 
 fake.rf 1440.00000000 53440.64733871393831777 1.00000 7 
 fake.rf 1440.00000000 53450.61644136035514308 1.00000 7 
 fake.rf 1440.00000000 53460.60915678210460555 1.00000 7 
 fake.rf 1440.00000000 53470.55383752537007425 1.00000 7 
 fake.rf 1440.00000000 53480.48426930124900736 1.00000 7 
 fake.rf 1440.00000000 53490.48620864612027148 1.00000 7 
 fake.rf 1440.00000000 53500.48541341467848298 1.00000 7 
 fake.rf 1440.00000000 53510.42533526785229725 1.00000 7 
 fake.rf 1440.00000000 53520.38944504118367718 1.00000 7 
 fake.rf 1440.00000000 53530.38500327657634870 1.00000 7 
 fake.rf 1440.00000000 53540.38521183059545905 1.00000 7 
 fake.rf 1440.00000000 53550.29742711177861381 1.00000 7 
 fake.rf 1440.00000000 53560.29157041424279129 1.00000 7 
 fake.rf 1440.00000000 53570.27326194833491968 1.00000 7 
 fake.rf 1440.00000000 53580.27178019090253969 1.00000 7 
 fake.rf 1440.00000000 53590.21533280683652833 1.00000 7 
 fake.rf 1440.00000000 53600.19897522484207641 1.00000 7 
 fake.rf 1440.00000000 53610.13802592500617550 1.00000 7 
 fake.rf 1440.00000000 53620.14701747877529314 1.00000 7 
 fake.rf 1440.00000000 53630.13221825684598798 1.00000 7 
 fake.rf 1440.00000000 53640.09810670549081379 1.00000 7 
 fake.rf 1440.00000000 53650.03719016709498391 1.00000 7 
 fake.rf 1440.00000000 53660.01744465342716950 1.00000 7 
