FORMAT 1
MODE 1
 fake.rf 1440.00000000 50000.07122775231110978 1.00000 7 
 fake.rf 1440.00000000 50010.08107382582117850 1.00000 7 
 fake.rf 1440.00000000 50020.02137646235777879 1.00000 7 
 fake.rf 1440.00000000 50029.99279371912054515 1.00000 7 
 fake.rf 1440.00000000 50039.95605545481307885 1.00000 7 
 fake.rf 1440.00000000 50049.98825910769069480 1.00000 7 
 fake.rf 1440.00000000 50059.94948215854711648 1.00000 7 
 fake.rf 1440.00000000 50069.88609392246676677 1.00000 7 
 fake.rf 1440.00000000 50079.89966082332374597 1.00000 7 
 fake.rf 1440.00000000 50089.84934022695289713 1.00000 7 
 fake.rf 1440.00000000 50099.82841696178259028 1.00000 7 
 fake.rf 1440.00000000 50109.78848982194185524 1.00000 7 
 fake.rf 1440.00000000 50119.78319269116281376 1.00000 7 
 fake.rf 1440.00000000 50129.74350366585019145 1.00000 7 
 fake.rf 1440.00000000 50139.67963025379809494 1.00000 7 
 fake.rf 1440.00000000 50149.65532879731525639 1.00000 7 
 fake.rf 1440.00000000 50159.65139808382707898 1.00000 7 
 fake.rf 1440.00000000 50169.61729499283440958 1.00000 7 
 fake.rf 1440.00000000 50179.63796518649509437 1.00000 7 
 fake.rf 1440.00000000 50189.57188031175515874 1.00000 7 
 fake.rf 1440.00000000 50199.59379834389867625 1.00000 7 
 fake.rf 1440.00000000 50209.54761183021570403 1.00000 7 
 fake.rf 1440.00000000 50219.52911210944789744 1.00000 7 
 fake.rf 1440.00000000 50229.44622898940233213 1.00000 7 
 fake.rf 1440.00000000 50239.47288280360362833 1.00000 7 
 fake.rf 1440.00000000 50249.42522304677763856 1.00000 7 
 fake.rf 1440.00000000 50259.42051485174647496 1.00000 7 
 fake.rf 1440.00000000 50269.39495900577664855 1.00000 7 
 fake.rf 1440.00000000 50279.29347835532355049 1.00000 7 
 fake.rf 1440.00000000 50289.33122966470970638 1.00000 7 
 fake.rf 1440.00000000 50299.27936902910543182 1.00000 7 
 fake.rf 1440.00000000 50309.22488305993967472 1.00000 7 
 fake.rf 1440.00000000 50319.21645142233039039 1.00000 7 
 fake.rf 1440.00000000 50329.21553110516182628 1.00000 7 
 fake.rf 1440.00000000 50339.15976670406087479 1.00000 7 
 fake.rf 1440.00000000 50349.14190113138388583 1.00000 7 
 fake.rf 1440.00000000 50359.11715548385444308 1.00000 7 
 fake.rf 1440.00000000 50369.04991847169378261 1.00000 7 
 fake.rf 1440.00000000 50379.07930232244465429 1.00000 7 
 fake.rf 1440.00000000 50389.01209458939169394 1.00000 7 
 fake.rf 1440.00000000 50399.00517465195676792 1.00000 7 
 fake.rf 1440.00000000 50408.95760626024180340 1.00000 7 
 fake.rf 1440.00000000 50418.96110901832639328 1.00000 7 
 fake.rf 1440.00000000 50428.89286295954651962 1.00000 7 
 fake.rf 1440.00000000 50438.91624317708960845 1.00000 7 
 fake.rf 1440.00000000 50448.88317687289852032 1.00000 7 
 fake.rf 1440.00000000 50458.81793370279932276 1.00000 7 
 fake.rf 1440.00000000 50468.78135418768903975 1.00000 7 
 fake.rf 1440.00000000 50478.82482245017640565 1.00000 7 
 fake.rf 1440.00000000 50488.72422046483587721 1.00000 7 
 fake.rf 1440.00000000 50498.73219377782248074 1.00000 7 
 fake.rf 1440.00000000 50508.74155108903899603 1.00000 7 
 fake.rf 1440.00000000 50518.70540026265354427 1.00000 7 
 fake.rf 1440.00000000 50528.63884481794670478 1.00000 7 
 fake.rf 1440.00000000 50538.59262335416208956 1.00000 7 
 fake.rf 1440.00000000 50548.61043064763898158 1.00000 7 
 fake.rf 1440.00000000 50558.60685313665765861 1.00000 7 
 fake.rf 1440.00000000 50568.58322780123495477 1.00000 7 
 fake.rf 1440.00000000 50578.51945026805377381 1.00000 7 
 fake.rf 1440.00000000 50588.52502974337625119 1.00000 7 
 fake.rf 1440.00000000 50598.48312674661337596 1.00000 7 
 fake.rf 1440.00000000 50608.39479288846791860 1.00000 7 
 fake.rf 1440.00000000 50618.37319071878742349 1.00000 7 
 fake.rf 1440.00000000 50628.35016041129711439 1.00000 7 
 fake.rf 1440.00000000 50638.37154390824409944 1.00000 7 
 fake.rf 1440.00000000 50648.32148172136395203 1.00000 7 
 fake.rf 1440.00000000 50658.30789014270172643 1.00000 7 
 fake.rf 1440.00000000 50668.24849899324226143 1.00000 7 
 fake.rf 1440.00000000 50678.24183746135406992 1.00000 7 
 fake.rf 1440.00000000 50688.20160076232342661 1.00000 7 
 fake.rf 1440.00000000 50698.18563954568337238 1.00000 7 
 fake.rf 1440.00000000 50708.19936238088494562 1.00000 7 
 fake.rf 1440.00000000 50718.13886160762067234 1.00000 7 
 fake.rf 1440.00000000 50728.07037414304322809 1.00000 7 
 fake.rf 1440.00000000 50738.04315525033162970 1.00000 7 
 fake.rf 1440.00000000 50748.03333902716099146 1.00000 7 
 fake.rf 1440.00000000 50758.04242296620507346 1.00000 7 
 fake.rf 1440.00000000 50767.97726520599493938 1.00000 7 
 fake.rf 1440.00000000 50777.95817384663844152 1.00000 7 
 fake.rf 1440.00000000 50787.95469700086562881 1.00000 7 
 fake.rf 1440.00000000 50797.89957494713794262 1.00000 7 
 fake.rf 1440.00000000 50807.91576123648139429 1.00000 7 
 fake.rf 1440.00000000 50817.86561269948727215 1.00000 7 
 fake.rf 1440.00000000 50827.80164414657751237 1.00000 7 
 fake.rf 1440.00000000 50837.77857932728906221 1.00000 7 
 fake.rf 1440.00000000 50847.79284696561009582 1.00000 7 
 fake.rf 1440.00000000 50857.77399005767992435 1.00000 7 
 fake.rf 1440.00000000 50867.69131870176272869 1.00000 7 
 fake.rf 1440.00000000 50877.70926538482951429 1.00000 7 
 fake.rf 1440.00000000 50887.65393525815913733 1.00000 7 
 fake.rf 1440.00000000 50897.60414772786625193 1.00000 7 
 fake.rf 1440.00000000 50907.60749573996275430 1.00000 7 
 fake.rf 1440.00000000 50917.57446939198932512 1.00000 7 
 fake.rf 1440.00000000 50927.53038406008102612 1.00000 7 
 fake.rf 1440.00000000 50937.53800608748299439 1.00000 7 
 fake.rf 1440.00000000 50947.47033424368026999 1.00000 7 
 fake.rf 1440.00000000 50957.48682435779581468 1.00000 7 
 fake.rf 1440.00000000 50967.42482582085465026 1.00000 7 
 fake.rf 1440.00000000 50977.40840053509569785 1.00000 7 
 fake.rf 1440.00000000 50987.36220007302960866 1.00000 7 
 fake.rf 1440.00000000 50997.37060251884001971 1.00000 7 
 fake.rf 1440.00000000 51007.36552031478592184 1.00000 7 
 fake.rf 1440.00000000 51017.27701372265413227 1.00000 7 
 fake.rf 1440.00000000 51027.25221972304649753 1.00000 7 
 fake.rf 1440.00000000 51037.28928773911221839 1.00000 7 
 fake.rf 1440.00000000 51047.20086655493438599 1.00000 7 
 fake.rf 1440.00000000 51057.19356067570008406 1.00000 7 
 fake.rf 1440.00000000 51067.18368361197429195 1.00000 7 
 fake.rf 1440.00000000 51077.14074237407951884 1.00000 7 
 fake.rf 1440.00000000 51087.14164945032199583 1.00000 7 
 fake.rf 1440.00000000 51097.07226656661974573 1.00000 7 
 fake.rf 1440.00000000 51107.08484090443766235 1.00000 7 
 fake.rf 1440.00000000 51117.04590527103614050 1.00000 7 
 fake.rf 1440.00000000 51127.03701152338286562 1.00000 7 
 fake.rf 1440.00000000 51137.01292166408340023 1.00000 7 
 fake.rf 1440.00000000 51146.97822550711412504 1.00000 7 
 fake.rf 1440.00000000 51156.92757041701945653 1.00000 7 
 fake.rf 1440.00000000 51166.91192795911760527 1.00000 7 
 fake.rf 1440.00000000 51176.90519814002421128 1.00000 7 
 fake.rf 1440.00000000 51186.81646075264761819 1.00000 7 
 fake.rf 1440.00000000 51196.85612579819979828 1.00000 7 
 fake.rf 1440.00000000 51206.82691281293483243 1.00000 7 
 fake.rf 1440.00000000 51216.76882774620391103 1.00000 7 
 fake.rf 1440.00000000 51226.71943746595604807 1.00000 7 
 fake.rf 1440.00000000 51236.67344344412578749 1.00000 7 
 fake.rf 1440.00000000 51246.65028472993838093 1.00000 7 
 fake.rf 1440.00000000 51256.64386031326777271 1.00000 7 
 fake.rf 1440.00000000 51266.64166071596208241 1.00000 7 
 fake.rf 1440.00000000 51276.58380782485799187 1.00000 7 
 fake.rf 1440.00000000 51286.58826245724197790 1.00000 7 
 fake.rf 1440.00000000 51296.56716672464959217 1.00000 7 
 fake.rf 1440.00000000 51306.54502060598184343 1.00000 7 
 fake.rf 1440.00000000 51316.48836404489598451 1.00000 7 
 fake.rf 1440.00000000 51326.48939934662198326 1.00000 7 
 fake.rf 1440.00000000 51336.46976358620778669 1.00000 7 
 fake.rf 1440.00000000 51346.39414603043603691 1.00000 7 
 fake.rf 1440.00000000 51356.41739782049531371 1.00000 7 
 fake.rf 1440.00000000 51366.33442721840327394 1.00000 7 
 fake.rf 1440.00000000 51376.35957024165961471 1.00000 7 
 fake.rf 1440.00000000 51386.28385178424457180 1.00000 7 
 fake.rf 1440.00000000 51396.31242593864019597 1.00000 7 
 fake.rf 1440.00000000 51406.21215708868976790 1.00000 7 
 fake.rf 1440.00000000 51416.25965065450816027 1.00000 7 
 fake.rf 1440.00000000 51426.19326012643416846 1.00000 7 
 fake.rf 1440.00000000 51436.19473518864034034 1.00000 7 
 fake.rf 1440.00000000 51446.16210989064176573 1.00000 7 
 fake.rf 1440.00000000 51456.08832758181353384 1.00000 7 
 fake.rf 1440.00000000 51466.06645187646520512 1.00000 7 
 fake.rf 1440.00000000 51476.04548844629886517 1.00000 7 
 fake.rf 1440.00000000 51485.99228063743926853 1.00000 7 
 fake.rf 1440.00000000 51495.99230520831151736 1.00000 7 
 fake.rf 1440.00000000 51505.95497785654011480 1.00000 7 
 fake.rf 1440.00000000 51515.98319471438110995 1.00000 7 
 fake.rf 1440.00000000 51525.95243852999911738 1.00000 7 
 fake.rf 1440.00000000 51535.89302523060476346 1.00000 7 
 fake.rf 1440.00000000 51545.90255240138698412 1.00000 7 
 fake.rf 1440.00000000 51555.87594188986161114 1.00000 7 
 fake.rf 1440.00000000 51565.83740847411979047 1.00000 7 
 fake.rf 1440.00000000 51575.78870703754981264 1.00000 7 
 fake.rf 1440.00000000 51585.73154798449315095 1.00000 7 
 fake.rf 1440.00000000 51595.72477354096557178 1.00000 7 
 fake.rf 1440.00000000 51605.68228067810452586 1.00000 7 
 fake.rf 1440.00000000 51615.71361318896169479 1.00000 7 
 fake.rf 1440.00000000 51625.67748649258362192 1.00000 7 
 fake.rf 1440.00000000 51635.57999995572453855 1.00000 7 
 fake.rf 1440.00000000 51645.61900101913236583 1.00000 7 
 fake.rf 1440.00000000 51655.53456112122962907 1.00000 7 
 fake.rf 1440.00000000 51665.57096402863973239 1.00000 7 
 fake.rf 1440.00000000 51675.47096549049489056 1.00000 7 
 fake.rf 1440.00000000 51685.52230629574776444 1.00000 7 
 fake.rf 1440.00000000 51695.42696175584871554 1.00000 7 
 fake.rf 1440.00000000 51705.46617502464174976 1.00000 7 
 fake.rf 1440.00000000 51715.44455129456743236 1.00000 7 
 fake.rf 1440.00000000 51725.34067132341033002 1.00000 7 
 fake.rf 1440.00000000 51735.34079840306926457 1.00000 7 
 fake.rf 1440.00000000 51745.34795406862740919 1.00000 7 
 fake.rf 1440.00000000 51755.32208645123822421 1.00000 7 
 fake.rf 1440.00000000 51765.27573557161543505 1.00000 7 
 fake.rf 1440.00000000 51775.20498651747901420 1.00000 7 
 fake.rf 1440.00000000 51785.18545983191576099 1.00000 7 
 fake.rf 1440.00000000 51795.19653881244440541 1.00000 7 
 fake.rf 1440.00000000 51805.15311866467267876 1.00000 7 
 fake.rf 1440.00000000 51815.12356892564794109 1.00000 7 
 fake.rf 1440.00000000 51825.10683575971533443 1.00000 7 
 fake.rf 1440.00000000 51835.05996379107025973 1.00000 7 
 fake.rf 1440.00000000 51845.08163842033429347 1.00000 7 
 fake.rf 1440.00000000 51855.01840341059569184 1.00000 7 
 fake.rf 1440.00000000 51864.97222525471010357 1.00000 7 
 fake.rf 1440.00000000 51874.98267082512313664 1.00000 7 
 fake.rf 1440.00000000 51884.89803871588513928 1.00000 7 
 fake.rf 1440.00000000 51894.90533916874698761 1.00000 7 
 fake.rf 1440.00000000 51904.85298127917852895 1.00000 7 
 fake.rf 1440.00000000 51914.83649396417339617 1.00000 7 
 fake.rf 1440.00000000 51924.81909793697681721 1.00000 7 
 fake.rf 1440.00000000 51934.84125101101836108 1.00000 7 
 fake.rf 1440.00000000 51944.75458150589978246 1.00000 7 
 fake.rf 1440.00000000 51954.72015752934249022 1.00000 7 
 fake.rf 1440.00000000 51964.68517502447851086 1.00000 7 
 fake.rf 1440.00000000 51974.66221279812324951 1.00000 7 
 fake.rf 1440.00000000 51984.63842796221559794 1.00000 7 
 fake.rf 1440.00000000 51994.59875725221063547 1.00000 7 
 fake.rf 1440.00000000 52004.59108814395394660 1.00000 7 
 fake.rf 1440.00000000 52014.55048755693868046 1.00000 7 
 fake.rf 1440.00000000 52024.51649743193604536 1.00000 7 
 fake.rf 1440.00000000 52034.51558606615402525 1.00000 7 
 fake.rf 1440.00000000 52044.50241687768670928 1.00000 7 
 fake.rf 1440.00000000 52054.50288675801590088 1.00000 7 
 fake.rf 1440.00000000 52064.42007877308749642 1.00000 7 
 fake.rf 1440.00000000 52074.38786303560042867 1.00000 7 
 fake.rf 1440.00000000 52084.42822153431168530 1.00000 7 
 fake.rf 1440.00000000 52094.35319115540120194 1.00000 7 
 fake.rf 1440.00000000 52104.35935875474372025 1.00000 7 
 fake.rf 1440.00000000 52114.30026811101370043 1.00000 7 
 fake.rf 1440.00000000 52124.30632566030765673 1.00000 7 
 fake.rf 1440.00000000 52134.23973109304350615 1.00000 7 
 fake.rf 1440.00000000 52144.24440615383228348 1.00000 7 
 fake.rf 1440.00000000 52154.21610932218049683 1.00000 7 
 fake.rf 1440.00000000 52164.19691741848540900 1.00000 7 
 fake.rf 1440.00000000 52174.18271868285984993 1.00000 7 
 fake.rf 1440.00000000 52184.10883841615710210 1.00000 7 
 fake.rf 1440.00000000 52194.11565205569460346 1.00000 7 
 fake.rf 1440.00000000 52204.05272474815624761 1.00000 7 
 fake.rf 1440.00000000 52214.03712425210154180 1.00000 7 
 fake.rf 1440.00000000 52223.97142160901635322 1.00000 7 
 fake.rf 1440.00000000 52234.00173591940765405 1.00000 7 
 fake.rf 1440.00000000 52243.95225950766570477 1.00000 7 
 fake.rf 1440.00000000 52253.91052505178399201 1.00000 7 
 fake.rf 1440.00000000 52263.93371971010117250 1.00000 7 
 fake.rf 1440.00000000 52273.87656514899042293 1.00000 7 
 fake.rf 1440.00000000 52283.83917276472374880 1.00000 7 
 fake.rf 1440.00000000 52293.78255356717874847 1.00000 7 
 fake.rf 1440.00000000 52303.79636596596035147 1.00000 7 
 fake.rf 1440.00000000 52313.77860882548967680 1.00000 7 
 fake.rf 1440.00000000 52323.70869338677319149 1.00000 7 
 fake.rf 1440.00000000 52333.71581996553156557 1.00000 7 
 fake.rf 1440.00000000 52343.72445581337628795 1.00000 7 
 fake.rf 1440.00000000 52353.66867552286561605 1.00000 7 
 fake.rf 1440.00000000 52363.62024298078272722 1.00000 7 
 fake.rf 1440.00000000 52373.57337515013407980 1.00000 7 
 fake.rf 1440.00000000 52383.59601677062915925 1.00000 7 
 fake.rf 1440.00000000 52393.53191376940674573 1.00000 7 
 fake.rf 1440.00000000 52403.52065323861563684 1.00000 7 
 fake.rf 1440.00000000 52413.49343345245878822 1.00000 7 
 fake.rf 1440.00000000 52423.48087745646463276 1.00000 7 
 fake.rf 1440.00000000 52433.41964549917038951 1.00000 7 
 fake.rf 1440.00000000 52443.43646878907795283 1.00000 7 
 fake.rf 1440.00000000 52453.37255885618101203 1.00000 7 
 fake.rf 1440.00000000 52463.39366773218273110 1.00000 7 
 fake.rf 1440.00000000 52473.33527011879941782 1.00000 7 
 fake.rf 1440.00000000 52483.28446576642778609 1.00000 7 
 fake.rf 1440.00000000 52493.25899873108373228 1.00000 7 
 fake.rf 1440.00000000 52503.23471907332328357 1.00000 7 
 fake.rf 1440.00000000 52513.23162510083405508 1.00000 7 
 fake.rf 1440.00000000 52523.21786187224281406 1.00000 7 
 fake.rf 1440.00000000 52533.15518392677826043 1.00000 7 
 fake.rf 1440.00000000 52543.12637527554833383 1.00000 7 
 fake.rf 1440.00000000 52553.09043997052267727 1.00000 7 
 fake.rf 1440.00000000 52563.09666521053582855 1.00000 7 
 fake.rf 1440.00000000 52573.03502221774291314 1.00000 7 
 fake.rf 1440.00000000 52583.05257001155217012 1.00000 7 
 fake.rf 1440.00000000 52592.96537390378660604 1.00000 7 
 fake.rf 1440.00000000 52602.95774937951171424 1.00000 7 
 fake.rf 1440.00000000 52612.93308056181549404 1.00000 7 
 fake.rf 1440.00000000 52622.93876498130292774 1.00000 7 
 fake.rf 1440.00000000 52632.88852935137728650 1.00000 7 
 fake.rf 1440.00000000 52642.89829144370860448 1.00000 7 
 fake.rf 1440.00000000 52652.85658267084681583 1.00000 7 
 fake.rf 1440.00000000 52662.77787111342512816 1.00000 7 
 fake.rf 1440.00000000 52672.76650500899284424 1.00000 7 
 fake.rf 1440.00000000 52682.78856607690227776 1.00000 7 
 fake.rf 1440.00000000 52692.75980045947141761 1.00000 7 
 fake.rf 1440.00000000 52702.71163569360157908 1.00000 7 
 fake.rf 1440.00000000 52712.66640721192684538 1.00000 7 
 fake.rf 1440.00000000 52722.63772613079614970 1.00000 7 
 fake.rf 1440.00000000 52732.60430970165246478 1.00000 7 
 fake.rf 1440.00000000 52742.60848695345893589 1.00000 7 
 fake.rf 1440.00000000 52752.54060015725734800 1.00000 7 
 fake.rf 1440.00000000 52762.55391147352254322 1.00000 7 
 fake.rf 1440.00000000 52772.52316859217030753 1.00000 7 
 fake.rf 1440.00000000 52782.50752185008503048 1.00000 7 
 fake.rf 1440.00000000 52792.41399982945041103 1.00000 7 
 fake.rf 1440.00000000 52802.46842753158127692 1.00000 7 
 fake.rf 1440.00000000 52812.37247217006456523 1.00000 7 
 fake.rf 1440.00000000 52822.38649384047293367 1.00000 7 
 fake.rf 1440.00000000 52832.37112933937924808 1.00000 7 
 fake.rf 1440.00000000 52842.32313369298888617 1.00000 7 
 fake.rf 1440.00000000 52852.25231768702785828 1.00000 7 
 fake.rf 1440.00000000 52862.22832223924532258 1.00000 7 
 fake.rf 1440.00000000 52872.21385615290304472 1.00000 7 
 fake.rf 1440.00000000 52882.19203481144328904 1.00000 7 
 fake.rf 1440.00000000 52892.21289150197440421 1.00000 7 
 fake.rf 1440.00000000 52902.13853360623516764 1.00000 7 
 fake.rf 1440.00000000 52912.13639211233085291 1.00000 7 
 fake.rf 1440.00000000 52922.07655096784559490 1.00000 7 
 fake.rf 1440.00000000 52932.03518181405211607 1.00000 7 
 fake.rf 1440.00000000 52942.01010901766255756 1.00000 7 
 fake.rf 1440.00000000 52951.98733434841125955 1.00000 7 
 fake.rf 1440.00000000 52962.01489408510033385 1.00000 7 
 fake.rf 1440.00000000 52971.93841403341198770 1.00000 7 
 fake.rf 1440.00000000 52981.93157760585219052 1.00000 7 
 fake.rf 1440.00000000 52991.92516939541912180 1.00000 7 
 fake.rf 1440.00000000 53001.84722804232650972 1.00000 7 
 fake.rf 1440.00000000 53011.81953117523162078 1.00000 7 
 fake.rf 1440.00000000 53021.79519885460429407 1.00000 7 
 fake.rf 1440.00000000 53031.79921411069916459 1.00000 7 
 fake.rf 1440.00000000 53041.76540514534345050 1.00000 7 
 fake.rf 1440.00000000 53051.77255437611561462 1.00000 7 
 fake.rf 1440.00000000 53061.73598717721517204 1.00000 7 
 fake.rf 1440.00000000 53071.65946052563680269 1.00000 7 
 fake.rf 1440.00000000 53081.66317119217209353 1.00000 7 
 fake.rf 1440.00000000 53091.63826158058575899 1.00000 7 
 fake.rf 1440.00000000 53101.57885057359658987 1.00000 7 
 fake.rf 1440.00000000 53111.58095999145774257 1.00000 7 
 fake.rf 1440.00000000 53121.57073264450066929 1.00000 7 
 fake.rf 1440.00000000 53131.55264767092050349 1.00000 7 
 fake.rf 1440.00000000 53141.48336355593848168 1.00000 7 
 fake.rf 1440.00000000 53151.45244489692649736 1.00000 7 
 fake.rf 1440.00000000 53161.47418159431481044 1.00000 7 
 fake.rf 1440.00000000 53171.40820636999220383 1.00000 7 
 fake.rf 1440.00000000 53181.39012594806686707 1.00000 7 
 fake.rf 1440.00000000 53191.33401228997903587 1.00000 7 
 fake.rf 1440.00000000 53201.31619810525000247 1.00000 7 
 fake.rf 1440.00000000 53211.33439747231210504 1.00000 7 
 fake.rf 1440.00000000 53221.30344662177333959 1.00000 7 
 fake.rf 1440.00000000 53231.25309563755747533 1.00000 7 
 fake.rf 1440.00000000 53241.25723019555126925 1.00000 7 
 fake.rf 1440.00000000 53251.22851089724794349 1.00000 7 
 fake.rf 1440.00000000 53261.18268954158003226 1.00000 7 
 fake.rf 1440.00000000 53271.15835486372317220 1.00000 7 
 fake.rf 1440.00000000 53281.08045983043577110 1.00000 7 
 fake.rf 1440.00000000 53291.05510638407991308 1.00000 7 
 fake.rf 1440.00000000 53301.05166779795466070 1.00000 7 
 fake.rf 1440.00000000 53311.00646912229194285 1.00000 7 
 fake.rf 1440.00000000 53320.98072311984412153 1.00000 7 
 fake.rf 1440.00000000 53330.98025655727412442 1.00000 7 
 fake.rf 1440.00000000 53340.96637747443160649 1.00000 7 
 fake.rf 1440.00000000 53350.93412682317767093 1.00000 7 
 fake.rf 1440.00000000 53360.88478049600299968 1.00000 7 
 fake.rf 1440.00000000 53370.86163853225389175 1.00000 7 
 fake.rf 1440.00000000 53380.86349892850020993 1.00000 7 
 fake.rf 1440.00000000 53390.84516758779594880 1.00000 7 
 fake.rf 1440.00000000 53400.82442036264836815 1.00000 7 
 fake.rf 1440.00000000 53410.79417407879611801 1.00000 7 
 fake.rf 1440.00000000 53420.72192315930260520 1.00000 7 
 fake.rf 1440.00000000 53430.71825291266636171 1.00000 7 
 fake.rf 1440.00000000 53440.69722597437162648 1.00000 7 
 fake.rf 1440.00000000 53450.66632862093787537 1.00000 7 
 fake.rf 1440.00000000 53460.65904405276761935 1.00000 7 
 fake.rf 1440.00000000 53470.60372477911932165 1.00000 7 
 fake.rf 1440.00000000 53480.53415654868916462 1.00000 7 
 fake.rf 1440.00000000 53490.53609590443445754 1.00000 7 
 fake.rf 1440.00000000 53500.53530064646565734 1.00000 7 
 fake.rf 1440.00000000 53510.47522255626874710 1.00000 7 
 fake.rf 1440.00000000 53520.43933229459955214 1.00000 7 
 fake.rf 1440.00000000 53530.43489053735544658 1.00000 7 
 fake.rf 1440.00000000 53540.43509910297233745 1.00000 7 
 fake.rf 1440.00000000 53550.34731438689101068 1.00000 7 
 fake.rf 1440.00000000 53560.34145764501791120 1.00000 7 
 fake.rf 1440.00000000 53570.32314921514191042 1.00000 7 
 fake.rf 1440.00000000 53580.32166748486937280 1.00000 7 
 fake.rf 1440.00000000 53590.26522004987272041 1.00000 7 
 fake.rf 1440.00000000 53600.24886249642317892 1.00000 7 
 fake.rf 1440.00000000 53610.18791317778883254 1.00000 7 
 fake.rf 1440.00000000 53620.19690473781964002 1.00000 7 
 fake.rf 1440.00000000 53630.18210551196764158 1.00000 7 
 fake.rf 1440.00000000 53640.14799397867749065 1.00000 7 
 fake.rf 1440.00000000 53650.08707743637261345 1.00000 7 
 fake.rf 1440.00000000 53660.06733192050324277 1.00000 7 
