FORMAT 1
MODE 1
 fake.rf 1440.00000000 50000.10830390750261998 1.00000 7 
 fake.rf 1440.00000000 50010.11814996417367141 1.00000 7 
 fake.rf 1440.00000000 50020.05845264509200732 1.00000 7 
 fake.rf 1440.00000000 50030.02986986677485604 1.00000 7 
 fake.rf 1440.00000000 50039.99313159406057494 1.00000 7 
 fake.rf 1440.00000000 50050.02533523353635303 1.00000 7 
 fake.rf 1440.00000000 50059.98655829490760283 1.00000 7 
 fake.rf 1440.00000000 50069.92317008093614206 1.00000 7 
 fake.rf 1440.00000000 50079.93673700635395463 1.00000 7 
 fake.rf 1440.00000000 50089.88641640793363408 1.00000 7 
 fake.rf 1440.00000000 50099.86549310120628320 1.00000 7 
 fake.rf 1440.00000000 50109.82556595190986215 1.00000 7 
 fake.rf 1440.00000000 50119.82026885843625053 1.00000 7 
 fake.rf 1440.00000000 50129.78057980757527901 1.00000 7 
 fake.rf 1440.00000000 50139.71670641410079838 1.00000 7 
 fake.rf 1440.00000000 50149.69240493708574746 1.00000 7 
 fake.rf 1440.00000000 50159.68847420777422030 1.00000 7 
 fake.rf 1440.00000000 50169.65437111938275550 1.00000 7 
 fake.rf 1440.00000000 50179.67504134617171019 1.00000 7 
 fake.rf 1440.00000000 50189.60895648091627308 1.00000 7 
 fake.rf 1440.00000000 50199.63087447550481457 1.00000 7 
 fake.rf 1440.00000000 50209.58468800912706698 1.00000 7 
 fake.rf 1440.00000000 50219.56618822365052424 1.00000 7 
 fake.rf 1440.00000000 50229.48330516572566395 1.00000 7 
 fake.rf 1440.00000000 50239.50995894153138011 1.00000 7 
 fake.rf 1440.00000000 50249.46229916648236014 1.00000 7 
 fake.rf 1440.00000000 50259.45759101927096069 1.00000 7 
 fake.rf 1440.00000000 50269.43203511925169025 1.00000 7 
 fake.rf 1440.00000000 50279.33055448727716197 1.00000 7 
 fake.rf 1440.00000000 50289.36830582228256148 1.00000 7 
 fake.rf 1440.00000000 50299.31644516763985209 1.00000 7 
 fake.rf 1440.00000000 50309.26195923752936778 1.00000 7 
 fake.rf 1440.00000000 50319.25352753978443587 1.00000 7 
 fake.rf 1440.00000000 50329.25260725362880621 1.00000 7 
 fake.rf 1440.00000000 50339.19684289299307167 1.00000 7 
 fake.rf 1440.00000000 50349.17897727687691756 1.00000 7 
 fake.rf 1440.00000000 50359.15423162645068444 1.00000 7 
 fake.rf 1440.00000000 50369.08699466280959456 1.00000 7 
 fake.rf 1440.00000000 50379.11637851004203625 1.00000 7 
 fake.rf 1440.00000000 50389.04917073127303695 1.00000 7 
 fake.rf 1440.00000000 50399.04225082236452593 1.00000 7 
 fake.rf 1440.00000000 50408.99468239558649785 1.00000 7 
 fake.rf 1440.00000000 50418.99818516510853073 1.00000 7 
 fake.rf 1440.00000000 50428.92993910278941883 1.00000 7 
 fake.rf 1440.00000000 50438.95331930819724420 1.00000 7 
 fake.rf 1440.00000000 50448.92025300488685602 1.00000 7 
 fake.rf 1440.00000000 50458.85500984702237304 1.00000 7 
 fake.rf 1440.00000000 50468.81843035969000866 1.00000 7 
 fake.rf 1440.00000000 50478.86189864718919651 1.00000 7 
 fake.rf 1440.00000000 50488.76129660684564726 1.00000 7 
 fake.rf 1440.00000000 50498.76926996054572427 1.00000 7 
 fake.rf 1440.00000000 50508.77862726037538010 1.00000 7 
 fake.rf 1440.00000000 50518.74247640741385723 1.00000 7 
 fake.rf 1440.00000000 50528.67592097097309889 1.00000 7 
 fake.rf 1440.00000000 50538.62969950239539330 1.00000 7 
 fake.rf 1440.00000000 50548.64750684846573137 1.00000 7 
 fake.rf 1440.00000000 50558.64392926129615091 1.00000 7 
 fake.rf 1440.00000000 50568.62030394300472125 1.00000 7 
 fake.rf 1440.00000000 50578.55652639811754057 1.00000 7 
 fake.rf 1440.00000000 50588.56210587537271550 1.00000 7 
 fake.rf 1440.00000000 50598.52020286012132644 1.00000 7 
 fake.rf 1440.00000000 50608.43186904212252131 1.00000 7 
 fake.rf 1440.00000000 50618.41026685341648772 1.00000 7 
 fake.rf 1440.00000000 50628.38723655811580926 1.00000 7 
 fake.rf 1440.00000000 50638.40862004315902212 1.00000 7 
 fake.rf 1440.00000000 50648.35855786042043292 1.00000 7 
 fake.rf 1440.00000000 50658.34496628981546706 1.00000 7 
 fake.rf 1440.00000000 50668.28557517061394933 1.00000 7 
 fake.rf 1440.00000000 50678.27891359543119165 1.00000 7 
 fake.rf 1440.00000000 50688.23867691159273718 1.00000 7 
 fake.rf 1440.00000000 50698.22271568466099367 1.00000 7 
 fake.rf 1440.00000000 50708.23643852037157131 1.00000 7 
 fake.rf 1440.00000000 50718.17593774122343930 1.00000 7 
 fake.rf 1440.00000000 50728.10745033498455925 1.00000 7 
 fake.rf 1440.00000000 50738.08023143797527510 1.00000 7 
 fake.rf 1440.00000000 50748.07041522554736801 1.00000 7 
 fake.rf 1440.00000000 50758.07949913882322335 1.00000 7 
 fake.rf 1440.00000000 50768.01434137808390190 1.00000 7 
 fake.rf 1440.00000000 50777.99524998418503330 1.00000 7 
 fake.rf 1440.00000000 50787.99177313354321583 1.00000 7 
 fake.rf 1440.00000000 50797.93665113571072922 1.00000 7 
 fake.rf 1440.00000000 50807.95283737645356226 1.00000 7 
 fake.rf 1440.00000000 50817.90268887440310408 1.00000 7 
 fake.rf 1440.00000000 50827.83872029811133331 1.00000 7 
 fake.rf 1440.00000000 50837.81565545424106745 1.00000 7 
 fake.rf 1440.00000000 50847.82992312695152393 1.00000 7 
 fake.rf 1440.00000000 50857.81106624784760939 1.00000 7 
 fake.rf 1440.00000000 50867.72839486485421290 1.00000 7 
 fake.rf 1440.00000000 50877.74634155949983949 1.00000 7 
 fake.rf 1440.00000000 50887.69101140616876933 1.00000 7 
 fake.rf 1440.00000000 50897.64122384241623109 1.00000 7 
 fake.rf 1440.00000000 50907.64457190285222410 1.00000 7 
 fake.rf 1440.00000000 50917.61154558665237246 1.00000 7 
 fake.rf 1440.00000000 50927.56746018733211656 1.00000 7 
 fake.rf 1440.00000000 50937.57508221962461903 1.00000 7 
 fake.rf 1440.00000000 50947.50741043288832088 1.00000 7 
 fake.rf 1440.00000000 50957.52390048213066009 1.00000 7 
 fake.rf 1440.00000000 50967.46190195616169305 1.00000 7 
 fake.rf 1440.00000000 50977.44547665885998811 1.00000 7 
 fake.rf 1440.00000000 50987.39927624250095306 1.00000 7 
 fake.rf 1440.00000000 50997.40767866391033181 1.00000 7 
 fake.rf 1440.00000000 51007.40259646601221633 1.00000 7 
 fake.rf 1440.00000000 51017.31408986075569700 1.00000 7 
 fake.rf 1440.00000000 51027.28929590990409437 1.00000 7 
 fake.rf 1440.00000000 51037.32636390035253626 1.00000 7 
 fake.rf 1440.00000000 51047.23794271910584897 1.00000 7 
 fake.rf 1440.00000000 51057.23063687470318328 1.00000 7 
 fake.rf 1440.00000000 51067.22075977126493385 1.00000 7 
 fake.rf 1440.00000000 51077.17781855468887642 1.00000 7 
 fake.rf 1440.00000000 51087.17872561408478660 1.00000 7 
 fake.rf 1440.00000000 51097.10934269663534479 1.00000 7 
 fake.rf 1440.00000000 51107.12191708889289288 1.00000 7 
 fake.rf 1440.00000000 51117.08298141338351073 1.00000 7 
 fake.rf 1440.00000000 51127.07408768816211619 1.00000 7 
 fake.rf 1440.00000000 51137.04999780033343271 1.00000 7 
 fake.rf 1440.00000000 51147.01530167810957295 1.00000 7 
 fake.rf 1440.00000000 51156.96464659953615239 1.00000 7 
 fake.rf 1440.00000000 51166.94900409323020440 1.00000 7 
 fake.rf 1440.00000000 51176.94227429046159372 1.00000 7 
 fake.rf 1440.00000000 51186.85353686875784618 1.00000 7 
 fake.rf 1440.00000000 51196.89320198024513786 1.00000 7 
 fake.rf 1440.00000000 51206.86398895651358387 1.00000 7 
 fake.rf 1440.00000000 51216.80590389272644103 1.00000 7 
 fake.rf 1440.00000000 51226.75651362941965772 1.00000 7 
 fake.rf 1440.00000000 51236.71051956767903945 1.00000 7 
 fake.rf 1440.00000000 51246.68736092869163556 1.00000 7 
 fake.rf 1440.00000000 51256.68093648737751167 1.00000 7 
 fake.rf 1440.00000000 51266.67873688650837138 1.00000 7 
 fake.rf 1440.00000000 51276.62088401629605983 1.00000 7 
 fake.rf 1440.00000000 51286.62533858140870535 1.00000 7 
 fake.rf 1440.00000000 51296.60424289197379011 1.00000 7 
 fake.rf 1440.00000000 51306.58209674508436038 1.00000 7 
 fake.rf 1440.00000000 51316.52544021335102897 1.00000 7 
 fake.rf 1440.00000000 51326.52647547459384825 1.00000 7 
 fake.rf 1440.00000000 51336.50683978090601300 1.00000 7 
 fake.rf 1440.00000000 51346.43122218650524502 1.00000 7 
 fake.rf 1440.00000000 51356.45447398812708428 1.00000 7 
 fake.rf 1440.00000000 51366.37150338155915108 1.00000 7 
 fake.rf 1440.00000000 51376.39664642924283200 1.00000 7 
 fake.rf 1440.00000000 51386.32092797523241146 1.00000 7 
 fake.rf 1440.00000000 51396.34950210206561039 1.00000 7 
 fake.rf 1440.00000000 51406.24923324392067414 1.00000 7 
 fake.rf 1440.00000000 51416.29672675975857743 1.00000 7 
 fake.rf 1440.00000000 51426.23033627817058999 1.00000 7 
 fake.rf 1440.00000000 51436.23181137706183819 1.00000 7 
 fake.rf 1440.00000000 51446.19918605381678844 1.00000 7 
 fake.rf 1440.00000000 51456.12540371658007388 1.00000 7 
 fake.rf 1440.00000000 51466.10352806495356504 1.00000 7 
 fake.rf 1440.00000000 51476.08256462494650307 1.00000 7 
 fake.rf 1440.00000000 51486.02935681580740734 1.00000 7 
 fake.rf 1440.00000000 51496.02938135130656860 1.00000 7 
 fake.rf 1440.00000000 51505.99205397310277377 1.00000 7 
 fake.rf 1440.00000000 51516.02027089014751482 1.00000 7 
 fake.rf 1440.00000000 51525.98951468377077845 1.00000 7 
 fake.rf 1440.00000000 51535.93010136499259133 1.00000 7 
 fake.rf 1440.00000000 51545.93962852496107274 1.00000 7 
 fake.rf 1440.00000000 51555.91301804105427919 1.00000 7 
 fake.rf 1440.00000000 51565.87448464344918264 1.00000 7 
 fake.rf 1440.00000000 51575.82578321602802873 1.00000 7 
 fake.rf 1440.00000000 51585.76862415537141615 1.00000 7 
 fake.rf 1440.00000000 51595.76184967522643632 1.00000 7 
 fake.rf 1440.00000000 51605.71935685554243278 1.00000 7 
 fake.rf 1440.00000000 51615.75068934660926701 1.00000 7 
 fake.rf 1440.00000000 51625.71456261989330727 1.00000 7 
 fake.rf 1440.00000000 51635.61707609840636479 1.00000 7 
 fake.rf 1440.00000000 51645.65607715239362108 1.00000 7 
 fake.rf 1440.00000000 51655.57163727429730571 1.00000 7 
 fake.rf 1440.00000000 51665.60804017660286291 1.00000 7 
 fake.rf 1440.00000000 51675.50804162476480386 1.00000 7 
 fake.rf 1440.00000000 51685.55938247320036538 1.00000 7 
 fake.rf 1440.00000000 51695.46403788496227705 1.00000 7 
 fake.rf 1440.00000000 51705.50325113330094950 1.00000 7 
 fake.rf 1440.00000000 51715.48162740708241003 1.00000 7 
 fake.rf 1440.00000000 51725.37774748205655584 1.00000 7 
 fake.rf 1440.00000000 51735.37787456161923316 1.00000 7 
 fake.rf 1440.00000000 51745.38503019541568051 1.00000 7 
 fake.rf 1440.00000000 51755.35916259396956818 1.00000 7 
 fake.rf 1440.00000000 51765.31281171933403940 1.00000 7 
 fake.rf 1440.00000000 51775.24206265820126305 1.00000 7 
 fake.rf 1440.00000000 51785.22253594766674567 1.00000 7 
 fake.rf 1440.00000000 51795.23361496907386226 1.00000 7 
 fake.rf 1440.00000000 51805.19019478764047903 1.00000 7 
 fake.rf 1440.00000000 51815.16064509692177609 1.00000 7 
 fake.rf 1440.00000000 51825.14391190207608417 1.00000 7 
 fake.rf 1440.00000000 51835.09703997541116394 1.00000 7 
 fake.rf 1440.00000000 51845.11871457066574820 1.00000 7 
 fake.rf 1440.00000000 51855.05547960415116648 1.00000 7 
 fake.rf 1440.00000000 51865.00930139415501330 1.00000 7 
 fake.rf 1440.00000000 51875.01974696444843005 1.00000 7 
 fake.rf 1440.00000000 51884.93511487802865645 1.00000 7 
 fake.rf 1440.00000000 51894.94241527735801256 1.00000 7 
 fake.rf 1440.00000000 51904.89005742796255660 1.00000 7 
 fake.rf 1440.00000000 51914.87357011085211056 1.00000 7 
 fake.rf 1440.00000000 51924.85617407557251823 1.00000 7 
 fake.rf 1440.00000000 51934.87832712785074563 1.00000 7 
 fake.rf 1440.00000000 51944.79165764922655413 1.00000 7 
 fake.rf 1440.00000000 51954.75723368222030984 1.00000 7 
 fake.rf 1440.00000000 51964.72225121937663417 1.00000 7 
 fake.rf 1440.00000000 51974.69928895556424209 1.00000 7 
 fake.rf 1440.00000000 51984.67550408370729897 1.00000 7 
 fake.rf 1440.00000000 51994.63583342584595925 1.00000 7 
 fake.rf 1440.00000000 52004.62816430880318563 1.00000 7 
 fake.rf 1440.00000000 52014.58756374397952982 1.00000 7 
 fake.rf 1440.00000000 52024.55357356954135639 1.00000 7 
 fake.rf 1440.00000000 52034.55266219359826252 1.00000 7 
 fake.rf 1440.00000000 52044.53949304905167850 1.00000 7 
 fake.rf 1440.00000000 52054.53996292616846731 1.00000 7 
 fake.rf 1440.00000000 52064.45715491068879643 1.00000 7 
 fake.rf 1440.00000000 52074.42493918761049798 1.00000 7 
 fake.rf 1440.00000000 52084.46529771087661231 1.00000 7 
 fake.rf 1440.00000000 52094.39026731552532468 1.00000 7 
 fake.rf 1440.00000000 52104.39643490443177853 1.00000 7 
 fake.rf 1440.00000000 52114.33734423479412357 1.00000 7 
 fake.rf 1440.00000000 52124.34340179474087407 1.00000 7 
 fake.rf 1440.00000000 52134.27680721756646065 1.00000 7 
 fake.rf 1440.00000000 52144.28148232743912160 1.00000 7 
 fake.rf 1440.00000000 52154.25318545325791320 1.00000 7 
 fake.rf 1440.00000000 52164.23399359537048880 1.00000 7 
 fake.rf 1440.00000000 52174.21979481722465977 1.00000 7 
 fake.rf 1440.00000000 52184.14591458487398867 1.00000 7 
 fake.rf 1440.00000000 52194.15272821397940106 1.00000 7 
 fake.rf 1440.00000000 52204.08980086854837666 1.00000 7 
 fake.rf 1440.00000000 52214.07420037705729854 1.00000 7 
 fake.rf 1440.00000000 52224.00849776585642559 1.00000 7 
 fake.rf 1440.00000000 52234.03881210101734922 1.00000 7 
 fake.rf 1440.00000000 52243.98933567403023659 1.00000 7 
 fake.rf 1440.00000000 52253.94760122670445313 1.00000 7 
 fake.rf 1440.00000000 52263.97079585569264992 1.00000 7 
 fake.rf 1440.00000000 52273.91364129872507505 1.00000 7 
 fake.rf 1440.00000000 52283.87624894023603872 1.00000 7 
 fake.rf 1440.00000000 52293.81962972199895034 1.00000 7 
 fake.rf 1440.00000000 52303.83344209924180035 1.00000 7 
 fake.rf 1440.00000000 52313.81568499771523051 1.00000 7 
 fake.rf 1440.00000000 52323.74576957339466787 1.00000 7 
 fake.rf 1440.00000000 52333.75289613253973897 1.00000 7 
 fake.rf 1440.00000000 52343.76153197178286547 1.00000 7 
 fake.rf 1440.00000000 52353.70575168463277649 1.00000 7 
 fake.rf 1440.00000000 52363.65731910820250761 1.00000 7 
 fake.rf 1440.00000000 52373.61045133561055920 1.00000 7 
 fake.rf 1440.00000000 52383.63309290255483219 1.00000 7 
 fake.rf 1440.00000000 52393.56898992646486590 1.00000 7 
 fake.rf 1440.00000000 52403.55772936908750737 1.00000 7 
 fake.rf 1440.00000000 52413.53050956460000975 1.00000 7 
 fake.rf 1440.00000000 52423.51795363714963827 1.00000 7 
 fake.rf 1440.00000000 52433.45672163202875637 1.00000 7 
 fake.rf 1440.00000000 52443.47354490447866127 1.00000 7 
 fake.rf 1440.00000000 52453.40963503176595495 1.00000 7 
 fake.rf 1440.00000000 52463.43074385148725725 1.00000 7 
 fake.rf 1440.00000000 52473.37234624578121256 1.00000 7 
 fake.rf 1440.00000000 52483.32154190802042137 1.00000 7 
 fake.rf 1440.00000000 52493.29607487657786180 1.00000 7 
 fake.rf 1440.00000000 52503.27179521300359610 1.00000 7 
 fake.rf 1440.00000000 52513.26870122510442584 1.00000 7 
 fake.rf 1440.00000000 52523.25493801686924300 1.00000 7 
 fake.rf 1440.00000000 52533.19226006537585860 1.00000 7 
 fake.rf 1440.00000000 52543.16345138627118061 1.00000 7 
 fake.rf 1440.00000000 52553.12751613268115847 1.00000 7 
 fake.rf 1440.00000000 52563.13374140857477457 1.00000 7 
 fake.rf 1440.00000000 52573.07209837727837254 1.00000 7 
 fake.rf 1440.00000000 52583.08964619241240968 1.00000 7 
 fake.rf 1440.00000000 52593.00245007797373020 1.00000 7 
 fake.rf 1440.00000000 52602.99482556690301038 1.00000 7 
 fake.rf 1440.00000000 52612.97015668927211252 1.00000 7 
 fake.rf 1440.00000000 52622.97584113777655546 1.00000 7 
 fake.rf 1440.00000000 52632.92560550411647924 1.00000 7 
 fake.rf 1440.00000000 52642.93536757841778240 1.00000 7 
 fake.rf 1440.00000000 52652.89365882525674323 1.00000 7 
 fake.rf 1440.00000000 52662.81494727642446207 1.00000 7 
 fake.rf 1440.00000000 52672.80358113762360972 1.00000 7 
 fake.rf 1440.00000000 52682.82564225803026403 1.00000 7 
 fake.rf 1440.00000000 52692.79687660367573443 1.00000 7 
 fake.rf 1440.00000000 52702.74871186346434015 1.00000 7 
 fake.rf 1440.00000000 52712.70348335426401576 1.00000 7 
 fake.rf 1440.00000000 52722.67480227961439709 1.00000 7 
 fake.rf 1440.00000000 52732.64138586357320904 1.00000 7 
 fake.rf 1440.00000000 52742.64556309920865473 1.00000 7 
 fake.rf 1440.00000000 52752.57767633942695440 1.00000 7 
 fake.rf 1440.00000000 52762.59098764768961942 1.00000 7 
 fake.rf 1440.00000000 52772.56024473319240542 1.00000 7 
 fake.rf 1440.00000000 52782.54459802528468160 1.00000 7 
 fake.rf 1440.00000000 52792.45107601866327585 1.00000 7 
 fake.rf 1440.00000000 52802.50550372621115969 1.00000 7 
 fake.rf 1440.00000000 52812.40954829816634586 1.00000 7 
 fake.rf 1440.00000000 52822.42356997765423188 1.00000 7 
 fake.rf 1440.00000000 52832.40820550210201745 1.00000 7 
 fake.rf 1440.00000000 52842.36020984524980548 1.00000 7 
 fake.rf 1440.00000000 52852.28939383564529919 1.00000 7 
 fake.rf 1440.00000000 52862.26539841323520008 1.00000 7 
 fake.rf 1440.00000000 52872.25093232244269004 1.00000 7 
 fake.rf 1440.00000000 52882.22911094228882334 1.00000 7 
 fake.rf 1440.00000000 52892.24996768060044516 1.00000 7 
 fake.rf 1440.00000000 52902.17560974865186552 1.00000 7 
 fake.rf 1440.00000000 52912.17346823715715232 1.00000 7 
 fake.rf 1440.00000000 52922.11362710528564435 1.00000 7 
 fake.rf 1440.00000000 52932.07225800775692193 1.00000 7 
 fake.rf 1440.00000000 52942.04718519035943558 1.00000 7 
 fake.rf 1440.00000000 52952.02441051881131884 1.00000 7 
 fake.rf 1440.00000000 52962.05197024980028786 1.00000 7 
 fake.rf 1440.00000000 52971.97549018800915732 1.00000 7 
 fake.rf 1440.00000000 52981.96865373186653159 1.00000 7 
 fake.rf 1440.00000000 52991.96224558172548313 1.00000 7 
 fake.rf 1440.00000000 53001.88430420526202624 1.00000 7 
 fake.rf 1440.00000000 53011.85660731303580206 1.00000 7 
 fake.rf 1440.00000000 53021.83227502602446535 1.00000 7 
 fake.rf 1440.00000000 53031.83629024806320729 1.00000 7 
 fake.rf 1440.00000000 53041.80248130230327774 1.00000 7 
 fake.rf 1440.00000000 53051.80963053402134832 1.00000 7 
 fake.rf 1440.00000000 53061.77306334585752623 1.00000 7 
 fake.rf 1440.00000000 53071.69653668003536140 1.00000 7 
 fake.rf 1440.00000000 53081.70024738725784275 1.00000 7 
 fake.rf 1440.00000000 53091.67533776570714110 1.00000 7 
 fake.rf 1440.00000000 53101.61592675029309163 1.00000 7 
 fake.rf 1440.00000000 53111.61803616501070735 1.00000 7 
 fake.rf 1440.00000000 53121.60780883839799316 1.00000 7 
 fake.rf 1440.00000000 53131.58972380480352626 1.00000 7 
 fake.rf 1440.00000000 53141.52043970757358338 1.00000 7 
 fake.rf 1440.00000000 53151.48952109261969312 1.00000 7 
 fake.rf 1440.00000000 53161.51125771786802332 1.00000 7 
 fake.rf 1440.00000000 53171.44528249885782145 1.00000 7 
 fake.rf 1440.00000000 53181.42720207389763587 1.00000 7 
 fake.rf 1440.00000000 53191.37108843919290280 1.00000 7 
 fake.rf 1440.00000000 53201.35327425507232135 1.00000 7 
 fake.rf 1440.00000000 53211.37147364629131019 1.00000 7 
 fake.rf 1440.00000000 53221.34052279141803510 1.00000 7 
 fake.rf 1440.00000000 53231.29017178903551155 1.00000 7 
 fake.rf 1440.00000000 53241.29430632582016614 1.00000 7 
 fake.rf 1440.00000000 53251.26558703431695463 1.00000 7 
 fake.rf 1440.00000000 53261.21976571217072305 1.00000 7 
 fake.rf 1440.00000000 53271.19543100152953485 1.00000 7 
 fake.rf 1440.00000000 53281.11753598332006021 1.00000 7 
 fake.rf 1440.00000000 53291.09218255020702770 1.00000 7 
 fake.rf 1440.00000000 53301.08874399853364423 1.00000 7 
 fake.rf 1440.00000000 53311.04354524474069876 1.00000 7 
 fake.rf 1440.00000000 53321.01779928358268279 1.00000 7 
 fake.rf 1440.00000000 53331.01733268610139760 1.00000 7 
 fake.rf 1440.00000000 53341.00345363830414414 1.00000 7 
 fake.rf 1440.00000000 53350.97120301410232557 1.00000 7 
 fake.rf 1440.00000000 53360.92185667155361983 1.00000 7 
 fake.rf 1440.00000000 53370.89871471672974934 1.00000 7 
 fake.rf 1440.00000000 53380.90057508444396106 1.00000 7 
 fake.rf 1440.00000000 53390.88224373422477242 1.00000 7 
 fake.rf 1440.00000000 53400.86149650958233437 1.00000 7 
 fake.rf 1440.00000000 53410.83125022992491537 1.00000 7 
 fake.rf 1440.00000000 53420.75899933108038908 1.00000 7 
 fake.rf 1440.00000000 53430.75532903006694596 1.00000 7 
 fake.rf 1440.00000000 53440.73430212403571105 1.00000 7 
 fake.rf 1440.00000000 53450.70340475404430691 1.00000 7 
 fake.rf 1440.00000000 53460.69612023276528845 1.00000 7 
 fake.rf 1440.00000000 53470.64080094062438064 1.00000 7 
 fake.rf 1440.00000000 53480.57123269124123155 1.00000 7 
 fake.rf 1440.00000000 53490.57317208525844165 1.00000 7 
 fake.rf 1440.00000000 53500.57237677809994381 1.00000 7 
 fake.rf 1440.00000000 53510.51229869747463397 1.00000 7 
 fake.rf 1440.00000000 53520.47640843780940756 1.00000 7 
 fake.rf 1440.00000000 53530.47196670999596790 1.00000 7 
 fake.rf 1440.00000000 53540.47217522939217105 1.00000 7 
 fake.rf 1440.00000000 53550.38439056568295626 1.00000 7 
 fake.rf 1440.00000000 53560.37853383291792753 1.00000 7 
 fake.rf 1440.00000000 53570.36022534056204236 1.00000 7 
 fake.rf 1440.00000000 53580.35874365001602371 1.00000 7 
 fake.rf 1440.00000000 53590.30229620807980595 1.00000 7 
 fake.rf 1440.00000000 53600.28593863566451105 1.00000 7 
 fake.rf 1440.00000000 53610.22498934078688038 1.00000 7 
 fake.rf 1440.00000000 53620.23398091918502217 1.00000 7 
 fake.rf 1440.00000000 53630.21918170414215510 1.00000 7 
 fake.rf 1440.00000000 53640.18507012921494237 1.00000 7 
 fake.rf 1440.00000000 53650.12415360475465320 1.00000 7 
 fake.rf 1440.00000000 53660.10440810596002237 1.00000 7 
