FORMAT 1
MODE 1
 fake.rf 1440.00000000 50000.11801802352291446 1.00000 7 
 fake.rf 1440.00000000 50010.12786410804470805 1.00000 7 
 fake.rf 1440.00000000 50020.06816669554373078 1.00000 7 
 fake.rf 1440.00000000 50030.03958399904812282 1.00000 7 
 fake.rf 1440.00000000 50040.00284570547733054 1.00000 7 
 fake.rf 1440.00000000 50050.03504940452261707 1.00000 7 
 fake.rf 1440.00000000 50059.99627243032270130 1.00000 7 
 fake.rf 1440.00000000 50069.93288420651700577 1.00000 7 
 fake.rf 1440.00000000 50079.94645114853579670 1.00000 7 
 fake.rf 1440.00000000 50089.89613049976429338 1.00000 7 
 fake.rf 1440.00000000 50099.87520729688059973 1.00000 7 
 fake.rf 1440.00000000 50109.83528005271658756 1.00000 7 
 fake.rf 1440.00000000 50119.82998294946485629 1.00000 7 
 fake.rf 1440.00000000 50129.79029389853505805 1.00000 7 
 fake.rf 1440.00000000 50139.72642049934065511 1.00000 7 
 fake.rf 1440.00000000 50149.70211908266344381 1.00000 7 
 fake.rf 1440.00000000 50159.69818837746408491 1.00000 7 
 fake.rf 1440.00000000 50169.66408528712428350 1.00000 7 
 fake.rf 1440.00000000 50179.68475550385818096 1.00000 7 
 fake.rf 1440.00000000 50189.61867057430177042 1.00000 7 
 fake.rf 1440.00000000 50199.64058858347062397 1.00000 7 
 fake.rf 1440.00000000 50209.59440212990897479 1.00000 7 
 fake.rf 1440.00000000 50219.57590233583621853 1.00000 7 
 fake.rf 1440.00000000 50229.49301922804404796 1.00000 7 
 fake.rf 1440.00000000 50239.51967309997378308 1.00000 7 
 fake.rf 1440.00000000 50249.47201328874459492 1.00000 7 
 fake.rf 1440.00000000 50259.46730510309459561 1.00000 7 
 fake.rf 1440.00000000 50269.44174926592594232 1.00000 7 
 fake.rf 1440.00000000 50279.34026860754645583 1.00000 7 
 fake.rf 1440.00000000 50289.37801995308586100 1.00000 7 
 fake.rf 1440.00000000 50299.32615934106518552 1.00000 7 
 fake.rf 1440.00000000 50309.27167331403776274 1.00000 7 
 fake.rf 1440.00000000 50319.26324172791008849 1.00000 7 
 fake.rf 1440.00000000 50329.26232137533874322 1.00000 7 
 fake.rf 1440.00000000 50339.20655696582043959 1.00000 7 
 fake.rf 1440.00000000 50349.18869143207528793 1.00000 7 
 fake.rf 1440.00000000 50359.16394572598601798 1.00000 7 
 fake.rf 1440.00000000 50369.09670876733211387 1.00000 7 
 fake.rf 1440.00000000 50379.12609260191519667 1.00000 7 
 fake.rf 1440.00000000 50389.05888483081533025 1.00000 7 
 fake.rf 1440.00000000 50399.05196491904646194 1.00000 7 
 fake.rf 1440.00000000 50409.00439652595495588 1.00000 7 
 fake.rf 1440.00000000 50419.00789933649639707 1.00000 7 
 fake.rf 1440.00000000 50428.93965318806459663 1.00000 7 
 fake.rf 1440.00000000 50438.96303346577580484 1.00000 7 
 fake.rf 1440.00000000 50448.92996713026969502 1.00000 7 
 fake.rf 1440.00000000 50458.86472398426607455 1.00000 7 
 fake.rf 1440.00000000 50468.82814451189650740 1.00000 7 
 fake.rf 1440.00000000 50478.87161272846660154 1.00000 7 
 fake.rf 1440.00000000 50488.77101079143440998 1.00000 7 
 fake.rf 1440.00000000 50498.77898408635003591 1.00000 7 
 fake.rf 1440.00000000 50508.78834130277008541 1.00000 7 
 fake.rf 1440.00000000 50518.75219049291900575 1.00000 7 
 fake.rf 1440.00000000 50528.68563505589632356 1.00000 7 
 fake.rf 1440.00000000 50538.63941359520270424 1.00000 7 
 fake.rf 1440.00000000 50548.65722097633227605 1.00000 7 
 fake.rf 1440.00000000 50558.65364335506845350 1.00000 7 
 fake.rf 1440.00000000 50568.63001804735747058 1.00000 7 
 fake.rf 1440.00000000 50578.56624050323371833 1.00000 7 
 fake.rf 1440.00000000 50588.57182007192497153 1.00000 7 
 fake.rf 1440.00000000 50598.52991704895824654 1.00000 7 
 fake.rf 1440.00000000 50608.44158311762291547 1.00000 7 
 fake.rf 1440.00000000 50618.41998099293478930 1.00000 7 
 fake.rf 1440.00000000 50628.39695066727388451 1.00000 7 
 fake.rf 1440.00000000 50638.41833424272290287 1.00000 7 
 fake.rf 1440.00000000 50648.36827197337802176 1.00000 7 
 fake.rf 1440.00000000 50658.35468047818550374 1.00000 7 
 fake.rf 1440.00000000 50668.29528928385160214 1.00000 7 
 fake.rf 1440.00000000 50678.28862774848084172 1.00000 7 
 fake.rf 1440.00000000 50688.24839103148374164 1.00000 7 
 fake.rf 1440.00000000 50698.23242975417610978 1.00000 7 
 fake.rf 1440.00000000 50708.24615263684369637 1.00000 7 
 fake.rf 1440.00000000 50718.18565185371747006 1.00000 7 
 fake.rf 1440.00000000 50728.11716439713945093 1.00000 7 
 fake.rf 1440.00000000 50738.08994552665717492 1.00000 7 
 fake.rf 1440.00000000 50748.08012933950390178 1.00000 7 
 fake.rf 1440.00000000 50758.08921323851322072 1.00000 7 
 fake.rf 1440.00000000 50768.02405546450934892 1.00000 7 
 fake.rf 1440.00000000 50778.00496410465168395 1.00000 7 
 fake.rf 1440.00000000 50788.00148725245088244 1.00000 7 
 fake.rf 1440.00000000 50797.94636527721954877 1.00000 7 
 fake.rf 1440.00000000 50807.96255147906592242 1.00000 7 
 fake.rf 1440.00000000 50817.91240299551147785 1.00000 7 
 fake.rf 1440.00000000 50827.84843438271933280 1.00000 7 
 fake.rf 1440.00000000 50837.82536956828553443 1.00000 7 
 fake.rf 1440.00000000 50847.83963722195986890 1.00000 7 
 fake.rf 1440.00000000 50857.82078034396252164 1.00000 7 
 fake.rf 1440.00000000 50867.73810897872541759 1.00000 7 
 fake.rf 1440.00000000 50877.75605565583648371 1.00000 7 
 fake.rf 1440.00000000 50887.70072547811924935 1.00000 7 
 fake.rf 1440.00000000 50897.65093800232018850 1.00000 7 
 fake.rf 1440.00000000 50907.65428594989872479 1.00000 7 
 fake.rf 1440.00000000 50917.62125965905197589 1.00000 7 
 fake.rf 1440.00000000 50927.57717432225257070 1.00000 7 
 fake.rf 1440.00000000 50937.58479637672532192 1.00000 7 
 fake.rf 1440.00000000 50947.51712451694847061 1.00000 7 
 fake.rf 1440.00000000 50957.53361463590019653 1.00000 7 
 fake.rf 1440.00000000 50967.47161614087141146 1.00000 7 
 fake.rf 1440.00000000 50977.45519078486866604 1.00000 7 
 fake.rf 1440.00000000 50987.40899035242670223 1.00000 7 
 fake.rf 1440.00000000 50997.41739275591389813 1.00000 7 
 fake.rf 1440.00000000 51007.41231058219298333 1.00000 7 
 fake.rf 1440.00000000 51017.32380402685786080 1.00000 7 
 fake.rf 1440.00000000 51027.29900999939503592 1.00000 7 
 fake.rf 1440.00000000 51037.33607796326297645 1.00000 7 
 fake.rf 1440.00000000 51047.24765681506814374 1.00000 7 
 fake.rf 1440.00000000 51057.24035095469770695 1.00000 7 
 fake.rf 1440.00000000 51067.23047388544053504 1.00000 7 
 fake.rf 1440.00000000 51077.18753264186621266 1.00000 7 
 fake.rf 1440.00000000 51087.18843977655798838 1.00000 7 
 fake.rf 1440.00000000 51097.11905681029882587 1.00000 7 
 fake.rf 1440.00000000 51107.13163123136888188 1.00000 7 
 fake.rf 1440.00000000 51117.09269551233799334 1.00000 7 
 fake.rf 1440.00000000 51127.08380174894606185 1.00000 7 
 fake.rf 1440.00000000 51137.05971189680247235 1.00000 7 
 fake.rf 1440.00000000 51147.02501576301242281 1.00000 7 
 fake.rf 1440.00000000 51156.97436070007580611 1.00000 7 
 fake.rf 1440.00000000 51166.95871820915977324 1.00000 7 
 fake.rf 1440.00000000 51176.95198846206866961 1.00000 7 
 fake.rf 1440.00000000 51186.86325099176897169 1.00000 7 
 fake.rf 1440.00000000 51196.90291604262829139 1.00000 7 
 fake.rf 1440.00000000 51206.87370306166938860 1.00000 7 
 fake.rf 1440.00000000 51216.81561797383543322 1.00000 7 
 fake.rf 1440.00000000 51226.76622773509149056 1.00000 7 
 fake.rf 1440.00000000 51236.72023369935644865 1.00000 7 
 fake.rf 1440.00000000 51246.69707505698105621 1.00000 7 
 fake.rf 1440.00000000 51256.69065062210411554 1.00000 7 
 fake.rf 1440.00000000 51266.68845096440432130 1.00000 7 
 fake.rf 1440.00000000 51276.63059805654996381 1.00000 7 
 fake.rf 1440.00000000 51286.63505267711402880 1.00000 7 
 fake.rf 1440.00000000 51296.61395700774313156 1.00000 7 
 fake.rf 1440.00000000 51306.59181088777167190 1.00000 7 
 fake.rf 1440.00000000 51316.53515427203308619 1.00000 7 
 fake.rf 1440.00000000 51326.53618964832318028 1.00000 7 
 fake.rf 1440.00000000 51336.51655387394333374 1.00000 7 
 fake.rf 1440.00000000 51346.44093634618425526 1.00000 7 
 fake.rf 1440.00000000 51356.46418805814806774 1.00000 7 
 fake.rf 1440.00000000 51366.38121745836133414 1.00000 7 
 fake.rf 1440.00000000 51376.40636051317316912 1.00000 7 
 fake.rf 1440.00000000 51386.33064205228562571 1.00000 7 
 fake.rf 1440.00000000 51396.35921623760743415 1.00000 7 
 fake.rf 1440.00000000 51406.25894732352548644 1.00000 7 
 fake.rf 1440.00000000 51416.30644087423462096 1.00000 7 
 fake.rf 1440.00000000 51426.24005044981748469 1.00000 7 
 fake.rf 1440.00000000 51436.24152544699005318 1.00000 7 
 fake.rf 1440.00000000 51446.20890014625324582 1.00000 7 
 fake.rf 1440.00000000 51456.13511783429041557 1.00000 7 
 fake.rf 1440.00000000 51466.11324215417466732 1.00000 7 
 fake.rf 1440.00000000 51476.09227870816668471 1.00000 7 
 fake.rf 1440.00000000 51486.03907088018477722 1.00000 7 
 fake.rf 1440.00000000 51496.03909552992157117 1.00000 7 
 fake.rf 1440.00000000 51506.00176812582908425 1.00000 7 
 fake.rf 1440.00000000 51516.02998493032223237 1.00000 7 
 fake.rf 1440.00000000 51525.99922879797808761 1.00000 7 
 fake.rf 1440.00000000 51535.93981554902507014 1.00000 7 
 fake.rf 1440.00000000 51545.94934264942376956 1.00000 7 
 fake.rf 1440.00000000 51555.92273213111034380 1.00000 7 
 fake.rf 1440.00000000 51565.88419879349087438 1.00000 7 
 fake.rf 1440.00000000 51575.83549729008683826 1.00000 7 
 fake.rf 1440.00000000 51585.77833822755248150 1.00000 7 
 fake.rf 1440.00000000 51595.77156385125249471 1.00000 7 
 fake.rf 1440.00000000 51605.72907094549676899 1.00000 7 
 fake.rf 1440.00000000 51615.76040348098321431 1.00000 7 
 fake.rf 1440.00000000 51625.72427680233629488 1.00000 7 
 fake.rf 1440.00000000 51635.62679026279899119 1.00000 7 
 fake.rf 1440.00000000 51645.66579130953257959 1.00000 7 
 fake.rf 1440.00000000 51655.58135142746017721 1.00000 7 
 fake.rf 1440.00000000 51665.61775432486411219 1.00000 7 
 fake.rf 1440.00000000 51675.51775574428145887 1.00000 7 
 fake.rf 1440.00000000 51685.56909650429984637 1.00000 7 
 fake.rf 1440.00000000 51695.47375197837417460 1.00000 7 
 fake.rf 1440.00000000 51705.51296533884613638 1.00000 7 
 fake.rf 1440.00000000 51715.49134156674099927 1.00000 7 
 fake.rf 1440.00000000 51725.38746156880793592 1.00000 7 
 fake.rf 1440.00000000 51735.38758863602692273 1.00000 7 
 fake.rf 1440.00000000 51745.39474428395269356 1.00000 7 
 fake.rf 1440.00000000 51755.36887671878839257 1.00000 7 
 fake.rf 1440.00000000 51765.32252580860985347 1.00000 7 
 fake.rf 1440.00000000 51775.25177680504306821 1.00000 7 
 fake.rf 1440.00000000 51785.23225008233068678 1.00000 7 
 fake.rf 1440.00000000 51795.24332911352988162 1.00000 7 
 fake.rf 1440.00000000 51805.19990892198166677 1.00000 7 
 fake.rf 1440.00000000 51815.17035916959185826 1.00000 7 
 fake.rf 1440.00000000 51825.15362602467315156 1.00000 7 
 fake.rf 1440.00000000 51835.10675408190754609 1.00000 7 
 fake.rf 1440.00000000 51845.12842868453137513 1.00000 7 
 fake.rf 1440.00000000 51855.06519371474790248 1.00000 7 
 fake.rf 1440.00000000 51865.01901558198988340 1.00000 7 
 fake.rf 1440.00000000 51875.02946103863649441 1.00000 7 
 fake.rf 1440.00000000 51884.94482902556454817 1.00000 7 
 fake.rf 1440.00000000 51894.95212939852851264 1.00000 7 
 fake.rf 1440.00000000 51904.89977157066732971 1.00000 7 
 fake.rf 1440.00000000 51914.88328428178645169 1.00000 7 
 fake.rf 1440.00000000 51924.86588821937911575 1.00000 7 
 fake.rf 1440.00000000 51934.88804127821637024 1.00000 7 
 fake.rf 1440.00000000 51944.80137178218319249 1.00000 7 
 fake.rf 1440.00000000 51954.76694777676781456 1.00000 7 
 fake.rf 1440.00000000 51964.73196534645664002 1.00000 7 
 fake.rf 1440.00000000 51974.70900312836381474 1.00000 7 
 fake.rf 1440.00000000 51984.68521824030690937 1.00000 7 
 fake.rf 1440.00000000 51994.64554753084284755 1.00000 7 
 fake.rf 1440.00000000 52004.63787840373380433 1.00000 7 
 fake.rf 1440.00000000 52014.59727780630402449 1.00000 7 
 fake.rf 1440.00000000 52024.56328776447266549 1.00000 7 
 fake.rf 1440.00000000 52034.56237630563480678 1.00000 7 
 fake.rf 1440.00000000 52044.54920716942107717 1.00000 7 
 fake.rf 1440.00000000 52054.54967702206249314 1.00000 7 
 fake.rf 1440.00000000 52064.46686901243080925 1.00000 7 
 fake.rf 1440.00000000 52074.43465328572786888 1.00000 7 
 fake.rf 1440.00000000 52084.47501184448863754 1.00000 7 
 fake.rf 1440.00000000 52094.39998138804346439 1.00000 7 
 fake.rf 1440.00000000 52104.40614897692760010 1.00000 7 
 fake.rf 1440.00000000 52114.34705839452183795 1.00000 7 
 fake.rf 1440.00000000 52124.35311592181157536 1.00000 7 
 fake.rf 1440.00000000 52134.28652135048184135 1.00000 7 
 fake.rf 1440.00000000 52144.29119639097392280 1.00000 7 
 fake.rf 1440.00000000 52154.26289955203497328 1.00000 7 
 fake.rf 1440.00000000 52164.24370768736223170 1.00000 7 
 fake.rf 1440.00000000 52174.22950893209803880 1.00000 7 
 fake.rf 1440.00000000 52184.15562866498384764 1.00000 7 
 fake.rf 1440.00000000 52194.16244229063530113 1.00000 7 
 fake.rf 1440.00000000 52204.09951505813235784 1.00000 7 
 fake.rf 1440.00000000 52214.08391452570386093 1.00000 7 
 fake.rf 1440.00000000 52224.01821190692015406 1.00000 7 
 fake.rf 1440.00000000 52234.04852618942736342 1.00000 7 
 fake.rf 1440.00000000 52243.99904976214277852 1.00000 7 
 fake.rf 1440.00000000 52253.95731532170912459 1.00000 7 
 fake.rf 1440.00000000 52263.98050996333919826 1.00000 7 
 fake.rf 1440.00000000 52273.92335543730781922 1.00000 7 
 fake.rf 1440.00000000 52283.88596307662889373 1.00000 7 
 fake.rf 1440.00000000 52293.82934385160417889 1.00000 7 
 fake.rf 1440.00000000 52303.84315624531034317 1.00000 7 
 fake.rf 1440.00000000 52313.82539905341306863 1.00000 7 
 fake.rf 1440.00000000 52323.75548361794797714 1.00000 7 
 fake.rf 1440.00000000 52333.76261028420798738 1.00000 7 
 fake.rf 1440.00000000 52343.77124610140115379 1.00000 7 
 fake.rf 1440.00000000 52353.71546583230683680 1.00000 7 
 fake.rf 1440.00000000 52363.66703328791202310 1.00000 7 
 fake.rf 1440.00000000 52373.62016546097666136 1.00000 7 
 fake.rf 1440.00000000 52383.64280706638784935 1.00000 7 
 fake.rf 1440.00000000 52393.57870398513891530 1.00000 7 
 fake.rf 1440.00000000 52403.56744348618953211 1.00000 7 
 fake.rf 1440.00000000 52413.54022369713640117 1.00000 7 
 fake.rf 1440.00000000 52423.52766771093681442 1.00000 7 
 fake.rf 1440.00000000 52433.46643578900877358 1.00000 7 
 fake.rf 1440.00000000 52443.48325899966937058 1.00000 7 
 fake.rf 1440.00000000 52453.41934908758996414 1.00000 7 
 fake.rf 1440.00000000 52463.44045798173116424 1.00000 7 
 fake.rf 1440.00000000 52473.38206042028543408 1.00000 7 
 fake.rf 1440.00000000 52483.33125603608637277 1.00000 7 
 fake.rf 1440.00000000 52493.30578895942762685 1.00000 7 
 fake.rf 1440.00000000 52503.28150931279192903 1.00000 7 
 fake.rf 1440.00000000 52513.27841541840527384 1.00000 7 
 fake.rf 1440.00000000 52523.26465210606577472 1.00000 7 
 fake.rf 1440.00000000 52533.20197417003962315 1.00000 7 
 fake.rf 1440.00000000 52543.17316557277653999 1.00000 7 
 fake.rf 1440.00000000 52553.13723027686126699 1.00000 7 
 fake.rf 1440.00000000 52563.14345550082153835 1.00000 7 
 fake.rf 1440.00000000 52573.08181251737563855 1.00000 7 
 fake.rf 1440.00000000 52583.09936033220000340 1.00000 7 
 fake.rf 1440.00000000 52593.01216420529196327 1.00000 7 
 fake.rf 1440.00000000 52603.00453966056345578 1.00000 7 
 fake.rf 1440.00000000 52612.97987088673626133 1.00000 7 
 fake.rf 1440.00000000 52622.98555521322277428 1.00000 7 
 fake.rf 1440.00000000 52632.93531960176716922 1.00000 7 
 fake.rf 1440.00000000 52642.94508171548708475 1.00000 7 
 fake.rf 1440.00000000 52652.90337292547195958 1.00000 7 
 fake.rf 1440.00000000 52662.82466135764616766 1.00000 7 
 fake.rf 1440.00000000 52672.81329526554636900 1.00000 7 
 fake.rf 1440.00000000 52682.83535639784371085 1.00000 7 
 fake.rf 1440.00000000 52692.80659077484907016 1.00000 7 
 fake.rf 1440.00000000 52702.75842600245440295 1.00000 7 
 fake.rf 1440.00000000 52712.71319743660964008 1.00000 7 
 fake.rf 1440.00000000 52722.68451638712429386 1.00000 7 
 fake.rf 1440.00000000 52732.65109995190553960 1.00000 7 
 fake.rf 1440.00000000 52742.65527724298011591 1.00000 7 
 fake.rf 1440.00000000 52752.58739041100216483 1.00000 7 
 fake.rf 1440.00000000 52762.60070170958045210 1.00000 7 
 fake.rf 1440.00000000 52772.56995890481656986 1.00000 7 
 fake.rf 1440.00000000 52782.55431208083064121 1.00000 7 
 fake.rf 1440.00000000 52792.46079006959813640 1.00000 7 
 fake.rf 1440.00000000 52802.51521784803355075 1.00000 7 
 fake.rf 1440.00000000 52812.41926239972131185 1.00000 7 
 fake.rf 1440.00000000 52822.43328406764831939 1.00000 7 
 fake.rf 1440.00000000 52832.41791964530670000 1.00000 7 
 fake.rf 1440.00000000 52842.36992391957221571 1.00000 7 
 fake.rf 1440.00000000 52852.29910790726742320 1.00000 7 
 fake.rf 1440.00000000 52862.27511244604861673 1.00000 7 
 fake.rf 1440.00000000 52872.26064636740010627 1.00000 7 
 fake.rf 1440.00000000 52882.23882508592282292 1.00000 7 
 fake.rf 1440.00000000 52892.25968177861849995 1.00000 7 
 fake.rf 1440.00000000 52902.18532392916321072 1.00000 7 
 fake.rf 1440.00000000 52912.18318232617237129 1.00000 7 
 fake.rf 1440.00000000 52922.12334126067737827 1.00000 7 
 fake.rf 1440.00000000 52932.08197209740997025 1.00000 7 
 fake.rf 1440.00000000 52942.05689931886458410 1.00000 7 
 fake.rf 1440.00000000 52952.03412459685881331 1.00000 7 
 fake.rf 1440.00000000 52962.06168434586694360 1.00000 7 
 fake.rf 1440.00000000 52971.98520429494217865 1.00000 7 
 fake.rf 1440.00000000 52981.97836781228340186 1.00000 7 
 fake.rf 1440.00000000 52991.97195970894527761 1.00000 7 
 fake.rf 1440.00000000 53001.89401827433962566 1.00000 7 
 fake.rf 1440.00000000 53011.86632142921337163 1.00000 7 
 fake.rf 1440.00000000 53021.84198916363057208 1.00000 7 
 fake.rf 1440.00000000 53031.84600437768601111 1.00000 7 
 fake.rf 1440.00000000 53041.81219541377016924 1.00000 7 
 fake.rf 1440.00000000 53051.81934466592493749 1.00000 7 
 fake.rf 1440.00000000 53061.78277743964371638 1.00000 7 
 fake.rf 1440.00000000 53071.70625076883071003 1.00000 7 
 fake.rf 1440.00000000 53081.70996144355056856 1.00000 7 
 fake.rf 1440.00000000 53091.68505180828066869 1.00000 7 
 fake.rf 1440.00000000 53101.62564085264239822 1.00000 7 
 fake.rf 1440.00000000 53111.62775027942779360 1.00000 7 
 fake.rf 1440.00000000 53121.61752296403426499 1.00000 7 
 fake.rf 1440.00000000 53131.59943793207034446 1.00000 7 
 fake.rf 1440.00000000 53141.53015385258308712 1.00000 7 
 fake.rf 1440.00000000 53151.49923519071790068 1.00000 7 
 fake.rf 1440.00000000 53161.52097189090379459 1.00000 7 
 fake.rf 1440.00000000 53171.45499664623992686 1.00000 7 
 fake.rf 1440.00000000 53181.43691626044702048 1.00000 7 
 fake.rf 1440.00000000 53191.38080255901567384 1.00000 7 
 fake.rf 1440.00000000 53201.36298840216015194 1.00000 7 
 fake.rf 1440.00000000 53211.38118777607973797 1.00000 7 
 fake.rf 1440.00000000 53221.35023695564771273 1.00000 7 
 fake.rf 1440.00000000 53231.29988586888116586 1.00000 7 
 fake.rf 1440.00000000 53241.30402051001004438 1.00000 7 
 fake.rf 1440.00000000 53251.27530121250035222 1.00000 7 
 fake.rf 1440.00000000 53261.22947982463387007 1.00000 7 
 fake.rf 1440.00000000 53271.20514516892245993 1.00000 7 
 fake.rf 1440.00000000 53281.12725005222659647 1.00000 7 
 fake.rf 1440.00000000 53291.10189663780042935 1.00000 7 
 fake.rf 1440.00000000 53301.09845807301864085 1.00000 7 
 fake.rf 1440.00000000 53311.05325935517059932 1.00000 7 
 fake.rf 1440.00000000 53321.02751342850997673 1.00000 7 
 fake.rf 1440.00000000 53331.02704683555455389 1.00000 7 
 fake.rf 1440.00000000 53341.01316767915882266 1.00000 7 
 fake.rf 1440.00000000 53350.98091709987465592 1.00000 7 
 fake.rf 1440.00000000 53360.93157076752170198 1.00000 7 
 fake.rf 1440.00000000 53370.90842881194177139 1.00000 7 
 fake.rf 1440.00000000 53380.91028916745715449 1.00000 7 
 fake.rf 1440.00000000 53390.89195783144599972 1.00000 7 
 fake.rf 1440.00000000 53400.87121058456795453 1.00000 7 
 fake.rf 1440.00000000 53410.84096432743735150 1.00000 7 
 fake.rf 1440.00000000 53420.76871338356125918 1.00000 7 
 fake.rf 1440.00000000 53430.76504320012540106 1.00000 7 
 fake.rf 1440.00000000 53440.74401628223635896 1.00000 7 
 fake.rf 1440.00000000 53450.71311887403823349 1.00000 7 
 fake.rf 1440.00000000 53460.70583434293510905 1.00000 7 
 fake.rf 1440.00000000 53470.65051510230738074 1.00000 7 
 fake.rf 1440.00000000 53480.58094682993677438 1.00000 7 
 fake.rf 1440.00000000 53490.58288619236497397 1.00000 7 
 fake.rf 1440.00000000 53500.58209089973149730 1.00000 7 
 fake.rf 1440.00000000 53510.52201280912030157 1.00000 7 
 fake.rf 1440.00000000 53520.48612252112927834 1.00000 7 
 fake.rf 1440.00000000 53530.48168083083507085 1.00000 7 
 fake.rf 1440.00000000 53540.48188935213806872 1.00000 7 
 fake.rf 1440.00000000 53550.39410467992128773 1.00000 7 
 fake.rf 1440.00000000 53560.38824796058466760 1.00000 7 
 fake.rf 1440.00000000 53570.36993950715918089 1.00000 7 
 fake.rf 1440.00000000 53580.36845777673354974 1.00000 7 
 fake.rf 1440.00000000 53590.31201033363554131 1.00000 7 
 fake.rf 1440.00000000 53600.29565277304993742 1.00000 7 
 fake.rf 1440.00000000 53610.23470341386057569 1.00000 7 
 fake.rf 1440.00000000 53620.24369503501258194 1.00000 7 
 fake.rf 1440.00000000 53630.22889574165326110 1.00000 7 
 fake.rf 1440.00000000 53640.19478420766477456 1.00000 7 
 fake.rf 1440.00000000 53650.13386773892568016 1.00000 7 
 fake.rf 1440.00000000 53660.11412222946426809 1.00000 7 
