FORMAT 1
MODE 1
 fake.rf 1440.00000000 50000.11504621344127841 1.00000 7 
 fake.rf 1440.00000000 50010.12489228038178268 1.00000 7 
 fake.rf 1440.00000000 50020.06519491195630067 1.00000 7 
 fake.rf 1440.00000000 50030.03661218821806500 1.00000 7 
 fake.rf 1440.00000000 50039.99987390906460405 1.00000 7 
 fake.rf 1440.00000000 50050.03207755796693945 1.00000 7 
 fake.rf 1440.00000000 50059.99330065123282196 1.00000 7 
 fake.rf 1440.00000000 50069.92991236746795636 1.00000 7 
 fake.rf 1440.00000000 50079.94347931705044630 1.00000 7 
 fake.rf 1440.00000000 50089.89315868046099922 1.00000 7 
 fake.rf 1440.00000000 50099.87223543399849390 1.00000 7 
 fake.rf 1440.00000000 50109.83230827583263434 1.00000 7 
 fake.rf 1440.00000000 50119.82701113615389588 1.00000 7 
 fake.rf 1440.00000000 50129.78732211921567696 1.00000 7 
 fake.rf 1440.00000000 50139.72344871299788593 1.00000 7 
 fake.rf 1440.00000000 50149.69914729261585151 1.00000 7 
 fake.rf 1440.00000000 50159.69521656759111394 1.00000 7 
 fake.rf 1440.00000000 50169.66111345216894435 1.00000 7 
 fake.rf 1440.00000000 50179.68178366446815275 1.00000 7 
 fake.rf 1440.00000000 50189.61569879059458898 1.00000 7 
 fake.rf 1440.00000000 50199.63761681679543258 1.00000 7 
 fake.rf 1440.00000000 50209.59143028299078182 1.00000 7 
 fake.rf 1440.00000000 50219.57293056689196220 1.00000 7 
 fake.rf 1440.00000000 50229.49004747767618539 1.00000 7 
 fake.rf 1440.00000000 50239.51670128719955244 1.00000 7 
 fake.rf 1440.00000000 50249.46904150882828333 1.00000 7 
 fake.rf 1440.00000000 50259.46433329970402326 1.00000 7 
 fake.rf 1440.00000000 50269.43877745109596944 1.00000 7 
 fake.rf 1440.00000000 50279.33729679759595044 1.00000 7 
 fake.rf 1440.00000000 50289.37504811130033744 1.00000 7 
 fake.rf 1440.00000000 50299.32318749508375078 1.00000 7 
 fake.rf 1440.00000000 50309.26870151680724774 1.00000 7 
 fake.rf 1440.00000000 50319.26026989688437752 1.00000 7 
 fake.rf 1440.00000000 50329.25934955130301773 1.00000 7 
 fake.rf 1440.00000000 50339.20358516172325380 1.00000 7 
 fake.rf 1440.00000000 50349.18571958551603274 1.00000 7 
 fake.rf 1440.00000000 50359.16097392359695917 1.00000 7 
 fake.rf 1440.00000000 50369.09373695421306039 1.00000 7 
 fake.rf 1440.00000000 50379.12312078054545594 1.00000 7 
 fake.rf 1440.00000000 50389.05591304325278301 1.00000 7 
 fake.rf 1440.00000000 50399.04899310419619951 1.00000 7 
 fake.rf 1440.00000000 50409.00142470375232051 1.00000 7 
 fake.rf 1440.00000000 50419.00492748376528240 1.00000 7 
 fake.rf 1440.00000000 50428.93668138911490217 1.00000 7 
 fake.rf 1440.00000000 50438.96006161440482174 1.00000 7 
 fake.rf 1440.00000000 50448.92699535533878219 1.00000 7 
 fake.rf 1440.00000000 50458.86175212917145672 1.00000 7 
 fake.rf 1440.00000000 50468.82517264618429920 1.00000 7 
 fake.rf 1440.00000000 50478.86864094293311211 1.00000 7 
 fake.rf 1440.00000000 50488.76803892909449800 1.00000 7 
 fake.rf 1440.00000000 50498.77601226567664128 1.00000 7 
 fake.rf 1440.00000000 50508.78536951803410915 1.00000 7 
 fake.rf 1440.00000000 50518.74921869995808166 1.00000 7 
 fake.rf 1440.00000000 50528.68266328443579383 1.00000 7 
 fake.rf 1440.00000000 50538.63644180940625006 1.00000 7 
 fake.rf 1440.00000000 50548.65424910034593253 1.00000 7 
 fake.rf 1440.00000000 50558.65067156769807966 1.00000 7 
 fake.rf 1440.00000000 50568.62704627050192840 1.00000 7 
 fake.rf 1440.00000000 50578.56326870898928050 1.00000 7 
 fake.rf 1440.00000000 50588.56884822987269246 1.00000 7 
 fake.rf 1440.00000000 50598.52694520290130953 1.00000 7 
 fake.rf 1440.00000000 50608.43861134536393465 1.00000 7 
 fake.rf 1440.00000000 50618.41700921272559199 1.00000 7 
 fake.rf 1440.00000000 50628.39397888375203749 1.00000 7 
 fake.rf 1440.00000000 50638.41536237137797372 1.00000 7 
 fake.rf 1440.00000000 50648.36530016361697903 1.00000 7 
 fake.rf 1440.00000000 50658.35170862606519648 1.00000 7 
 fake.rf 1440.00000000 50668.29231746869413300 1.00000 7 
 fake.rf 1440.00000000 50678.28565593423714830 1.00000 7 
 fake.rf 1440.00000000 50688.24541921433349145 1.00000 7 
 fake.rf 1440.00000000 50698.22945799116022059 1.00000 7 
 fake.rf 1440.00000000 50708.24318084465672740 1.00000 7 
 fake.rf 1440.00000000 50718.18268004551109840 1.00000 7 
 fake.rf 1440.00000000 50728.11419261578600626 1.00000 7 
 fake.rf 1440.00000000 50738.08697372359140232 1.00000 7 
 fake.rf 1440.00000000 50748.07715748289145807 1.00000 7 
 fake.rf 1440.00000000 50758.08624140350111986 1.00000 7 
 fake.rf 1440.00000000 50768.02108364950734654 1.00000 7 
 fake.rf 1440.00000000 50778.00199230264007966 1.00000 7 
 fake.rf 1440.00000000 50787.99851545398615826 1.00000 7 
 fake.rf 1440.00000000 50797.94339341243468411 1.00000 7 
 fake.rf 1440.00000000 50807.95957968845509001 1.00000 7 
 fake.rf 1440.00000000 50817.90943116582709393 1.00000 7 
 fake.rf 1440.00000000 50827.84546257487075493 1.00000 7 
 fake.rf 1440.00000000 50837.82239779415180081 1.00000 7 
 fake.rf 1440.00000000 50847.83666543290613404 1.00000 7 
 fake.rf 1440.00000000 50857.81780852921619385 1.00000 7 
 fake.rf 1440.00000000 50867.73513717232431475 1.00000 7 
 fake.rf 1440.00000000 50877.75308384653657612 1.00000 7 
 fake.rf 1440.00000000 50887.69775370245795187 1.00000 7 
 fake.rf 1440.00000000 50897.64796616357630299 1.00000 7 
 fake.rf 1440.00000000 50907.65131417294576011 1.00000 7 
 fake.rf 1440.00000000 50917.61828785030467515 1.00000 7 
 fake.rf 1440.00000000 50927.57420249731914197 1.00000 7 
 fake.rf 1440.00000000 50937.58182455843709491 1.00000 7 
 fake.rf 1440.00000000 50947.51415272438389081 1.00000 7 
 fake.rf 1440.00000000 50957.53064279942740811 1.00000 7 
 fake.rf 1440.00000000 50967.46864429957363996 1.00000 7 
 fake.rf 1440.00000000 50977.45221897148855206 1.00000 7 
 fake.rf 1440.00000000 50987.40601854273336002 1.00000 7 
 fake.rf 1440.00000000 50997.41442099984382708 1.00000 7 
 fake.rf 1440.00000000 51007.40933877241243977 1.00000 7 
 fake.rf 1440.00000000 51017.32083217896057903 1.00000 7 
 fake.rf 1440.00000000 51027.29603819715991264 1.00000 7 
 fake.rf 1440.00000000 51037.33310622058944972 1.00000 7 
 fake.rf 1440.00000000 51047.24468504290775428 1.00000 7 
 fake.rf 1440.00000000 51057.23737915129900244 1.00000 7 
 fake.rf 1440.00000000 51067.22750206167579989 1.00000 7 
 fake.rf 1440.00000000 51077.18456082099307025 1.00000 7 
 fake.rf 1440.00000000 51087.18546793754880042 1.00000 7 
 fake.rf 1440.00000000 51097.11608501296360885 1.00000 7 
 fake.rf 1440.00000000 51107.12865938531027155 1.00000 7 
 fake.rf 1440.00000000 51117.08972374415337114 1.00000 7 
 fake.rf 1440.00000000 51127.08083000440312205 1.00000 7 
 fake.rf 1440.00000000 51137.05674009904273447 1.00000 7 
 fake.rf 1440.00000000 51147.02204397582872986 1.00000 7 
 fake.rf 1440.00000000 51156.97138889172457965 1.00000 7 
 fake.rf 1440.00000000 51166.95574641668412852 1.00000 7 
 fake.rf 1440.00000000 51176.94901660616242722 1.00000 7 
 fake.rf 1440.00000000 51186.86027922612748142 1.00000 7 
 fake.rf 1440.00000000 51196.89994428972990193 1.00000 7 
 fake.rf 1440.00000000 51206.87073127097519887 1.00000 7 
 fake.rf 1440.00000000 51216.81264617450494114 1.00000 7 
 fake.rf 1440.00000000 51226.76325593084525067 1.00000 7 
 fake.rf 1440.00000000 51236.71726189004876773 1.00000 7 
 fake.rf 1440.00000000 51246.69410322241051503 1.00000 7 
 fake.rf 1440.00000000 51256.68767877212223283 1.00000 7 
 fake.rf 1440.00000000 51266.68547919662300316 1.00000 7 
 fake.rf 1440.00000000 51276.62762629721522600 1.00000 7 
 fake.rf 1440.00000000 51286.63208092821379580 1.00000 7 
 fake.rf 1440.00000000 51296.61098516539793479 1.00000 7 
 fake.rf 1440.00000000 51306.58883905558334604 1.00000 7 
 fake.rf 1440.00000000 51316.53218251762557500 1.00000 7 
 fake.rf 1440.00000000 51326.53321782254056416 1.00000 7 
 fake.rf 1440.00000000 51336.51358207684924295 1.00000 7 
 fake.rf 1440.00000000 51346.43796447693340568 1.00000 7 
 fake.rf 1440.00000000 51356.46121627683278987 1.00000 7 
 fake.rf 1440.00000000 51366.37824566191252273 1.00000 7 
 fake.rf 1440.00000000 51376.40338869357693241 1.00000 7 
 fake.rf 1440.00000000 51386.32767025253220439 1.00000 7 
 fake.rf 1440.00000000 51396.35624441094716630 1.00000 7 
 fake.rf 1440.00000000 51406.25597554669991496 1.00000 7 
 fake.rf 1440.00000000 51416.30346909794246457 1.00000 7 
 fake.rf 1440.00000000 51426.23707861432060540 1.00000 7 
 fake.rf 1440.00000000 51436.23855363201800728 1.00000 7 
 fake.rf 1440.00000000 51446.20592832919123083 1.00000 7 
 fake.rf 1440.00000000 51456.13214602781680895 1.00000 7 
 fake.rf 1440.00000000 51466.11027034446924233 1.00000 7 
 fake.rf 1440.00000000 51476.08930688860499458 1.00000 7 
 fake.rf 1440.00000000 51486.03609910844689779 1.00000 7 
 fake.rf 1440.00000000 51496.03612366870982697 1.00000 7 
 fake.rf 1440.00000000 51505.99879630821041943 1.00000 7 
 fake.rf 1440.00000000 51516.02701318270802844 1.00000 7 
 fake.rf 1440.00000000 51525.99625698941238383 1.00000 7 
 fake.rf 1440.00000000 51535.93684370863485356 1.00000 7 
 fake.rf 1440.00000000 51545.94637087476682069 1.00000 7 
 fake.rf 1440.00000000 51555.91976032501683846 1.00000 7 
 fake.rf 1440.00000000 51565.88122693890936787 1.00000 7 
 fake.rf 1440.00000000 51575.83252549693219891 1.00000 7 
 fake.rf 1440.00000000 51585.77536642073060236 1.00000 7 
 fake.rf 1440.00000000 51595.76859197478309582 1.00000 7 
 fake.rf 1440.00000000 51605.72609914555581767 1.00000 7 
 fake.rf 1440.00000000 51615.75743163583202033 1.00000 7 
 fake.rf 1440.00000000 51625.72130495682096551 1.00000 7 
 fake.rf 1440.00000000 51635.62381842977540103 1.00000 7 
 fake.rf 1440.00000000 51645.66281949762701231 1.00000 7 
 fake.rf 1440.00000000 51655.57837956527394496 1.00000 7 
 fake.rf 1440.00000000 51665.61478249774276961 1.00000 7 
 fake.rf 1440.00000000 51675.51478396517640945 1.00000 7 
 fake.rf 1440.00000000 51685.56612476168722736 1.00000 7 
 fake.rf 1440.00000000 51695.47078022905901307 1.00000 7 
 fake.rf 1440.00000000 51705.50999346045404792 1.00000 7 
 fake.rf 1440.00000000 51715.48836972380096455 1.00000 7 
 fake.rf 1440.00000000 51725.38448976675415736 1.00000 7 
 fake.rf 1440.00000000 51735.38461685530966605 1.00000 7 
 fake.rf 1440.00000000 51745.39177251747491937 1.00000 7 
 fake.rf 1440.00000000 51755.36590492079374926 1.00000 7 
 fake.rf 1440.00000000 51765.31955402290221357 1.00000 7 
 fake.rf 1440.00000000 51775.24880499213893614 1.00000 7 
 fake.rf 1440.00000000 51785.22927828475503986 1.00000 7 
 fake.rf 1440.00000000 51795.24035728602862605 1.00000 7 
 fake.rf 1440.00000000 51805.19693712944279795 1.00000 7 
 fake.rf 1440.00000000 51815.16738737759141742 1.00000 7 
 fake.rf 1440.00000000 51825.15065421952689206 1.00000 7 
 fake.rf 1440.00000000 51835.10378227796579509 1.00000 7 
 fake.rf 1440.00000000 51845.12545688575244185 1.00000 7 
 fake.rf 1440.00000000 51855.06222185563692406 1.00000 7 
 fake.rf 1440.00000000 51865.01604370405847888 1.00000 7 
 fake.rf 1440.00000000 51875.02648928511712612 1.00000 7 
 fake.rf 1440.00000000 51884.94185715219795441 1.00000 7 
 fake.rf 1440.00000000 51894.94915761174404523 1.00000 7 
 fake.rf 1440.00000000 51904.89679974980580113 1.00000 7 
 fake.rf 1440.00000000 51914.88031243942611681 1.00000 7 
 fake.rf 1440.00000000 51924.86291638937188608 1.00000 7 
 fake.rf 1440.00000000 51934.88506945265076808 1.00000 7 
 fake.rf 1440.00000000 51944.79839997553927589 1.00000 7 
 fake.rf 1440.00000000 51954.76397598001642208 1.00000 7 
 fake.rf 1440.00000000 51964.72899351679997793 1.00000 7 
 fake.rf 1440.00000000 51974.70603125644971243 1.00000 7 
 fake.rf 1440.00000000 51984.68224640987200402 1.00000 7 
 fake.rf 1440.00000000 51994.64257569604658826 1.00000 7 
 fake.rf 1440.00000000 52004.63490660930516185 1.00000 7 
 fake.rf 1440.00000000 52014.59430601124714855 1.00000 7 
 fake.rf 1440.00000000 52024.56031592145437514 1.00000 7 
 fake.rf 1440.00000000 52034.55940451069718833 1.00000 7 
 fake.rf 1440.00000000 52044.54623534679790708 1.00000 7 
 fake.rf 1440.00000000 52054.54670520531307076 1.00000 7 
 fake.rf 1440.00000000 52064.46389722660815735 1.00000 7 
 fake.rf 1440.00000000 52074.43168148883255242 1.00000 7 
 fake.rf 1440.00000000 52084.47203998652455681 1.00000 7 
 fake.rf 1440.00000000 52094.39700962922091065 1.00000 7 
 fake.rf 1440.00000000 52104.40317718174257777 1.00000 7 
 fake.rf 1440.00000000 52114.34408659034209776 1.00000 7 
 fake.rf 1440.00000000 52124.35014412677721296 1.00000 7 
 fake.rf 1440.00000000 52134.28354955090745904 1.00000 7 
 fake.rf 1440.00000000 52144.28822461551393275 1.00000 7 
 fake.rf 1440.00000000 52154.25992778769360925 1.00000 7 
 fake.rf 1440.00000000 52164.24073589373592696 1.00000 7 
 fake.rf 1440.00000000 52174.22653714897958466 1.00000 7 
 fake.rf 1440.00000000 52184.15265685138962226 1.00000 7 
 fake.rf 1440.00000000 52194.15947050069488711 1.00000 7 
 fake.rf 1440.00000000 52204.09654320374256642 1.00000 7 
 fake.rf 1440.00000000 52214.08094274050890604 1.00000 7 
 fake.rf 1440.00000000 52224.01524007088619328 1.00000 7 
 fake.rf 1440.00000000 52234.04555438837097370 1.00000 7 
 fake.rf 1440.00000000 52243.99607799791378682 1.00000 7 
 fake.rf 1440.00000000 52253.95434348316367235 1.00000 7 
 fake.rf 1440.00000000 52263.97753818132310855 1.00000 7 
 fake.rf 1440.00000000 52273.92038360328239222 1.00000 7 
 fake.rf 1440.00000000 52283.88299120120204577 1.00000 7 
 fake.rf 1440.00000000 52293.82637203257678493 1.00000 7 
 fake.rf 1440.00000000 52303.84018443690107603 1.00000 7 
 fake.rf 1440.00000000 52313.82242730879723780 1.00000 7 
 fake.rf 1440.00000000 52323.75251185064808368 1.00000 7 
 fake.rf 1440.00000000 52333.75963842103663737 1.00000 7 
 fake.rf 1440.00000000 52343.76827428356386918 1.00000 7 
 fake.rf 1440.00000000 52353.71249394824724277 1.00000 7 
 fake.rf 1440.00000000 52363.66406143407914797 1.00000 7 
 fake.rf 1440.00000000 52373.61719359866644652 1.00000 7 
 fake.rf 1440.00000000 52383.63983522560389972 1.00000 7 
 fake.rf 1440.00000000 52393.57573221966491772 1.00000 7 
 fake.rf 1440.00000000 52403.56447168898425559 1.00000 7 
 fake.rf 1440.00000000 52413.53725191821753526 1.00000 7 
 fake.rf 1440.00000000 52423.52469588885040963 1.00000 7 
 fake.rf 1440.00000000 52433.46346396805669343 1.00000 7 
 fake.rf 1440.00000000 52443.48028724396801081 1.00000 7 
 fake.rf 1440.00000000 52453.41637730959932640 1.00000 7 
 fake.rf 1440.00000000 52463.43748619502849095 1.00000 7 
 fake.rf 1440.00000000 52473.37908859246769211 1.00000 7 
 fake.rf 1440.00000000 52483.32828425417752527 1.00000 7 
 fake.rf 1440.00000000 52493.30281715895490890 1.00000 7 
 fake.rf 1440.00000000 52503.27853753758086341 1.00000 7 
 fake.rf 1440.00000000 52513.27544355399403742 1.00000 7 
 fake.rf 1440.00000000 52523.26168032593393420 1.00000 7 
 fake.rf 1440.00000000 52533.19900238025749317 1.00000 7 
 fake.rf 1440.00000000 52543.17019370935978273 1.00000 7 
 fake.rf 1440.00000000 52553.13425846121789320 1.00000 7 
 fake.rf 1440.00000000 52563.14048366972510351 1.00000 7 
 fake.rf 1440.00000000 52573.07884068185770587 1.00000 7 
 fake.rf 1440.00000000 52583.09638848521712262 1.00000 7 
 fake.rf 1440.00000000 52593.00919236788135791 1.00000 7 
 fake.rf 1440.00000000 52603.00156786142929732 1.00000 7 
 fake.rf 1440.00000000 52612.97689900762442861 1.00000 7 
 fake.rf 1440.00000000 52622.98258342588263403 1.00000 7 
 fake.rf 1440.00000000 52632.93234780179487231 1.00000 7 
 fake.rf 1440.00000000 52642.94210993685881306 1.00000 7 
 fake.rf 1440.00000000 52652.90040116434789041 1.00000 7 
 fake.rf 1440.00000000 52662.82168954375870484 1.00000 7 
 fake.rf 1440.00000000 52672.81032346664051502 1.00000 7 
 fake.rf 1440.00000000 52682.83238454119909377 1.00000 7 
 fake.rf 1440.00000000 52692.80361891311618905 1.00000 7 
 fake.rf 1440.00000000 52702.75545415293793283 1.00000 7 
 fake.rf 1440.00000000 52712.71022569759128729 1.00000 7 
 fake.rf 1440.00000000 52722.68154461493367791 1.00000 7 
 fake.rf 1440.00000000 52732.64812816009415641 1.00000 7 
 fake.rf 1440.00000000 52742.65230539823580358 1.00000 7 
 fake.rf 1440.00000000 52752.58441859590211109 1.00000 7 
 fake.rf 1440.00000000 52762.59772992047747309 1.00000 7 
 fake.rf 1440.00000000 52772.56698704158301538 1.00000 7 
 fake.rf 1440.00000000 52782.55134029997146072 1.00000 7 
 fake.rf 1440.00000000 52792.45781827740711023 1.00000 7 
 fake.rf 1440.00000000 52802.51224599190976861 1.00000 7 
 fake.rf 1440.00000000 52812.41629064249259784 1.00000 7 
 fake.rf 1440.00000000 52822.43031229816023497 1.00000 7 
 fake.rf 1440.00000000 52832.41494780458834413 1.00000 7 
 fake.rf 1440.00000000 52842.36695212194003091 1.00000 7 
 fake.rf 1440.00000000 52852.29613612621169594 1.00000 7 
 fake.rf 1440.00000000 52862.27214068240704137 1.00000 7 
 fake.rf 1440.00000000 52872.25767457921646297 1.00000 7 
 fake.rf 1440.00000000 52882.23585327064533246 1.00000 7 
 fake.rf 1440.00000000 52892.25670996435676940 1.00000 7 
 fake.rf 1440.00000000 52902.18235209336486946 1.00000 7 
 fake.rf 1440.00000000 52912.18021057779298388 1.00000 7 
 fake.rf 1440.00000000 52922.12036943206382844 1.00000 7 
 fake.rf 1440.00000000 52932.07900030372931255 1.00000 7 
 fake.rf 1440.00000000 52942.05392745913915320 1.00000 7 
 fake.rf 1440.00000000 52952.03115277946892547 1.00000 7 
 fake.rf 1440.00000000 52962.05871253747546135 1.00000 7 
 fake.rf 1440.00000000 52971.98223250112862104 1.00000 7 
 fake.rf 1440.00000000 52981.97539603442773881 1.00000 7 
 fake.rf 1440.00000000 52991.96898783722716431 1.00000 7 
 fake.rf 1440.00000000 53001.89104653121997046 1.00000 7 
 fake.rf 1440.00000000 53011.86334963025473854 1.00000 7 
 fake.rf 1440.00000000 53021.83901732947913743 1.00000 7 
 fake.rf 1440.00000000 53031.84303257573474255 1.00000 7 
 fake.rf 1440.00000000 53041.80922357745186346 1.00000 7 
 fake.rf 1440.00000000 53051.81637281225453862 1.00000 7 
 fake.rf 1440.00000000 53061.77980561555176209 1.00000 7 
 fake.rf 1440.00000000 53071.70327897629928415 1.00000 7 
 fake.rf 1440.00000000 53081.70698967741133600 1.00000 7 
 fake.rf 1440.00000000 53091.68208005020006723 1.00000 7 
 fake.rf 1440.00000000 53101.62266902970858240 1.00000 7 
 fake.rf 1440.00000000 53111.62477843739161543 1.00000 7 
 fake.rf 1440.00000000 53121.61455112824844704 1.00000 7 
 fake.rf 1440.00000000 53131.59646609857153976 1.00000 7 
 fake.rf 1440.00000000 53141.52718202136475867 1.00000 7 
 fake.rf 1440.00000000 53151.49626338651257029 1.00000 7 
 fake.rf 1440.00000000 53161.51800005427689300 1.00000 7 
 fake.rf 1440.00000000 53171.45202484267013077 1.00000 7 
 fake.rf 1440.00000000 53181.43394441102220682 1.00000 7 
 fake.rf 1440.00000000 53191.37783073562841807 1.00000 7 
 fake.rf 1440.00000000 53201.36001654325752952 1.00000 7 
 fake.rf 1440.00000000 53211.37821593876515536 1.00000 7 
 fake.rf 1440.00000000 53221.34726509211895618 1.00000 7 
 fake.rf 1440.00000000 53231.29691407988748608 1.00000 7 
 fake.rf 1440.00000000 53241.30104867013288583 1.00000 7 
 fake.rf 1440.00000000 53251.27232933932211978 1.00000 7 
 fake.rf 1440.00000000 53261.22650800034356777 1.00000 7 
 fake.rf 1440.00000000 53271.20217332210377137 1.00000 7 
 fake.rf 1440.00000000 53281.12427829516614253 1.00000 7 
 fake.rf 1440.00000000 53291.09892483587386280 1.00000 7 
 fake.rf 1440.00000000 53301.09548625178105041 1.00000 7 
 fake.rf 1440.00000000 53311.05028757799870931 1.00000 7 
 fake.rf 1440.00000000 53321.02454157857314954 1.00000 7 
 fake.rf 1440.00000000 53331.02407503126110200 1.00000 7 
 fake.rf 1440.00000000 53341.01019590941741555 1.00000 7 
 fake.rf 1440.00000000 53350.97794532067410245 1.00000 7 
 fake.rf 1440.00000000 53360.92859895174873586 1.00000 7 
 fake.rf 1440.00000000 53370.90545700198451229 1.00000 7 
 fake.rf 1440.00000000 53380.90731738642578463 1.00000 7 
 fake.rf 1440.00000000 53390.88898607402548180 1.00000 7 
 fake.rf 1440.00000000 53400.86823880474593196 1.00000 7 
 fake.rf 1440.00000000 53410.83799253543853069 1.00000 7 
 fake.rf 1440.00000000 53420.76574160628351606 1.00000 7 
 fake.rf 1440.00000000 53430.76207137915998047 1.00000 7 
 fake.rf 1440.00000000 53440.74104442990409680 1.00000 7 
 fake.rf 1440.00000000 53450.71014709484071759 1.00000 7 
 fake.rf 1440.00000000 53460.70286253357894779 1.00000 7 
 fake.rf 1440.00000000 53470.64754325594586959 1.00000 7 
 fake.rf 1440.00000000 53480.57797502876224627 1.00000 7 
 fake.rf 1440.00000000 53490.57991434950194432 1.00000 7 
 fake.rf 1440.00000000 53500.57911912295523038 1.00000 7 
 fake.rf 1440.00000000 53510.51904101768617039 1.00000 7 
 fake.rf 1440.00000000 53520.48315074215755871 1.00000 7 
 fake.rf 1440.00000000 53530.47870897812303781 1.00000 7 
 fake.rf 1440.00000000 53540.47891753275661841 1.00000 7 
 fake.rf 1440.00000000 53550.39113283832140411 1.00000 7 
 fake.rf 1440.00000000 53560.38527613155842744 1.00000 7 
 fake.rf 1440.00000000 53570.36696768178689254 1.00000 7 
 fake.rf 1440.00000000 53580.36548593404253538 1.00000 7 
 fake.rf 1440.00000000 53590.30903852306271418 1.00000 7 
 fake.rf 1440.00000000 53600.29268092982256633 1.00000 7 
 fake.rf 1440.00000000 53610.23173162134904501 1.00000 7 
 fake.rf 1440.00000000 53620.24072320039865502 1.00000 7 
 fake.rf 1440.00000000 53630.22592400578290039 1.00000 7 
 fake.rf 1440.00000000 53640.19181244468686032 1.00000 7 
 fake.rf 1440.00000000 53650.13089586848319712 1.00000 7 
 fake.rf 1440.00000000 53660.11115037150072382 1.00000 7 
