FORMAT 1
MODE 1
 fake.rf 1440.00000000 50000.15277674749389902 1.00000 7 
 fake.rf 1440.00000000 50010.16262285196039272 1.00000 7 
 fake.rf 1440.00000000 50020.10292547698514909 1.00000 7 
 fake.rf 1440.00000000 50030.07434276693023989 1.00000 7 
 fake.rf 1440.00000000 50040.03760442379437023 1.00000 7 
 fake.rf 1440.00000000 50050.06980812241506129 1.00000 7 
 fake.rf 1440.00000000 50060.03103114974592813 1.00000 7 
 fake.rf 1440.00000000 50069.96764296552039752 1.00000 7 
 fake.rf 1440.00000000 50079.98120987622673184 1.00000 7 
 fake.rf 1440.00000000 50089.93088923781319721 1.00000 7 
 fake.rf 1440.00000000 50099.90996599766329567 1.00000 7 
 fake.rf 1440.00000000 50109.87003881034778985 1.00000 7 
 fake.rf 1440.00000000 50119.86474168383088212 1.00000 7 
 fake.rf 1440.00000000 50129.82505265080544632 1.00000 7 
 fake.rf 1440.00000000 50139.76117920830805019 1.00000 7 
 fake.rf 1440.00000000 50149.73687781373962480 1.00000 7 
 fake.rf 1440.00000000 50159.73294710253605899 1.00000 7 
 fake.rf 1440.00000000 50169.69884401640976890 1.00000 7 
 fake.rf 1440.00000000 50179.71951414205570430 1.00000 7 
 fake.rf 1440.00000000 50189.65342933229747047 1.00000 7 
 fake.rf 1440.00000000 50199.67534733664343705 1.00000 7 
 fake.rf 1440.00000000 50209.62916080678792596 1.00000 7 
 fake.rf 1440.00000000 50219.61066113946657907 1.00000 7 
 fake.rf 1440.00000000 50229.52777799797721769 1.00000 7 
 fake.rf 1440.00000000 50239.55443180623245425 1.00000 7 
 fake.rf 1440.00000000 50249.50677203773289037 1.00000 7 
 fake.rf 1440.00000000 50259.50206384809913018 1.00000 7 
 fake.rf 1440.00000000 50269.47650803850253709 1.00000 7 
 fake.rf 1440.00000000 50279.37502736028190142 1.00000 7 
 fake.rf 1440.00000000 50289.41277863368900825 1.00000 7 
 fake.rf 1440.00000000 50299.36091807227084161 1.00000 7 
 fake.rf 1440.00000000 50309.30643202878001219 1.00000 7 
 fake.rf 1440.00000000 50319.29800038020178832 1.00000 7 
 fake.rf 1440.00000000 50329.29708008586855073 1.00000 7 
 fake.rf 1440.00000000 50339.24131569972434264 1.00000 7 
 fake.rf 1440.00000000 50349.22345013835943561 1.00000 7 
 fake.rf 1440.00000000 50359.19870449657802780 1.00000 7 
 fake.rf 1440.00000000 50369.13146743311697762 1.00000 7 
 fake.rf 1440.00000000 50379.16085131790295293 1.00000 7 
 fake.rf 1440.00000000 50389.09364363076404203 1.00000 7 
 fake.rf 1440.00000000 50399.08672360814647817 1.00000 7 
 fake.rf 1440.00000000 50409.03915527527397344 1.00000 7 
 fake.rf 1440.00000000 50419.04265801880884368 1.00000 7 
 fake.rf 1440.00000000 50428.97441193505753532 1.00000 7 
 fake.rf 1440.00000000 50438.99779216312424879 1.00000 7 
 fake.rf 1440.00000000 50448.96472582072254198 1.00000 7 
 fake.rf 1440.00000000 50458.89948265410926354 1.00000 7 
 fake.rf 1440.00000000 50468.86290320132478726 1.00000 7 
 fake.rf 1440.00000000 50478.90637142897120526 1.00000 7 
 fake.rf 1440.00000000 50488.80576948054530106 1.00000 7 
 fake.rf 1440.00000000 50498.81374282238206064 1.00000 7 
 fake.rf 1440.00000000 50508.82310004610969401 1.00000 7 
 fake.rf 1440.00000000 50518.78694928306649814 1.00000 7 
 fake.rf 1440.00000000 50528.72039378899414075 1.00000 7 
 fake.rf 1440.00000000 50538.67417239227993875 1.00000 7 
 fake.rf 1440.00000000 50548.69197967103514202 1.00000 7 
 fake.rf 1440.00000000 50558.68840215566427077 1.00000 7 
 fake.rf 1440.00000000 50568.66477680038086362 1.00000 7 
 fake.rf 1440.00000000 50578.60099929124050533 1.00000 7 
 fake.rf 1440.00000000 50588.60657870902166877 1.00000 7 
 fake.rf 1440.00000000 50598.56467576368644501 1.00000 7 
 fake.rf 1440.00000000 50608.47634192779741369 1.00000 7 
 fake.rf 1440.00000000 50618.45473968611182869 1.00000 7 
 fake.rf 1440.00000000 50628.43170943383328009 1.00000 7 
 fake.rf 1440.00000000 50638.45309288026432881 1.00000 7 
 fake.rf 1440.00000000 50648.40303074051436028 1.00000 7 
 fake.rf 1440.00000000 50658.38943916255352562 1.00000 7 
 fake.rf 1440.00000000 50668.33004802646706466 1.00000 7 
 fake.rf 1440.00000000 50678.32338645201286198 1.00000 7 
 fake.rf 1440.00000000 50688.28314974451680541 1.00000 7 
 fake.rf 1440.00000000 50698.26718851757344808 1.00000 7 
 fake.rf 1440.00000000 50708.28091138735238275 1.00000 7 
 fake.rf 1440.00000000 50718.22041061901423831 1.00000 7 
 fake.rf 1440.00000000 50728.15192314742971291 1.00000 7 
 fake.rf 1440.00000000 50738.12470420892942258 1.00000 7 
 fake.rf 1440.00000000 50748.11488801826187256 1.00000 7 
 fake.rf 1440.00000000 50758.12397190838962402 1.00000 7 
 fake.rf 1440.00000000 50768.05881419466804516 1.00000 7 
 fake.rf 1440.00000000 50778.03972282839576735 1.00000 7 
 fake.rf 1440.00000000 50788.03624598589762229 1.00000 7 
 fake.rf 1440.00000000 50797.98112391318657188 1.00000 7 
 fake.rf 1440.00000000 50807.99731022050058726 1.00000 7 
 fake.rf 1440.00000000 50817.94716173421092620 1.00000 7 
 fake.rf 1440.00000000 50827.88319312150183649 1.00000 7 
 fake.rf 1440.00000000 50837.86012828741709413 1.00000 7 
 fake.rf 1440.00000000 50847.87439596990032697 1.00000 7 
 fake.rf 1440.00000000 50857.85553908636453002 1.00000 7 
 fake.rf 1440.00000000 50867.77286768611686796 1.00000 7 
 fake.rf 1440.00000000 50877.79081438270441140 1.00000 7 
 fake.rf 1440.00000000 50887.73548422540164893 1.00000 7 
 fake.rf 1440.00000000 50897.68569672703180728 1.00000 7 
 fake.rf 1440.00000000 50907.68904467890654075 1.00000 7 
 fake.rf 1440.00000000 50917.65601835959605737 1.00000 7 
 fake.rf 1440.00000000 50927.61193303694581758 1.00000 7 
 fake.rf 1440.00000000 50937.61955507617329175 1.00000 7 
 fake.rf 1440.00000000 50947.55188327576119889 1.00000 7 
 fake.rf 1440.00000000 50957.56837332628836634 1.00000 7 
 fake.rf 1440.00000000 50967.50637480497411502 1.00000 7 
 fake.rf 1440.00000000 50977.48994949231789420 1.00000 7 
 fake.rf 1440.00000000 50987.44374905766864714 1.00000 7 
 fake.rf 1440.00000000 50997.45215154779627298 1.00000 7 
 fake.rf 1440.00000000 51007.44706930796851907 1.00000 7 
 fake.rf 1440.00000000 51017.35856272458490324 1.00000 7 
 fake.rf 1440.00000000 51027.33376874674218371 1.00000 7 
 fake.rf 1440.00000000 51037.37083675759569701 1.00000 7 
 fake.rf 1440.00000000 51047.28241551993227532 1.00000 7 
 fake.rf 1440.00000000 51057.27510972964996583 1.00000 7 
 fake.rf 1440.00000000 51067.26523264872776053 1.00000 7 
 fake.rf 1440.00000000 51077.22229135919850052 1.00000 7 
 fake.rf 1440.00000000 51087.22319845672783600 1.00000 7 
 fake.rf 1440.00000000 51097.15381557356695197 1.00000 7 
 fake.rf 1440.00000000 51107.16638995741744367 1.00000 7 
 fake.rf 1440.00000000 51117.12745423430892089 1.00000 7 
 fake.rf 1440.00000000 51127.11856050144588792 1.00000 7 
 fake.rf 1440.00000000 51137.09447060653385719 1.00000 7 
 fake.rf 1440.00000000 51147.05977449527526346 1.00000 7 
 fake.rf 1440.00000000 51157.00911944461507730 1.00000 7 
 fake.rf 1440.00000000 51166.99347697785962552 1.00000 7 
 fake.rf 1440.00000000 51176.98674718931023975 1.00000 7 
 fake.rf 1440.00000000 51186.89800975133054806 1.00000 7 
 fake.rf 1440.00000000 51196.93767480900690714 1.00000 7 
 fake.rf 1440.00000000 51206.90846174733380280 1.00000 7 
 fake.rf 1440.00000000 51216.85037669785961256 1.00000 7 
 fake.rf 1440.00000000 51226.80098645135900171 1.00000 7 
 fake.rf 1440.00000000 51236.75499239403089291 1.00000 7 
 fake.rf 1440.00000000 51246.73183371617091098 1.00000 7 
 fake.rf 1440.00000000 51256.72540930422116645 1.00000 7 
 fake.rf 1440.00000000 51266.72320969652511735 1.00000 7 
 fake.rf 1440.00000000 51276.66535682083022962 1.00000 7 
 fake.rf 1440.00000000 51286.66981146628938149 1.00000 7 
 fake.rf 1440.00000000 51296.64871569870029688 1.00000 7 
 fake.rf 1440.00000000 51306.62656957978180117 1.00000 7 
 fake.rf 1440.00000000 51316.56991303771446766 1.00000 7 
 fake.rf 1440.00000000 51326.57094832438782461 1.00000 7 
 fake.rf 1440.00000000 51336.55131262303784112 1.00000 7 
 fake.rf 1440.00000000 51346.47569501202920250 1.00000 7 
 fake.rf 1440.00000000 51356.49894680662974622 1.00000 7 
 fake.rf 1440.00000000 51366.41597619040477340 1.00000 7 
 fake.rf 1440.00000000 51376.44111923718779522 1.00000 7 
 fake.rf 1440.00000000 51386.36540077776513158 1.00000 7 
 fake.rf 1440.00000000 51396.39397493325480326 1.00000 7 
 fake.rf 1440.00000000 51406.29370610912404516 1.00000 7 
 fake.rf 1440.00000000 51416.34119958921453275 1.00000 7 
 fake.rf 1440.00000000 51426.27480912334400998 1.00000 7 
 fake.rf 1440.00000000 51436.27628414720019023 1.00000 7 
 fake.rf 1440.00000000 51446.24365885109402541 1.00000 7 
 fake.rf 1440.00000000 51456.16987656507138027 1.00000 7 
 fake.rf 1440.00000000 51466.14800084508588185 1.00000 7 
 fake.rf 1440.00000000 51476.12703747778324015 1.00000 7 
 fake.rf 1440.00000000 51486.07382968377174137 1.00000 7 
 fake.rf 1440.00000000 51496.07385423156581084 1.00000 7 
 fake.rf 1440.00000000 51506.03652686487919254 1.00000 7 
 fake.rf 1440.00000000 51516.06474370699910281 1.00000 7 
 fake.rf 1440.00000000 51526.03398750670292827 1.00000 7 
 fake.rf 1440.00000000 51535.97457420063384603 1.00000 7 
 fake.rf 1440.00000000 51545.98410142091869091 1.00000 7 
 fake.rf 1440.00000000 51555.95749089263842180 1.00000 7 
 fake.rf 1440.00000000 51565.91895744350017239 1.00000 7 
 fake.rf 1440.00000000 51575.87025607220513379 1.00000 7 
 fake.rf 1440.00000000 51585.81309694893390372 1.00000 7 
 fake.rf 1440.00000000 51595.80632249557681135 1.00000 7 
 fake.rf 1440.00000000 51605.76382962864114390 1.00000 7 
 fake.rf 1440.00000000 51615.79516219996813930 1.00000 7 
 fake.rf 1440.00000000 51625.75903549210053356 1.00000 7 
 fake.rf 1440.00000000 51635.66154896970088828 1.00000 7 
 fake.rf 1440.00000000 51645.70054998855038519 1.00000 7 
 fake.rf 1440.00000000 51655.61611010595029825 1.00000 7 
 fake.rf 1440.00000000 51665.65251300005461488 1.00000 7 
 fake.rf 1440.00000000 51675.55251446708613017 1.00000 7 
 fake.rf 1440.00000000 51685.60385525792284511 1.00000 7 
 fake.rf 1440.00000000 51695.50851075414465541 1.00000 7 
 fake.rf 1440.00000000 51705.54772403320796315 1.00000 7 
 fake.rf 1440.00000000 51715.52610026423527501 1.00000 7 
 fake.rf 1440.00000000 51725.42222030591046078 1.00000 7 
 fake.rf 1440.00000000 51735.42234739012435796 1.00000 7 
 fake.rf 1440.00000000 51745.42950304225248459 1.00000 7 
 fake.rf 1440.00000000 51755.40363542814048614 1.00000 7 
 fake.rf 1440.00000000 51765.35728458572141975 1.00000 7 
 fake.rf 1440.00000000 51775.28653555513654894 1.00000 7 
 fake.rf 1440.00000000 51785.26700882216010413 1.00000 7 
 fake.rf 1440.00000000 51795.27808781250349313 1.00000 7 
 fake.rf 1440.00000000 51805.23466768283732620 1.00000 7 
 fake.rf 1440.00000000 51815.20511789153733417 1.00000 7 
 fake.rf 1440.00000000 51825.18838478348788001 1.00000 7 
 fake.rf 1440.00000000 51835.14151283474287268 1.00000 7 
 fake.rf 1440.00000000 51845.16318737225911306 1.00000 7 
 fake.rf 1440.00000000 51855.09995238123137895 1.00000 7 
 fake.rf 1440.00000000 51865.05377429526084399 1.00000 7 
 fake.rf 1440.00000000 51875.06421983896786188 1.00000 7 
 fake.rf 1440.00000000 51884.97958774326957254 1.00000 7 
 fake.rf 1440.00000000 51894.98688810951327355 1.00000 7 
 fake.rf 1440.00000000 51904.93453024970656884 1.00000 7 
 fake.rf 1440.00000000 51914.91804299799153455 1.00000 7 
 fake.rf 1440.00000000 51924.90064692074460950 1.00000 7 
 fake.rf 1440.00000000 51934.92279996209727599 1.00000 7 
 fake.rf 1440.00000000 51944.83613051933821581 1.00000 7 
 fake.rf 1440.00000000 51954.80170648830801738 1.00000 7 
 fake.rf 1440.00000000 51964.76672407594622172 1.00000 7 
 fake.rf 1440.00000000 51974.74376182306038885 1.00000 7 
 fake.rf 1440.00000000 51984.71997695673501738 1.00000 7 
 fake.rf 1440.00000000 51994.68030626273811734 1.00000 7 
 fake.rf 1440.00000000 52004.67263712043865453 1.00000 7 
 fake.rf 1440.00000000 52014.63203651833281782 1.00000 7 
 fake.rf 1440.00000000 52024.59804647418420487 1.00000 7 
 fake.rf 1440.00000000 52034.59713508098864310 1.00000 7 
 fake.rf 1440.00000000 52044.58396589320406633 1.00000 7 
 fake.rf 1440.00000000 52054.58443573266266924 1.00000 7 
 fake.rf 1440.00000000 52064.50162777302485040 1.00000 7 
 fake.rf 1440.00000000 52074.46941204110170176 1.00000 7 
 fake.rf 1440.00000000 52084.50977048960114502 1.00000 7 
 fake.rf 1440.00000000 52094.43474019884599713 1.00000 7 
 fake.rf 1440.00000000 52104.44090776055054093 1.00000 7 
 fake.rf 1440.00000000 52114.38181709022606469 1.00000 7 
 fake.rf 1440.00000000 52124.38787464737618649 1.00000 7 
 fake.rf 1440.00000000 52134.32128003917834747 1.00000 7 
 fake.rf 1440.00000000 52144.32595518769231191 1.00000 7 
 fake.rf 1440.00000000 52154.29765831259564024 1.00000 7 
 fake.rf 1440.00000000 52164.27846642178334946 1.00000 7 
 fake.rf 1440.00000000 52174.26426768417797319 1.00000 7 
 fake.rf 1440.00000000 52184.19038738180262982 1.00000 7 
 fake.rf 1440.00000000 52194.19720106865521814 1.00000 7 
 fake.rf 1440.00000000 52204.13427370872872757 1.00000 7 
 fake.rf 1440.00000000 52214.11867329428848095 1.00000 7 
 fake.rf 1440.00000000 52224.05297060489056094 1.00000 7 
 fake.rf 1440.00000000 52234.08328490863759441 1.00000 7 
 fake.rf 1440.00000000 52244.03380853570701703 1.00000 7 
 fake.rf 1440.00000000 52253.99207403565914731 1.00000 7 
 fake.rf 1440.00000000 52264.01526866480652345 1.00000 7 
 fake.rf 1440.00000000 52273.95811415106602382 1.00000 7 
 fake.rf 1440.00000000 52283.92072174585100441 1.00000 7 
 fake.rf 1440.00000000 52293.86410258326421641 1.00000 7 
 fake.rf 1440.00000000 52303.87791498842128490 1.00000 7 
 fake.rf 1440.00000000 52313.86015780556918031 1.00000 7 
 fake.rf 1440.00000000 52323.79024239530147256 1.00000 7 
 fake.rf 1440.00000000 52333.79736899863580391 1.00000 7 
 fake.rf 1440.00000000 52343.80600477519442393 1.00000 7 
 fake.rf 1440.00000000 52353.75022450170463273 1.00000 7 
 fake.rf 1440.00000000 52363.70179200975687195 1.00000 7 
 fake.rf 1440.00000000 52373.65492416417673027 1.00000 7 
 fake.rf 1440.00000000 52383.67756573451811164 1.00000 7 
 fake.rf 1440.00000000 52393.61346278862016135 1.00000 7 
 fake.rf 1440.00000000 52403.60220222834292869 1.00000 7 
 fake.rf 1440.00000000 52413.57498239901011061 1.00000 7 
 fake.rf 1440.00000000 52423.56242644697959676 1.00000 7 
 fake.rf 1440.00000000 52433.50119452003807297 1.00000 7 
 fake.rf 1440.00000000 52443.51801776542708566 1.00000 7 
 fake.rf 1440.00000000 52453.45410782082187495 1.00000 7 
 fake.rf 1440.00000000 52463.47521671500543050 1.00000 7 
 fake.rf 1440.00000000 52473.41681910993617066 1.00000 7 
 fake.rf 1440.00000000 52483.36601474735191175 1.00000 7 
 fake.rf 1440.00000000 52493.34054767548072107 1.00000 7 
 fake.rf 1440.00000000 52503.31626802685179456 1.00000 7 
 fake.rf 1440.00000000 52513.31317409784102423 1.00000 7 
 fake.rf 1440.00000000 52523.29941089427767054 1.00000 7 
 fake.rf 1440.00000000 52533.23673290191800334 1.00000 7 
 fake.rf 1440.00000000 52543.20792425176955476 1.00000 7 
 fake.rf 1440.00000000 52553.17198896887056492 1.00000 7 
 fake.rf 1440.00000000 52563.17821419156475926 1.00000 7 
 fake.rf 1440.00000000 52573.11657124609732605 1.00000 7 
 fake.rf 1440.00000000 52583.13411900318561720 1.00000 7 
 fake.rf 1440.00000000 52593.04692284522778678 1.00000 7 
 fake.rf 1440.00000000 52603.03929838682066844 1.00000 7 
 fake.rf 1440.00000000 52613.01462959143828613 1.00000 7 
 fake.rf 1440.00000000 52623.02031394449976887 1.00000 7 
 fake.rf 1440.00000000 52632.97007837629279337 1.00000 7 
 fake.rf 1440.00000000 52642.97984045183184421 1.00000 7 
 fake.rf 1440.00000000 52652.93813172019043023 1.00000 7 
 fake.rf 1440.00000000 52662.85942012800832757 1.00000 7 
 fake.rf 1440.00000000 52672.84805403649330202 1.00000 7 
 fake.rf 1440.00000000 52682.87011510448875384 1.00000 7 
 fake.rf 1440.00000000 52692.84134945986531307 1.00000 7 
 fake.rf 1440.00000000 52702.79318464311409898 1.00000 7 
 fake.rf 1440.00000000 52712.74795623565541192 1.00000 7 
 fake.rf 1440.00000000 52722.71927510409666340 1.00000 7 
 fake.rf 1440.00000000 52732.68585867592196337 1.00000 7 
 fake.rf 1440.00000000 52742.69003592228441235 1.00000 7 
 fake.rf 1440.00000000 52752.62214914857050019 1.00000 7 
 fake.rf 1440.00000000 52762.63546043503457028 1.00000 7 
 fake.rf 1440.00000000 52772.60471756102026930 1.00000 7 
 fake.rf 1440.00000000 52782.58907080554130431 1.00000 7 
 fake.rf 1440.00000000 52792.49554881900854397 1.00000 7 
 fake.rf 1440.00000000 52802.54997656250318983 1.00000 7 
 fake.rf 1440.00000000 52812.45402111797013944 1.00000 7 
 fake.rf 1440.00000000 52822.46804280608897741 1.00000 7 
 fake.rf 1440.00000000 52832.45267834424030795 1.00000 7 
 fake.rf 1440.00000000 52842.40468270238795512 1.00000 7 
 fake.rf 1440.00000000 52852.33386670683464459 1.00000 7 
 fake.rf 1440.00000000 52862.30987120551706226 1.00000 7 
 fake.rf 1440.00000000 52872.29540515718659677 1.00000 7 
 fake.rf 1440.00000000 52882.27358378309287801 1.00000 7 
 fake.rf 1440.00000000 52892.29444047216140845 1.00000 7 
 fake.rf 1440.00000000 52902.22008264371567421 1.00000 7 
 fake.rf 1440.00000000 52912.21794109963912334 1.00000 7 
 fake.rf 1440.00000000 52922.15809997175271917 1.00000 7 
 fake.rf 1440.00000000 52932.11673083474528667 1.00000 7 
 fake.rf 1440.00000000 52942.09165799718129009 1.00000 7 
 fake.rf 1440.00000000 52952.06888336923283944 1.00000 7 
 fake.rf 1440.00000000 52962.09644302709893537 1.00000 7 
 fake.rf 1440.00000000 52972.01996303444222036 1.00000 7 
 fake.rf 1440.00000000 52982.01312659650852055 1.00000 7 
 fake.rf 1440.00000000 52992.00671840143909108 1.00000 7 
 fake.rf 1440.00000000 53001.92877702746222468 1.00000 7 
 fake.rf 1440.00000000 53011.90108017224967440 1.00000 7 
 fake.rf 1440.00000000 53021.87674785514187548 1.00000 7 
 fake.rf 1440.00000000 53031.88076305282309875 1.00000 7 
 fake.rf 1440.00000000 53041.84695413141359666 1.00000 7 
 fake.rf 1440.00000000 53051.85410338806855535 1.00000 7 
 fake.rf 1440.00000000 53061.81753615086434195 1.00000 7 
 fake.rf 1440.00000000 53071.74100946768260201 1.00000 7 
 fake.rf 1440.00000000 53081.74472014436881651 1.00000 7 
 fake.rf 1440.00000000 53091.71981058649283369 1.00000 7 
 fake.rf 1440.00000000 53101.66039955878803625 1.00000 7 
 fake.rf 1440.00000000 53111.66250898353741050 1.00000 7 
 fake.rf 1440.00000000 53121.65228161022047004 1.00000 7 
 fake.rf 1440.00000000 53131.63419661576235598 1.00000 7 
 fake.rf 1440.00000000 53141.56491254663765389 1.00000 7 
 fake.rf 1440.00000000 53151.53399393952850360 1.00000 7 
 fake.rf 1440.00000000 53161.55573054563297575 1.00000 7 
 fake.rf 1440.00000000 53171.48975539743867103 1.00000 7 
 fake.rf 1440.00000000 53181.47167497221293075 1.00000 7 
 fake.rf 1440.00000000 53191.41556127443772439 1.00000 7 
 fake.rf 1440.00000000 53201.39774706705691543 1.00000 7 
 fake.rf 1440.00000000 53211.41594645073534764 1.00000 7 
 fake.rf 1440.00000000 53221.38499563917723734 1.00000 7 
 fake.rf 1440.00000000 53231.33464459409510283 1.00000 7 
 fake.rf 1440.00000000 53241.33877916113708295 1.00000 7 
 fake.rf 1440.00000000 53251.31005989562465786 1.00000 7 
 fake.rf 1440.00000000 53261.26423855709705180 1.00000 7 
 fake.rf 1440.00000000 53271.23990384544158161 1.00000 7 
 fake.rf 1440.00000000 53281.16200883488921036 1.00000 7 
 fake.rf 1440.00000000 53291.13665538071952454 1.00000 7 
 fake.rf 1440.00000000 53301.13321678765685263 1.00000 7 
 fake.rf 1440.00000000 53311.08801810693536538 1.00000 7 
 fake.rf 1440.00000000 53321.06227209379032672 1.00000 7 
 fake.rf 1440.00000000 53331.06180560461904960 1.00000 7 
 fake.rf 1440.00000000 53341.04792645729412470 1.00000 7 
 fake.rf 1440.00000000 53351.01567584383676746 1.00000 7 
 fake.rf 1440.00000000 53360.96632952926189475 1.00000 7 
 fake.rf 1440.00000000 53370.94318750101286142 1.00000 7 
 fake.rf 1440.00000000 53380.94504790758503177 1.00000 7 
 fake.rf 1440.00000000 53390.92671663251860181 1.00000 7 
 fake.rf 1440.00000000 53400.90596933240384203 1.00000 7 
 fake.rf 1440.00000000 53410.87572304066544504 1.00000 7 
 fake.rf 1440.00000000 53420.80347217706146523 1.00000 7 
 fake.rf 1440.00000000 53430.79980194598274679 1.00000 7 
 fake.rf 1440.00000000 53440.77877492993139441 1.00000 7 
 fake.rf 1440.00000000 53450.74787765267101491 1.00000 7 
 fake.rf 1440.00000000 53460.74059306901888888 1.00000 7 
 fake.rf 1440.00000000 53470.68527376882511248 1.00000 7 
 fake.rf 1440.00000000 53480.61570558256358865 1.00000 7 
 fake.rf 1440.00000000 53490.61764487291727121 1.00000 7 
 fake.rf 1440.00000000 53500.61684968998770628 1.00000 7 
 fake.rf 1440.00000000 53510.55677150288296318 1.00000 7 
 fake.rf 1440.00000000 53520.52088129433170849 1.00000 7 
 fake.rf 1440.00000000 53530.51643954231860079 1.00000 7 
 fake.rf 1440.00000000 53540.51664812290530548 1.00000 7 
 fake.rf 1440.00000000 53550.42886341465574418 1.00000 7 
 fake.rf 1440.00000000 53560.42300662347710727 1.00000 7 
 fake.rf 1440.00000000 53570.40469816616707277 1.00000 7 
 fake.rf 1440.00000000 53580.40321650481012838 1.00000 7 
 fake.rf 1440.00000000 53590.34676901982692243 1.00000 7 
 fake.rf 1440.00000000 53600.33041147166238716 1.00000 7 
 fake.rf 1440.00000000 53610.26946221892710298 1.00000 7 
 fake.rf 1440.00000000 53620.27845369362536587 1.00000 7 
 fake.rf 1440.00000000 53630.26365449525253837 1.00000 7 
 fake.rf 1440.00000000 53640.22954294525411356 1.00000 7 
 fake.rf 1440.00000000 53650.16862641935689027 1.00000 7 
 fake.rf 1440.00000000 53660.14888090428106793 1.00000 7 
