FORMAT 1
MODE 1
 fake.rf 1440.00000000 50000.15283129722199007 1.00000 7 
 fake.rf 1440.00000000 50010.16267735643997483 1.00000 7 
 fake.rf 1440.00000000 50020.10298001816049052 1.00000 7 
 fake.rf 1440.00000000 50030.07439732422449907 1.00000 7 
 fake.rf 1440.00000000 50040.03765904156608002 1.00000 7 
 fake.rf 1440.00000000 50050.06986263967475992 1.00000 7 
 fake.rf 1440.00000000 50060.03108570355482954 1.00000 7 
 fake.rf 1440.00000000 50069.96769753337058617 1.00000 7 
 fake.rf 1440.00000000 50079.98126432775129402 1.00000 7 
 fake.rf 1440.00000000 50089.93094383606590370 1.00000 7 
 fake.rf 1440.00000000 50099.91002055215498956 1.00000 7 
 fake.rf 1440.00000000 50109.87009339276731623 1.00000 7 
 fake.rf 1440.00000000 50119.86479621643233173 1.00000 7 
 fake.rf 1440.00000000 50129.82510719142540268 1.00000 7 
 fake.rf 1440.00000000 50139.76123379308483408 1.00000 7 
 fake.rf 1440.00000000 50149.73693237938945089 1.00000 7 
 fake.rf 1440.00000000 50159.73300157189126125 1.00000 7 
 fake.rf 1440.00000000 50169.69889855410628599 1.00000 7 
 fake.rf 1440.00000000 50179.71956879500249471 1.00000 7 
 fake.rf 1440.00000000 50189.65348388558168224 1.00000 7 
 fake.rf 1440.00000000 50199.67540188573555682 1.00000 7 
 fake.rf 1440.00000000 50209.62921531497729433 1.00000 7 
 fake.rf 1440.00000000 50219.61071565115719650 1.00000 7 
 fake.rf 1440.00000000 50229.52783255979898414 1.00000 7 
 fake.rf 1440.00000000 50239.55448631067969600 1.00000 7 
 fake.rf 1440.00000000 50249.50682651536903478 1.00000 7 
 fake.rf 1440.00000000 50259.50211846212629396 1.00000 7 
 fake.rf 1440.00000000 50269.47656259338629425 1.00000 7 
 fake.rf 1440.00000000 50279.37508188792942576 1.00000 7 
 fake.rf 1440.00000000 50289.41283316049156227 1.00000 7 
 fake.rf 1440.00000000 50299.36097263475359043 1.00000 7 
 fake.rf 1440.00000000 50309.30648656816913800 1.00000 7 
 fake.rf 1440.00000000 50319.29805489417805830 1.00000 7 
 fake.rf 1440.00000000 50329.29713468885338656 1.00000 7 
 fake.rf 1440.00000000 50339.24137021370336953 1.00000 7 
 fake.rf 1440.00000000 50349.22350465402293551 1.00000 7 
 fake.rf 1440.00000000 50359.19875907866729747 1.00000 7 
 fake.rf 1440.00000000 50369.13152205295714481 1.00000 7 
 fake.rf 1440.00000000 50379.16090585085021658 1.00000 7 
 fake.rf 1440.00000000 50389.09369809278016561 1.00000 7 
 fake.rf 1440.00000000 50399.08677822375844002 1.00000 7 
 fake.rf 1440.00000000 50409.03920981313897087 1.00000 7 
 fake.rf 1440.00000000 50419.04271253607276293 1.00000 7 
 fake.rf 1440.00000000 50428.97446651927837280 1.00000 7 
 fake.rf 1440.00000000 50438.99784670717120605 1.00000 7 
 fake.rf 1440.00000000 50448.96478044184500078 1.00000 7 
 fake.rf 1440.00000000 50458.89953716997160171 1.00000 7 
 fake.rf 1440.00000000 50468.86295773689976230 1.00000 7 
 fake.rf 1440.00000000 50478.90642597418200666 1.00000 7 
 fake.rf 1440.00000000 50488.80582396882704899 1.00000 7 
 fake.rf 1440.00000000 50498.81379734749131316 1.00000 7 
 fake.rf 1440.00000000 50508.82315462883282109 1.00000 7 
 fake.rf 1440.00000000 50518.78700373430859472 1.00000 7 
 fake.rf 1440.00000000 50528.72044842648156759 1.00000 7 
 fake.rf 1440.00000000 50538.67422687036301809 1.00000 7 
 fake.rf 1440.00000000 50548.69203421493333650 1.00000 7 
 fake.rf 1440.00000000 50558.68845671298588229 1.00000 7 
 fake.rf 1440.00000000 50568.66483132885785423 1.00000 7 
 fake.rf 1440.00000000 50578.60105385021789814 1.00000 7 
 fake.rf 1440.00000000 50588.60663334020749105 1.00000 7 
 fake.rf 1440.00000000 50598.56473028105991929 1.00000 7 
 fake.rf 1440.00000000 50608.47639640427208008 1.00000 7 
 fake.rf 1440.00000000 50618.45479431483788346 1.00000 7 
 fake.rf 1440.00000000 50628.43176399463908766 1.00000 7 
 fake.rf 1440.00000000 50638.45314748333863264 1.00000 7 
 fake.rf 1440.00000000 50648.40308524452339967 1.00000 7 
 fake.rf 1440.00000000 50658.38949364029047118 1.00000 7 
 fake.rf 1440.00000000 50668.33010258472989307 1.00000 7 
 fake.rf 1440.00000000 50678.32344094296269787 1.00000 7 
 fake.rf 1440.00000000 50688.28320436070089627 1.00000 7 
 fake.rf 1440.00000000 50698.26724303923608161 1.00000 7 
 fake.rf 1440.00000000 50708.28096586554930170 1.00000 7 
 fake.rf 1440.00000000 50718.22046511876407848 1.00000 7 
 fake.rf 1440.00000000 50728.15197775923185119 1.00000 7 
 fake.rf 1440.00000000 50738.12475876758978899 1.00000 7 
 fake.rf 1440.00000000 50748.11494260016398172 1.00000 7 
 fake.rf 1440.00000000 50758.12402653656135598 1.00000 7 
 fake.rf 1440.00000000 50768.05886876665543284 1.00000 7 
 fake.rf 1440.00000000 50778.03977734331594718 1.00000 7 
 fake.rf 1440.00000000 50788.03630060691020631 1.00000 7 
 fake.rf 1440.00000000 50797.98117848614643322 1.00000 7 
 fake.rf 1440.00000000 50807.99736480483115741 1.00000 7 
 fake.rf 1440.00000000 50817.94721626916308566 1.00000 7 
 fake.rf 1440.00000000 50827.88324767472541765 1.00000 7 
 fake.rf 1440.00000000 50837.86018281985147382 1.00000 7 
 fake.rf 1440.00000000 50847.87445056337278615 1.00000 7 
 fake.rf 1440.00000000 50857.85559364800828419 1.00000 7 
 fake.rf 1440.00000000 50867.77292229106690513 1.00000 7 
 fake.rf 1440.00000000 50877.79086897711449566 1.00000 7 
 fake.rf 1440.00000000 50887.73553873988709739 1.00000 7 
 fake.rf 1440.00000000 50897.68575132554351015 1.00000 7 
 fake.rf 1440.00000000 50907.68909926940940025 1.00000 7 
 fake.rf 1440.00000000 50917.65607294981784037 1.00000 7 
 fake.rf 1440.00000000 50927.61198762753751978 1.00000 7 
 fake.rf 1440.00000000 50937.61960963039284778 1.00000 7 
 fake.rf 1440.00000000 50947.55193775714650428 1.00000 7 
 fake.rf 1440.00000000 50957.56842794321871182 1.00000 7 
 fake.rf 1440.00000000 50967.50642941081079229 1.00000 7 
 fake.rf 1440.00000000 50977.49000406908328387 1.00000 7 
 fake.rf 1440.00000000 50987.44380359779569289 1.00000 7 
 fake.rf 1440.00000000 50997.45220611425516921 1.00000 7 
 fake.rf 1440.00000000 51007.44712385368184826 1.00000 7 
 fake.rf 1440.00000000 51017.35861720511497097 1.00000 7 
 fake.rf 1440.00000000 51027.33382326998690459 1.00000 7 
 fake.rf 1440.00000000 51037.37089128586992004 1.00000 7 
 fake.rf 1440.00000000 51047.28247006958639886 1.00000 7 
 fake.rf 1440.00000000 51057.27516419310425988 1.00000 7 
 fake.rf 1440.00000000 51067.26528720286620810 1.00000 7 
 fake.rf 1440.00000000 51077.22234585309269050 1.00000 7 
 fake.rf 1440.00000000 51087.22325299164696943 1.00000 7 
 fake.rf 1440.00000000 51097.15387011392712679 1.00000 7 
 fake.rf 1440.00000000 51107.16644445224789095 1.00000 7 
 fake.rf 1440.00000000 51117.12750881609578713 1.00000 7 
 fake.rf 1440.00000000 51127.11861505647127046 1.00000 7 
 fake.rf 1440.00000000 51137.09452515216568003 1.00000 7 
 fake.rf 1440.00000000 51147.05982901219472225 1.00000 7 
 fake.rf 1440.00000000 51157.00917397680202114 1.00000 7 
 fake.rf 1440.00000000 51166.99353156187074987 1.00000 7 
 fake.rf 1440.00000000 51176.98680165552309163 1.00000 7 
 fake.rf 1440.00000000 51186.89806430013677385 1.00000 7 
 fake.rf 1440.00000000 51196.93772937037201842 1.00000 7 
 fake.rf 1440.00000000 51206.90851635646405526 1.00000 7 
 fake.rf 1440.00000000 51216.85043124818544058 1.00000 7 
 fake.rf 1440.00000000 51226.80104098278934188 1.00000 7 
 fake.rf 1440.00000000 51236.75504700967955429 1.00000 7 
 fake.rf 1440.00000000 51246.73188824130403063 1.00000 7 
 fake.rf 1440.00000000 51256.72546392015556194 1.00000 7 
 fake.rf 1440.00000000 51266.72326427482334665 1.00000 7 
 fake.rf 1440.00000000 51276.66541133982387990 1.00000 7 
 fake.rf 1440.00000000 51286.66986600091871296 1.00000 7 
 fake.rf 1440.00000000 51296.64877030989302398 1.00000 7 
 fake.rf 1440.00000000 51306.62662417310277974 1.00000 7 
 fake.rf 1440.00000000 51316.56996761766877668 1.00000 7 
 fake.rf 1440.00000000 51326.57100295634869269 1.00000 7 
 fake.rf 1440.00000000 51336.55136707561351628 1.00000 7 
 fake.rf 1440.00000000 51346.47574961045072683 1.00000 7 
 fake.rf 1440.00000000 51356.49900137067886519 1.00000 7 
 fake.rf 1440.00000000 51366.41603081442991297 1.00000 7 
 fake.rf 1440.00000000 51376.44117377961621784 1.00000 7 
 fake.rf 1440.00000000 51386.36545528246163883 1.00000 7 
 fake.rf 1440.00000000 51396.39402946868509403 1.00000 7 
 fake.rf 1440.00000000 51406.29376058950928652 1.00000 7 
 fake.rf 1440.00000000 51416.34125414878155880 1.00000 7 
 fake.rf 1440.00000000 51426.27486364636061111 1.00000 7 
 fake.rf 1440.00000000 51436.27633870401211524 1.00000 7 
 fake.rf 1440.00000000 51446.24371338651756247 1.00000 7 
 fake.rf 1440.00000000 51456.16993106997993834 1.00000 7 
 fake.rf 1440.00000000 51466.14805538351475889 1.00000 7 
 fake.rf 1440.00000000 51476.12709201629692757 1.00000 7 
 fake.rf 1440.00000000 51486.07388417343599940 1.00000 7 
 fake.rf 1440.00000000 51496.07390882469694304 1.00000 7 
 fake.rf 1440.00000000 51506.03658133214142012 1.00000 7 
 fake.rf 1440.00000000 51516.06479829503095758 1.00000 7 
 fake.rf 1440.00000000 51526.03404207582568830 1.00000 7 
 fake.rf 1440.00000000 51535.97462874038798120 1.00000 7 
 fake.rf 1440.00000000 51545.98415589096377332 1.00000 7 
 fake.rf 1440.00000000 51555.95754547361839926 1.00000 7 
 fake.rf 1440.00000000 51565.91901204798374181 1.00000 7 
 fake.rf 1440.00000000 51575.87031052371327888 1.00000 7 
 fake.rf 1440.00000000 51585.81315151478131753 1.00000 7 
 fake.rf 1440.00000000 51595.80637706693786981 1.00000 7 
 fake.rf 1440.00000000 51605.76388416486493327 1.00000 7 
 fake.rf 1440.00000000 51615.79521669266975792 1.00000 7 
 fake.rf 1440.00000000 51625.75909009202963773 1.00000 7 
 fake.rf 1440.00000000 51635.66160344374823765 1.00000 7 
 fake.rf 1440.00000000 51645.70060456801977722 1.00000 7 
 fake.rf 1440.00000000 51655.61616459254387124 1.00000 7 
 fake.rf 1440.00000000 51665.65256760048826834 1.00000 7 
 fake.rf 1440.00000000 51675.55256905627918940 1.00000 7 
 fake.rf 1440.00000000 51685.60390985751616810 1.00000 7 
 fake.rf 1440.00000000 51695.50856535660793512 1.00000 7 
 fake.rf 1440.00000000 51705.54777858222350062 1.00000 7 
 fake.rf 1440.00000000 51715.52615477134958866 1.00000 7 
 fake.rf 1440.00000000 51725.42227487249523321 1.00000 7 
 fake.rf 1440.00000000 51735.42240194820344357 1.00000 7 
 fake.rf 1440.00000000 51745.42955766541646057 1.00000 7 
 fake.rf 1440.00000000 51755.40369006248189621 1.00000 7 
 fake.rf 1440.00000000 51765.35733913098263770 1.00000 7 
 fake.rf 1440.00000000 51775.28659011689004998 1.00000 7 
 fake.rf 1440.00000000 51785.26706331492885838 1.00000 7 
 fake.rf 1440.00000000 51795.27814230643118520 1.00000 7 
 fake.rf 1440.00000000 51805.23472217855790589 1.00000 7 
 fake.rf 1440.00000000 51815.20517248611115946 1.00000 7 
 fake.rf 1440.00000000 51825.18843933887709952 1.00000 7 
 fake.rf 1440.00000000 51835.14156736957109572 1.00000 7 
 fake.rf 1440.00000000 51845.16324194450780993 1.00000 7 
 fake.rf 1440.00000000 51855.10000699501483012 1.00000 7 
 fake.rf 1440.00000000 51865.05382877637356387 1.00000 7 
 fake.rf 1440.00000000 51875.06427434272521282 1.00000 7 
 fake.rf 1440.00000000 51884.97964228888276850 1.00000 7 
 fake.rf 1440.00000000 51894.98694268659083662 1.00000 7 
 fake.rf 1440.00000000 51904.93458481614058186 1.00000 7 
 fake.rf 1440.00000000 51914.91809745500964013 1.00000 7 
 fake.rf 1440.00000000 51924.90070145243008071 1.00000 7 
 fake.rf 1440.00000000 51934.92285460373027206 1.00000 7 
 fake.rf 1440.00000000 51944.83618507502288608 1.00000 7 
 fake.rf 1440.00000000 51954.80176104902193046 1.00000 7 
 fake.rf 1440.00000000 51964.76677853234161475 1.00000 7 
 fake.rf 1440.00000000 51974.74381636933768647 1.00000 7 
 fake.rf 1440.00000000 51984.72003145875815733 1.00000 7 
 fake.rf 1440.00000000 51994.68036084640387884 1.00000 7 
 fake.rf 1440.00000000 52004.67269167620069581 1.00000 7 
 fake.rf 1440.00000000 52014.63209116069839055 1.00000 7 
 fake.rf 1440.00000000 52024.59810093980720325 1.00000 7 
 fake.rf 1440.00000000 52034.59718959224188239 1.00000 7 
 fake.rf 1440.00000000 52044.58402044226683358 1.00000 7 
 fake.rf 1440.00000000 52054.58449033220313495 1.00000 7 
 fake.rf 1440.00000000 52064.50168225769866837 1.00000 7 
 fake.rf 1440.00000000 52074.46946650576644444 1.00000 7 
 fake.rf 1440.00000000 52084.50982501124363111 1.00000 7 
 fake.rf 1440.00000000 52094.43479472251836526 1.00000 7 
 fake.rf 1440.00000000 52104.44096230900856881 1.00000 7 
 fake.rf 1440.00000000 52114.38187164768138260 1.00000 7 
 fake.rf 1440.00000000 52124.38792916451860293 1.00000 7 
 fake.rf 1440.00000000 52134.32133459274955811 1.00000 7 
 fake.rf 1440.00000000 52144.32600965961624340 1.00000 7 
 fake.rf 1440.00000000 52154.29771292044130249 1.00000 7 
 fake.rf 1440.00000000 52164.27852099648339390 1.00000 7 
 fake.rf 1440.00000000 52174.26432218858743184 1.00000 7 
 fake.rf 1440.00000000 52184.19044191461916782 1.00000 7 
 fake.rf 1440.00000000 52194.19725557364894897 1.00000 7 
 fake.rf 1440.00000000 52204.13432827619447707 1.00000 7 
 fake.rf 1440.00000000 52214.11872775576265937 1.00000 7 
 fake.rf 1440.00000000 52224.05302509297042235 1.00000 7 
 fake.rf 1440.00000000 52234.08333947966904987 1.00000 7 
 fake.rf 1440.00000000 52244.03386308475903377 1.00000 7 
 fake.rf 1440.00000000 52253.99212858591141995 1.00000 7 
 fake.rf 1440.00000000 52264.01532322031851052 1.00000 7 
 fake.rf 1440.00000000 52273.95816866697086667 1.00000 7 
 fake.rf 1440.00000000 52283.92077630835564861 1.00000 7 
 fake.rf 1440.00000000 52293.86415710775363763 1.00000 7 
 fake.rf 1440.00000000 52303.87796955620737549 1.00000 7 
 fake.rf 1440.00000000 52313.86021233018261256 1.00000 7 
 fake.rf 1440.00000000 52323.79029699517498031 1.00000 7 
 fake.rf 1440.00000000 52333.79742355112185237 1.00000 7 
 fake.rf 1440.00000000 52343.80605930271168447 1.00000 7 
 fake.rf 1440.00000000 52353.75027904654938382 1.00000 7 
 fake.rf 1440.00000000 52363.70184657055412458 1.00000 7 
 fake.rf 1440.00000000 52373.65497869616417148 1.00000 7 
 fake.rf 1440.00000000 52383.67762026885247906 1.00000 7 
 fake.rf 1440.00000000 52393.61351724782609551 1.00000 7 
 fake.rf 1440.00000000 52403.60225675162939396 1.00000 7 
 fake.rf 1440.00000000 52413.57503700590319795 1.00000 7 
 fake.rf 1440.00000000 52423.56248096353608190 1.00000 7 
 fake.rf 1440.00000000 52433.50124905992693414 1.00000 7 
 fake.rf 1440.00000000 52443.51807236785427335 1.00000 7 
 fake.rf 1440.00000000 52453.45416238638959072 1.00000 7 
 fake.rf 1440.00000000 52463.47527130454066580 1.00000 7 
 fake.rf 1440.00000000 52473.41687359885827391 1.00000 7 
 fake.rf 1440.00000000 52483.36606938324590033 1.00000 7 
 fake.rf 1440.00000000 52493.34060221188666873 1.00000 7 
 fake.rf 1440.00000000 52503.31632258970110883 1.00000 7 
 fake.rf 1440.00000000 52513.31322866772932656 1.00000 7 
 fake.rf 1440.00000000 52523.29946542006283750 1.00000 7 
 fake.rf 1440.00000000 52533.23678751847737090 1.00000 7 
 fake.rf 1440.00000000 52543.20797878658951774 1.00000 7 
 fake.rf 1440.00000000 52553.17204350193206608 1.00000 7 
 fake.rf 1440.00000000 52563.17826880313755211 1.00000 7 
 fake.rf 1440.00000000 52573.11662571358264628 1.00000 7 
 fake.rf 1440.00000000 52583.13417351427948887 1.00000 7 
 fake.rf 1440.00000000 52593.04697744942183846 1.00000 7 
 fake.rf 1440.00000000 52603.03935296663735954 1.00000 7 
 fake.rf 1440.00000000 52613.01468411111276069 1.00000 7 
 fake.rf 1440.00000000 52623.02036855051864350 1.00000 7 
 fake.rf 1440.00000000 52632.97013295311795389 1.00000 7 
 fake.rf 1440.00000000 52642.97989506325033560 1.00000 7 
 fake.rf 1440.00000000 52652.93818625459260474 1.00000 7 
 fake.rf 1440.00000000 52662.85947469522441722 1.00000 7 
 fake.rf 1440.00000000 52672.84810852068586939 1.00000 7 
 fake.rf 1440.00000000 52682.87016955778022265 1.00000 7 
 fake.rf 1440.00000000 52692.84140395726404194 1.00000 7 
 fake.rf 1440.00000000 52702.79323919257639020 1.00000 7 
 fake.rf 1440.00000000 52712.74801073794635542 1.00000 7 
 fake.rf 1440.00000000 52722.71932967577417983 1.00000 7 
 fake.rf 1440.00000000 52732.68591321532726823 1.00000 7 
 fake.rf 1440.00000000 52742.69009047618682473 1.00000 7 
 fake.rf 1440.00000000 52752.62220365127337729 1.00000 7 
 fake.rf 1440.00000000 52762.63551497765146436 1.00000 7 
 fake.rf 1440.00000000 52772.60477212255873880 1.00000 7 
 fake.rf 1440.00000000 52782.58912543373529758 1.00000 7 
 fake.rf 1440.00000000 52792.49560340845915718 1.00000 7 
 fake.rf 1440.00000000 52802.55003105088314896 1.00000 7 
 fake.rf 1440.00000000 52812.45407575636734165 1.00000 7 
 fake.rf 1440.00000000 52822.46809739468903899 1.00000 7 
 fake.rf 1440.00000000 52832.45273293984268292 1.00000 7 
 fake.rf 1440.00000000 52842.40473724833696423 1.00000 7 
 fake.rf 1440.00000000 52852.33392120443287254 1.00000 7 
 fake.rf 1440.00000000 52862.30992581288967358 1.00000 7 
 fake.rf 1440.00000000 52872.29545973896214406 1.00000 7 
 fake.rf 1440.00000000 52882.27363831143891204 1.00000 7 
 fake.rf 1440.00000000 52892.29449498499329962 1.00000 7 
 fake.rf 1440.00000000 52902.22013714708299759 1.00000 7 
 fake.rf 1440.00000000 52912.21799560600903334 1.00000 7 
 fake.rf 1440.00000000 52922.15815449737667819 1.00000 7 
 fake.rf 1440.00000000 52932.11678536353115376 1.00000 7 
 fake.rf 1440.00000000 52942.09171250658351937 1.00000 7 
 fake.rf 1440.00000000 52952.06893790593317206 1.00000 7 
 fake.rf 1440.00000000 52962.09649756429252676 1.00000 7 
 fake.rf 1440.00000000 52972.02001763143474022 1.00000 7 
 fake.rf 1440.00000000 52982.01318110293843588 1.00000 7 
 fake.rf 1440.00000000 52992.00677296956124707 1.00000 7 
 fake.rf 1440.00000000 53001.92883160545788002 1.00000 7 
 fake.rf 1440.00000000 53011.90113477573341072 1.00000 7 
 fake.rf 1440.00000000 53021.87680242881255666 1.00000 7 
 fake.rf 1440.00000000 53031.88081759761600154 1.00000 7 
 fake.rf 1440.00000000 53041.84700864155699662 1.00000 7 
 fake.rf 1440.00000000 53051.85415796912414521 1.00000 7 
 fake.rf 1440.00000000 53061.81759069124177941 1.00000 7 
 fake.rf 1440.00000000 53071.74106400059600119 1.00000 7 
 fake.rf 1440.00000000 53081.74477476347654559 1.00000 7 
 fake.rf 1440.00000000 53091.71986514579632299 1.00000 7 
 fake.rf 1440.00000000 53101.66045411319892011 1.00000 7 
 fake.rf 1440.00000000 53111.66256352585925526 1.00000 7 
 fake.rf 1440.00000000 53121.65233618525478221 1.00000 7 
 fake.rf 1440.00000000 53131.63425115424349698 1.00000 7 
 fake.rf 1440.00000000 53141.56496715006543496 1.00000 7 
 fake.rf 1440.00000000 53151.53404851188766500 1.00000 7 
 fake.rf 1440.00000000 53161.55578511861670421 1.00000 7 
 fake.rf 1440.00000000 53171.48980992316637995 1.00000 7 
 fake.rf 1440.00000000 53181.47172951847099753 1.00000 7 
 fake.rf 1440.00000000 53191.41561580055856240 1.00000 7 
 fake.rf 1440.00000000 53201.39780161164572547 1.00000 7 
 fake.rf 1440.00000000 53211.41600102571312547 1.00000 7 
 fake.rf 1440.00000000 53221.38505023703903163 1.00000 7 
 fake.rf 1440.00000000 53231.33469924989503852 1.00000 7 
 fake.rf 1440.00000000 53241.33883376809893662 1.00000 7 
 fake.rf 1440.00000000 53251.31011443791976490 1.00000 7 
 fake.rf 1440.00000000 53261.26429310070097856 1.00000 7 
 fake.rf 1440.00000000 53271.23995841890556235 1.00000 7 
 fake.rf 1440.00000000 53281.16206331855714140 1.00000 7 
 fake.rf 1440.00000000 53291.13670994669073977 1.00000 7 
 fake.rf 1440.00000000 53301.13327140103729107 1.00000 7 
 fake.rf 1440.00000000 53311.08807271456807086 1.00000 7 
 fake.rf 1440.00000000 53321.06232662947687473 1.00000 7 
 fake.rf 1440.00000000 53331.06186008810292520 1.00000 7 
 fake.rf 1440.00000000 53341.04798105731486402 1.00000 7 
 fake.rf 1440.00000000 53351.01573041233433514 1.00000 7 
 fake.rf 1440.00000000 53360.96638407464736886 1.00000 7 
 fake.rf 1440.00000000 53370.94324204998392247 1.00000 7 
 fake.rf 1440.00000000 53380.94510252999882383 1.00000 7 
 fake.rf 1440.00000000 53390.92677120944517810 1.00000 7 
 fake.rf 1440.00000000 53400.90602391104231828 1.00000 7 
 fake.rf 1440.00000000 53410.87577761794945630 1.00000 7 
 fake.rf 1440.00000000 53420.80352666504062853 1.00000 7 
 fake.rf 1440.00000000 53430.79985643705247611 1.00000 7 
 fake.rf 1440.00000000 53440.77882948353322590 1.00000 7 
 fake.rf 1440.00000000 53450.74793210707440139 1.00000 7 
 fake.rf 1440.00000000 53460.74064756181256186 1.00000 7 
 fake.rf 1440.00000000 53470.68532836499664640 1.00000 7 
 fake.rf 1440.00000000 53480.61576010982039975 1.00000 7 
 fake.rf 1440.00000000 53490.61769940030270476 1.00000 7 
 fake.rf 1440.00000000 53500.61690426033083412 1.00000 7 
 fake.rf 1440.00000000 53510.55682604005878744 1.00000 7 
 fake.rf 1440.00000000 53520.52093582695982477 1.00000 7 
 fake.rf 1440.00000000 53530.51649404025686962 1.00000 7 
 fake.rf 1440.00000000 53540.51670267836549399 1.00000 7 
 fake.rf 1440.00000000 53550.42891786552549149 1.00000 7 
 fake.rf 1440.00000000 53560.42306120653881152 1.00000 7 
 fake.rf 1440.00000000 53570.40475274835566566 1.00000 7 
 fake.rf 1440.00000000 53580.40327098299718145 1.00000 7 
 fake.rf 1440.00000000 53590.34682353530126520 1.00000 7 
 fake.rf 1440.00000000 53600.33046598678696526 1.00000 7 
 fake.rf 1440.00000000 53610.26951675970368072 1.00000 7 
 fake.rf 1440.00000000 53620.27850828832320218 1.00000 7 
 fake.rf 1440.00000000 53630.26370905286985646 1.00000 7 
 fake.rf 1440.00000000 53640.22959747536451758 1.00000 7 
 fake.rf 1440.00000000 53650.16868103211466945 1.00000 7 
 fake.rf 1440.00000000 53660.14893547569357679 1.00000 7 
