FORMAT 1
MODE 1
 fake.rf 1440.00000000 50000.16551669238803512 1.00000 7 
 fake.rf 1440.00000000 50010.17536274663379103 1.00000 7 
 fake.rf 1440.00000000 50020.11566540117201995 1.00000 7 
 fake.rf 1440.00000000 50030.08708267143349246 1.00000 7 
 fake.rf 1440.00000000 50040.05034438835739152 1.00000 7 
 fake.rf 1440.00000000 50050.08254806216370270 1.00000 7 
 fake.rf 1440.00000000 50060.04377111632129527 1.00000 7 
 fake.rf 1440.00000000 50069.98038286377632744 1.00000 7 
 fake.rf 1440.00000000 50079.99394976548615332 1.00000 7 
 fake.rf 1440.00000000 50089.94362917567726612 1.00000 7 
 fake.rf 1440.00000000 50099.92270592475762570 1.00000 7 
 fake.rf 1440.00000000 50109.88277876768887253 1.00000 7 
 fake.rf 1440.00000000 50119.87748163836646853 1.00000 7 
 fake.rf 1440.00000000 50129.83779258600531392 1.00000 7 
 fake.rf 1440.00000000 50139.77391918810260307 1.00000 7 
 fake.rf 1440.00000000 50149.74961774781924362 1.00000 7 
 fake.rf 1440.00000000 50159.74568701877911892 1.00000 7 
 fake.rf 1440.00000000 50169.71158392743506482 1.00000 7 
 fake.rf 1440.00000000 50179.73225412289598424 1.00000 7 
 fake.rf 1440.00000000 50189.66616925683307926 1.00000 7 
 fake.rf 1440.00000000 50199.68808728875605851 1.00000 7 
 fake.rf 1440.00000000 50209.64190076236967641 1.00000 7 
 fake.rf 1440.00000000 50219.62340102889942628 1.00000 7 
 fake.rf 1440.00000000 50229.54051793565880502 1.00000 7 
 fake.rf 1440.00000000 50239.56717174109532920 1.00000 7 
 fake.rf 1440.00000000 50249.51951197182800612 1.00000 7 
 fake.rf 1440.00000000 50259.51480380924821034 1.00000 7 
 fake.rf 1440.00000000 50269.48924794179098541 1.00000 7 
 fake.rf 1440.00000000 50279.38776728434084617 1.00000 7 
 fake.rf 1440.00000000 50289.42551859295748429 1.00000 7 
 fake.rf 1440.00000000 50299.37365798158051078 1.00000 7 
 fake.rf 1440.00000000 50309.31917199050315759 1.00000 7 
 fake.rf 1440.00000000 50319.31074035096244756 1.00000 7 
 fake.rf 1440.00000000 50329.30982003510775158 1.00000 7 
 fake.rf 1440.00000000 50339.25405564584509932 1.00000 7 
 fake.rf 1440.00000000 50349.23619007120610291 1.00000 7 
 fake.rf 1440.00000000 50359.21144442094554705 1.00000 7 
 fake.rf 1440.00000000 50369.14420743259109159 1.00000 7 
 fake.rf 1440.00000000 50379.17359127068308666 1.00000 7 
 fake.rf 1440.00000000 50389.10638352167653409 1.00000 7 
 fake.rf 1440.00000000 50399.09946358652177878 1.00000 7 
 fake.rf 1440.00000000 50409.05189519678599552 1.00000 7 
 fake.rf 1440.00000000 50419.05539796199572322 1.00000 7 
 fake.rf 1440.00000000 50428.98715189474108911 1.00000 7 
 fake.rf 1440.00000000 50439.01053211225634598 1.00000 7 
 fake.rf 1440.00000000 50448.97746580967871211 1.00000 7 
 fake.rf 1440.00000000 50458.91222262609823801 1.00000 7 
 fake.rf 1440.00000000 50468.87564314535842058 1.00000 7 
 fake.rf 1440.00000000 50478.91911141131002339 1.00000 7 
 fake.rf 1440.00000000 50488.81850941976441760 1.00000 7 
 fake.rf 1440.00000000 50498.82648273836370834 1.00000 7 
 fake.rf 1440.00000000 50508.83584002613359587 1.00000 7 
 fake.rf 1440.00000000 50518.79968919756687384 1.00000 7 
 fake.rf 1440.00000000 50528.73313375815571291 1.00000 7 
 fake.rf 1440.00000000 50538.68691229463650316 1.00000 7 
 fake.rf 1440.00000000 50548.70471960191024152 1.00000 7 
 fake.rf 1440.00000000 50558.70114207245536875 1.00000 7 
 fake.rf 1440.00000000 50568.67751675535236799 1.00000 7 
 fake.rf 1440.00000000 50578.61373920782299862 1.00000 7 
 fake.rf 1440.00000000 50588.61931868504202114 1.00000 7 
 fake.rf 1440.00000000 50598.57741567880552935 1.00000 7 
 fake.rf 1440.00000000 50608.48908183104273206 1.00000 7 
 fake.rf 1440.00000000 50618.46747967152310466 1.00000 7 
 fake.rf 1440.00000000 50628.44444935703498700 1.00000 7 
 fake.rf 1440.00000000 50638.46583285312182099 1.00000 7 
 fake.rf 1440.00000000 50648.41577065547438963 1.00000 7 
 fake.rf 1440.00000000 50658.40217909084856984 1.00000 7 
 fake.rf 1440.00000000 50668.34278794456445993 1.00000 7 
 fake.rf 1440.00000000 50678.33612638865259825 1.00000 7 
 fake.rf 1440.00000000 50688.29588969804452248 1.00000 7 
 fake.rf 1440.00000000 50698.27992846958283124 1.00000 7 
 fake.rf 1440.00000000 50708.29365130900588099 1.00000 7 
 fake.rf 1440.00000000 50718.23315055383825367 1.00000 7 
 fake.rf 1440.00000000 50728.16466308268427454 1.00000 7 
 fake.rf 1440.00000000 50738.13744418381883250 1.00000 7 
 fake.rf 1440.00000000 50748.12762797481873633 1.00000 7 
 fake.rf 1440.00000000 50758.13671189016858065 1.00000 7 
 fake.rf 1440.00000000 50768.07155415379105534 1.00000 7 
 fake.rf 1440.00000000 50778.05246278127902215 1.00000 7 
 fake.rf 1440.00000000 50788.04898594607066187 1.00000 7 
 fake.rf 1440.00000000 50797.99386388983830898 1.00000 7 
 fake.rf 1440.00000000 50808.01005016934628244 1.00000 7 
 fake.rf 1440.00000000 50817.95990163486904834 1.00000 7 
 fake.rf 1440.00000000 50827.89593308289379436 1.00000 7 
 fake.rf 1440.00000000 50837.87286824932881757 1.00000 7 
 fake.rf 1440.00000000 50847.88713591944503278 1.00000 7 
 fake.rf 1440.00000000 50857.86827900493594612 1.00000 7 
 fake.rf 1440.00000000 50867.78560764349366607 1.00000 7 
 fake.rf 1440.00000000 50877.80355433504514906 1.00000 7 
 fake.rf 1440.00000000 50887.74822417963407517 1.00000 7 
 fake.rf 1440.00000000 50897.69843666858807296 1.00000 7 
 fake.rf 1440.00000000 50907.70178465824508152 1.00000 7 
 fake.rf 1440.00000000 50917.66875835282597151 1.00000 7 
 fake.rf 1440.00000000 50927.62467299530379350 1.00000 7 
 fake.rf 1440.00000000 50937.63229502859766384 1.00000 7 
 fake.rf 1440.00000000 50947.56462319540687744 1.00000 7 
 fake.rf 1440.00000000 50957.58111329275400436 1.00000 7 
 fake.rf 1440.00000000 50967.51911477268066264 1.00000 7 
 fake.rf 1440.00000000 50977.50268946629087452 1.00000 7 
 fake.rf 1440.00000000 50987.45648900516642144 1.00000 7 
 fake.rf 1440.00000000 50997.46489146482138466 1.00000 7 
 fake.rf 1440.00000000 51007.45980927228409740 1.00000 7 
 fake.rf 1440.00000000 51017.37130264211510777 1.00000 7 
 fake.rf 1440.00000000 51027.34650866398571978 1.00000 7 
 fake.rf 1440.00000000 51037.38357666981236349 1.00000 7 
 fake.rf 1440.00000000 51047.29515548885681753 1.00000 7 
 fake.rf 1440.00000000 51057.28784963541009745 1.00000 7 
 fake.rf 1440.00000000 51067.27797256933693859 1.00000 7 
 fake.rf 1440.00000000 51077.23503129791887289 1.00000 7 
 fake.rf 1440.00000000 51087.23593839013047813 1.00000 7 
 fake.rf 1440.00000000 51097.16655549679128612 1.00000 7 
 fake.rf 1440.00000000 51107.17912985416951344 1.00000 7 
 fake.rf 1440.00000000 51117.14019422019057259 1.00000 7 
 fake.rf 1440.00000000 51127.13130046801872197 1.00000 7 
 fake.rf 1440.00000000 51137.10721058985303955 1.00000 7 
 fake.rf 1440.00000000 51147.07251446100492842 1.00000 7 
 fake.rf 1440.00000000 51157.02185937056049880 1.00000 7 
 fake.rf 1440.00000000 51167.00621691086336185 1.00000 7 
 fake.rf 1440.00000000 51176.99948710257937279 1.00000 7 
 fake.rf 1440.00000000 51186.91074969848568443 1.00000 7 
 fake.rf 1440.00000000 51196.95041474497124412 1.00000 7 
 fake.rf 1440.00000000 51206.92120174575972769 1.00000 7 
 fake.rf 1440.00000000 51216.86311668077356529 1.00000 7 
 fake.rf 1440.00000000 51226.81372640185312406 1.00000 7 
 fake.rf 1440.00000000 51236.76773237009915007 1.00000 7 
 fake.rf 1440.00000000 51246.74457368554831049 1.00000 7 
 fake.rf 1440.00000000 51256.73814927573179290 1.00000 7 
 fake.rf 1440.00000000 51266.73594965332646467 1.00000 7 
 fake.rf 1440.00000000 51276.67809676935059215 1.00000 7 
 fake.rf 1440.00000000 51286.68255137932826315 1.00000 7 
 fake.rf 1440.00000000 51296.66145564548329006 1.00000 7 
 fake.rf 1440.00000000 51306.63930956186890597 1.00000 7 
 fake.rf 1440.00000000 51316.58265298077204619 1.00000 7 
 fake.rf 1440.00000000 51326.58368829208512096 1.00000 7 
 fake.rf 1440.00000000 51336.56405254606461952 1.00000 7 
 fake.rf 1440.00000000 51346.48843496835516476 1.00000 7 
 fake.rf 1440.00000000 51356.51168677124672612 1.00000 7 
 fake.rf 1440.00000000 51366.42871614230657684 1.00000 7 
 fake.rf 1440.00000000 51376.45385919071431502 1.00000 7 
 fake.rf 1440.00000000 51386.37814074229838823 1.00000 7 
 fake.rf 1440.00000000 51396.40671486221972231 1.00000 7 
 fake.rf 1440.00000000 51406.30644600392809807 1.00000 7 
 fake.rf 1440.00000000 51416.35393957331894299 1.00000 7 
 fake.rf 1440.00000000 51426.28754906285474036 1.00000 7 
 fake.rf 1440.00000000 51436.28902413386637349 1.00000 7 
 fake.rf 1440.00000000 51446.25639882104149336 1.00000 7 
 fake.rf 1440.00000000 51456.18261652413221086 1.00000 7 
 fake.rf 1440.00000000 51466.16074080672090219 1.00000 7 
 fake.rf 1440.00000000 51476.13977738875927415 1.00000 7 
 fake.rf 1440.00000000 51486.08656959923879270 1.00000 7 
 fake.rf 1440.00000000 51496.08659415313478291 1.00000 7 
 fake.rf 1440.00000000 51506.04926677836781579 1.00000 7 
 fake.rf 1440.00000000 51516.07748364002931751 1.00000 7 
 fake.rf 1440.00000000 51526.04672748460032849 1.00000 7 
 fake.rf 1440.00000000 51535.98731417234868246 1.00000 7 
 fake.rf 1440.00000000 51545.99684133222948290 1.00000 7 
 fake.rf 1440.00000000 51555.97023081211809625 1.00000 7 
 fake.rf 1440.00000000 51565.93169743215729639 1.00000 7 
 fake.rf 1440.00000000 51575.88299597797536578 1.00000 7 
 fake.rf 1440.00000000 51585.82583692146081233 1.00000 7 
 fake.rf 1440.00000000 51595.81906247740609572 1.00000 7 
 fake.rf 1440.00000000 51605.77656961626359333 1.00000 7 
 fake.rf 1440.00000000 51615.80790212359491065 1.00000 7 
 fake.rf 1440.00000000 51625.77177542117777875 1.00000 7 
 fake.rf 1440.00000000 51635.67428889608590126 1.00000 7 
 fake.rf 1440.00000000 51645.71328997027665864 1.00000 7 
 fake.rf 1440.00000000 51655.62885005792471205 1.00000 7 
 fake.rf 1440.00000000 51665.66525298845838421 1.00000 7 
 fake.rf 1440.00000000 51675.56525442820952421 1.00000 7 
 fake.rf 1440.00000000 51685.61659522590659321 1.00000 7 
 fake.rf 1440.00000000 51695.52125069917078193 1.00000 7 
 fake.rf 1440.00000000 51705.56046395332569787 1.00000 7 
 fake.rf 1440.00000000 51715.53884022765899431 1.00000 7 
 fake.rf 1440.00000000 51725.43496026885773986 1.00000 7 
 fake.rf 1440.00000000 51735.43508734475485156 1.00000 7 
 fake.rf 1440.00000000 51745.44224301038632419 1.00000 7 
 fake.rf 1440.00000000 51755.41637540579943177 1.00000 7 
 fake.rf 1440.00000000 51765.37002450227655359 1.00000 7 
 fake.rf 1440.00000000 51775.29927547378004959 1.00000 7 
 fake.rf 1440.00000000 51785.27974875108398223 1.00000 7 
 fake.rf 1440.00000000 51795.29082773653690808 1.00000 7 
 fake.rf 1440.00000000 51805.24740760505937587 1.00000 7 
 fake.rf 1440.00000000 51815.21785786811262753 1.00000 7 
 fake.rf 1440.00000000 51825.20112470888704337 1.00000 7 
 fake.rf 1440.00000000 51835.15425273214180635 1.00000 7 
 fake.rf 1440.00000000 51845.17592734602030191 1.00000 7 
 fake.rf 1440.00000000 51855.11269235175671000 1.00000 7 
 fake.rf 1440.00000000 51865.06651420931827445 1.00000 7 
 fake.rf 1440.00000000 51875.07695975779018482 1.00000 7 
 fake.rf 1440.00000000 51884.99232765595287376 1.00000 7 
 fake.rf 1440.00000000 51894.99962809580909706 1.00000 7 
 fake.rf 1440.00000000 51904.94727021363470243 1.00000 7 
 fake.rf 1440.00000000 51914.93078291996949147 1.00000 7 
 fake.rf 1440.00000000 51924.91338686184541373 1.00000 7 
 fake.rf 1440.00000000 51934.93553995405967072 1.00000 7 
 fake.rf 1440.00000000 51944.84887044971799952 1.00000 7 
 fake.rf 1440.00000000 51954.81444647074058452 1.00000 7 
 fake.rf 1440.00000000 51964.77946397679194845 1.00000 7 
 fake.rf 1440.00000000 51974.75650175761339966 1.00000 7 
 fake.rf 1440.00000000 51984.73271688675488988 1.00000 7 
 fake.rf 1440.00000000 51994.69304618502081183 1.00000 7 
 fake.rf 1440.00000000 52004.68537709580693118 1.00000 7 
 fake.rf 1440.00000000 52014.64477650403560105 1.00000 7 
 fake.rf 1440.00000000 52024.61078638586260325 1.00000 7 
 fake.rf 1440.00000000 52034.60987498641358329 1.00000 7 
 fake.rf 1440.00000000 52044.59670580455118838 1.00000 7 
 fake.rf 1440.00000000 52054.59717568398704302 1.00000 7 
 fake.rf 1440.00000000 52064.51436770803862686 1.00000 7 
 fake.rf 1440.00000000 52074.48215195197772331 1.00000 7 
 fake.rf 1440.00000000 52084.52251047522565486 1.00000 7 
 fake.rf 1440.00000000 52094.44748011792769660 1.00000 7 
 fake.rf 1440.00000000 52104.45364767436964115 1.00000 7 
 fake.rf 1440.00000000 52114.39455704561164850 1.00000 7 
 fake.rf 1440.00000000 52124.40061461667330178 1.00000 7 
 fake.rf 1440.00000000 52134.33402002081316340 1.00000 7 
 fake.rf 1440.00000000 52144.33869509253274188 1.00000 7 
 fake.rf 1440.00000000 52154.31039827971195777 1.00000 7 
 fake.rf 1440.00000000 52164.29120636550027257 1.00000 7 
 fake.rf 1440.00000000 52174.27700760863210760 1.00000 7 
 fake.rf 1440.00000000 52184.20312735072380406 1.00000 7 
 fake.rf 1440.00000000 52194.20994098698653829 1.00000 7 
 fake.rf 1440.00000000 52204.14701368180211816 1.00000 7 
 fake.rf 1440.00000000 52214.13141318819854320 1.00000 7 
 fake.rf 1440.00000000 52224.06571054286726863 1.00000 7 
 fake.rf 1440.00000000 52234.09602486270657451 1.00000 7 
 fake.rf 1440.00000000 52244.04654844976135308 1.00000 7 
 fake.rf 1440.00000000 52254.00481398921621334 1.00000 7 
 fake.rf 1440.00000000 52264.02800864733832498 1.00000 7 
 fake.rf 1440.00000000 52273.97085407900894438 1.00000 7 
 fake.rf 1440.00000000 52283.93346170880270307 1.00000 7 
 fake.rf 1440.00000000 52293.87684252168562438 1.00000 7 
 fake.rf 1440.00000000 52303.89065489569189538 1.00000 7 
 fake.rf 1440.00000000 52313.87289776843383038 1.00000 7 
 fake.rf 1440.00000000 52323.80298232212713927 1.00000 7 
 fake.rf 1440.00000000 52333.81010891107010963 1.00000 7 
 fake.rf 1440.00000000 52343.81874473384189628 1.00000 7 
 fake.rf 1440.00000000 52353.76296444422355592 1.00000 7 
 fake.rf 1440.00000000 52363.71453192045690272 1.00000 7 
 fake.rf 1440.00000000 52373.66766408043679704 1.00000 7 
 fake.rf 1440.00000000 52383.69030572741153762 1.00000 7 
 fake.rf 1440.00000000 52393.62620268905009624 1.00000 7 
 fake.rf 1440.00000000 52403.61494217654951910 1.00000 7 
 fake.rf 1440.00000000 52413.58772237881597533 1.00000 7 
 fake.rf 1440.00000000 52423.57516637916596736 1.00000 7 
 fake.rf 1440.00000000 52433.51393443040482722 1.00000 7 
 fake.rf 1440.00000000 52443.53075772603486726 1.00000 7 
 fake.rf 1440.00000000 52453.46684780549754379 1.00000 7 
 fake.rf 1440.00000000 52463.48795667889346817 1.00000 7 
 fake.rf 1440.00000000 52473.42955904537122791 1.00000 7 
 fake.rf 1440.00000000 52483.37875470256092569 1.00000 7 
 fake.rf 1440.00000000 52493.35328765500884884 1.00000 7 
 fake.rf 1440.00000000 52503.32900801381898503 1.00000 7 
 fake.rf 1440.00000000 52513.32591404789149436 1.00000 7 
 fake.rf 1440.00000000 52523.31215081759793861 1.00000 7 
 fake.rf 1440.00000000 52533.24947286408227498 1.00000 7 
 fake.rf 1440.00000000 52543.22066419987324437 1.00000 7 
 fake.rf 1440.00000000 52553.18472892831804799 1.00000 7 
 fake.rf 1440.00000000 52563.19095415570080121 1.00000 7 
 fake.rf 1440.00000000 52573.12931115867080223 1.00000 7 
 fake.rf 1440.00000000 52583.14685896501361029 1.00000 7 
 fake.rf 1440.00000000 52593.05966284310920145 1.00000 7 
 fake.rf 1440.00000000 52603.05203831715540019 1.00000 7 
 fake.rf 1440.00000000 52613.02736950436843344 1.00000 7 
 fake.rf 1440.00000000 52623.03305390117466089 1.00000 7 
 fake.rf 1440.00000000 52632.98281828237672642 1.00000 7 
 fake.rf 1440.00000000 52642.99258038938341642 1.00000 7 
 fake.rf 1440.00000000 52652.95087162513790702 1.00000 7 
 fake.rf 1440.00000000 52662.87216004695894611 1.00000 7 
 fake.rf 1440.00000000 52672.86079394605377857 1.00000 7 
 fake.rf 1440.00000000 52682.88285502186880294 1.00000 7 
 fake.rf 1440.00000000 52692.85408938909084142 1.00000 7 
 fake.rf 1440.00000000 52702.80592463061224606 1.00000 7 
 fake.rf 1440.00000000 52712.76069615054363737 1.00000 7 
 fake.rf 1440.00000000 52722.73201506805942884 1.00000 7 
 fake.rf 1440.00000000 52732.69859864758564783 1.00000 7 
 fake.rf 1440.00000000 52742.70277587470305747 1.00000 7 
 fake.rf 1440.00000000 52752.63488910541288845 1.00000 7 
 fake.rf 1440.00000000 52762.64820042505214204 1.00000 7 
 fake.rf 1440.00000000 52772.61745753448421681 1.00000 7 
 fake.rf 1440.00000000 52782.60181079141581506 1.00000 7 
 fake.rf 1440.00000000 52792.50828877584790888 1.00000 7 
 fake.rf 1440.00000000 52802.56271647694375204 1.00000 7 
 fake.rf 1440.00000000 52812.46676111028172684 1.00000 7 
 fake.rf 1440.00000000 52822.48078277970294536 1.00000 7 
 fake.rf 1440.00000000 52832.46541827006909386 1.00000 7 
 fake.rf 1440.00000000 52842.41742262855104784 1.00000 7 
 fake.rf 1440.00000000 52852.34660661630508827 1.00000 7 
 fake.rf 1440.00000000 52862.32261116586527905 1.00000 7 
 fake.rf 1440.00000000 52872.30814508916436623 1.00000 7 
 fake.rf 1440.00000000 52882.28632375306634472 1.00000 7 
 fake.rf 1440.00000000 52892.30718044151972279 1.00000 7 
 fake.rf 1440.00000000 52902.23282256210520558 1.00000 7 
 fake.rf 1440.00000000 52912.23068104586686289 1.00000 7 
 fake.rf 1440.00000000 52922.17083989991547099 1.00000 7 
 fake.rf 1440.00000000 52932.12947077244827554 1.00000 7 
 fake.rf 1440.00000000 52942.10439794779934175 1.00000 7 
 fake.rf 1440.00000000 52952.08162326896550098 1.00000 7 
 fake.rf 1440.00000000 52962.10918301791449281 1.00000 7 
 fake.rf 1440.00000000 52972.03270297258293198 1.00000 7 
 fake.rf 1440.00000000 52982.02586653881272483 1.00000 7 
 fake.rf 1440.00000000 52992.01945834203281294 1.00000 7 
 fake.rf 1440.00000000 53001.94151699059717942 1.00000 7 
 fake.rf 1440.00000000 53011.91382013310917287 1.00000 7 
 fake.rf 1440.00000000 53021.88948777916033350 1.00000 7 
 fake.rf 1440.00000000 53031.89350303735508874 1.00000 7 
 fake.rf 1440.00000000 53041.85969408000521952 1.00000 7 
 fake.rf 1440.00000000 53051.86684330370750118 1.00000 7 
 fake.rf 1440.00000000 53061.83027610153424902 1.00000 7 
 fake.rf 1440.00000000 53071.75374944770765850 1.00000 7 
 fake.rf 1440.00000000 53081.75746013121506550 1.00000 7 
 fake.rf 1440.00000000 53091.73255051378469105 1.00000 7 
 fake.rf 1440.00000000 53101.67313951604680966 1.00000 7 
 fake.rf 1440.00000000 53111.67524892832477335 1.00000 7 
 fake.rf 1440.00000000 53121.66502160277577360 1.00000 7 
 fake.rf 1440.00000000 53131.64693660632309147 1.00000 7 
 fake.rf 1440.00000000 53141.57765250540148472 1.00000 7 
 fake.rf 1440.00000000 53151.54673384204511777 1.00000 7 
 fake.rf 1440.00000000 53161.56847051404736959 1.00000 7 
 fake.rf 1440.00000000 53171.50249531259205327 1.00000 7 
 fake.rf 1440.00000000 53181.48441488692923329 1.00000 7 
 fake.rf 1440.00000000 53191.42830124612775933 1.00000 7 
 fake.rf 1440.00000000 53201.41048702769969836 1.00000 7 
 fake.rf 1440.00000000 53211.42868640930132784 1.00000 7 
 fake.rf 1440.00000000 53221.39773557640701895 1.00000 7 
 fake.rf 1440.00000000 53231.34738459116955767 1.00000 7 
 fake.rf 1440.00000000 53241.35151913273679725 1.00000 7 
 fake.rf 1440.00000000 53251.32279983614167307 1.00000 7 
 fake.rf 1440.00000000 53261.27697847950140897 1.00000 7 
 fake.rf 1440.00000000 53271.25264378135081955 1.00000 7 
 fake.rf 1440.00000000 53281.17474877112834974 1.00000 7 
 fake.rf 1440.00000000 53291.14939532892103458 1.00000 7 
 fake.rf 1440.00000000 53301.14595675700430988 1.00000 7 
 fake.rf 1440.00000000 53311.10075805020586870 1.00000 7 
 fake.rf 1440.00000000 53321.07501206256936044 1.00000 7 
 fake.rf 1440.00000000 53331.07454551587508007 1.00000 7 
 fake.rf 1440.00000000 53341.06066640605565965 1.00000 7 
 fake.rf 1440.00000000 53351.02841576712796012 1.00000 7 
 fake.rf 1440.00000000 53360.97906943958755832 1.00000 7 
 fake.rf 1440.00000000 53370.95592746566175180 1.00000 7 
 fake.rf 1440.00000000 53380.95778786682709693 1.00000 7 
 fake.rf 1440.00000000 53390.93945655177624943 1.00000 7 
 fake.rf 1440.00000000 53400.91870928644624783 1.00000 7 
 fake.rf 1440.00000000 53410.88846300701451497 1.00000 7 
 fake.rf 1440.00000000 53420.81621209546830187 1.00000 7 
 fake.rf 1440.00000000 53430.81254185779891586 1.00000 7 
 fake.rf 1440.00000000 53440.79151492603489970 1.00000 7 
 fake.rf 1440.00000000 53450.76061754947701843 1.00000 7 
 fake.rf 1440.00000000 53460.75333300190839836 1.00000 7 
 fake.rf 1440.00000000 53470.69801373416191481 1.00000 7 
 fake.rf 1440.00000000 53480.62844548764918073 1.00000 7 
 fake.rf 1440.00000000 53490.63038486003971528 1.00000 7 
 fake.rf 1440.00000000 53500.62958960832808231 1.00000 7 
 fake.rf 1440.00000000 53510.56951149591363759 1.00000 7 
 fake.rf 1440.00000000 53520.53362122765185660 1.00000 7 
 fake.rf 1440.00000000 53530.52917947893874029 1.00000 7 
 fake.rf 1440.00000000 53540.52938802784681371 1.00000 7 
 fake.rf 1440.00000000 53550.44160331924953411 1.00000 7 
 fake.rf 1440.00000000 53560.43574661024426220 1.00000 7 
 fake.rf 1440.00000000 53570.41743814141134195 1.00000 7 
 fake.rf 1440.00000000 53580.41595640586032090 1.00000 7 
 fake.rf 1440.00000000 53590.35950898421704380 1.00000 7 
 fake.rf 1440.00000000 53600.34315141844426122 1.00000 7 
 fake.rf 1440.00000000 53610.28220211416444840 1.00000 7 
 fake.rf 1440.00000000 53620.29119368685911695 1.00000 7 
 fake.rf 1440.00000000 53630.27639445293633713 1.00000 7 
 fake.rf 1440.00000000 53640.24228291582784678 1.00000 7 
 fake.rf 1440.00000000 53650.18136637936972733 1.00000 7 
 fake.rf 1440.00000000 53660.16162086491404892 1.00000 7 
