FORMAT 1
MODE 1
 fake.rf 1440.00000000 50000.16806271815423912 1.00000 7 
 fake.rf 1440.00000000 50010.17790880378850105 1.00000 7 
 fake.rf 1440.00000000 50020.11821140739536418 1.00000 7 
 fake.rf 1440.00000000 50030.08962870754758256 1.00000 7 
 fake.rf 1440.00000000 50040.05289040639073761 1.00000 7 
 fake.rf 1440.00000000 50050.08509406179715029 1.00000 7 
 fake.rf 1440.00000000 50060.04631711670637984 1.00000 7 
 fake.rf 1440.00000000 50069.98292887870784185 1.00000 7 
 fake.rf 1440.00000000 50079.99649580286591188 1.00000 7 
 fake.rf 1440.00000000 50089.94617521614694766 1.00000 7 
 fake.rf 1440.00000000 50099.92525191993675193 1.00000 7 
 fake.rf 1440.00000000 50109.88532480457718776 1.00000 7 
 fake.rf 1440.00000000 50119.88002764282260770 1.00000 7 
 fake.rf 1440.00000000 50129.84033863137445763 1.00000 7 
 fake.rf 1440.00000000 50139.77646520171879629 1.00000 7 
 fake.rf 1440.00000000 50149.75216376129855433 1.00000 7 
 fake.rf 1440.00000000 50159.74823303483724501 1.00000 7 
 fake.rf 1440.00000000 50169.71412996796211559 1.00000 7 
 fake.rf 1440.00000000 50179.73480014999965704 1.00000 7 
 fake.rf 1440.00000000 50189.66871529693785803 1.00000 7 
 fake.rf 1440.00000000 50199.69063332171488412 1.00000 7 
 fake.rf 1440.00000000 50209.64444679913274072 1.00000 7 
 fake.rf 1440.00000000 50219.62594705423427754 1.00000 7 
 fake.rf 1440.00000000 50229.54306397344209500 1.00000 7 
 fake.rf 1440.00000000 50239.56971778144452401 1.00000 7 
 fake.rf 1440.00000000 50249.52205802135652135 1.00000 7 
 fake.rf 1440.00000000 50259.51734981340031538 1.00000 7 
 fake.rf 1440.00000000 50269.49179397890155130 1.00000 7 
 fake.rf 1440.00000000 50279.39031330502541195 1.00000 7 
 fake.rf 1440.00000000 50289.42806459868041102 1.00000 7 
 fake.rf 1440.00000000 50299.37620397994407995 1.00000 7 
 fake.rf 1440.00000000 50309.32171802785364534 1.00000 7 
 fake.rf 1440.00000000 50319.31328639166182271 1.00000 7 
 fake.rf 1440.00000000 50329.31236605877925427 1.00000 7 
 fake.rf 1440.00000000 50339.25660167059873729 1.00000 7 
 fake.rf 1440.00000000 50349.23873610764465525 1.00000 7 
 fake.rf 1440.00000000 50359.21399044434595993 1.00000 7 
 fake.rf 1440.00000000 50369.14675344199197227 1.00000 7 
 fake.rf 1440.00000000 50379.17613729074631124 1.00000 7 
 fake.rf 1440.00000000 50389.10892954657978748 1.00000 7 
 fake.rf 1440.00000000 50399.10200960179331631 1.00000 7 
 fake.rf 1440.00000000 50409.05444121875840580 1.00000 7 
 fake.rf 1440.00000000 50419.05794395879124536 1.00000 7 
 fake.rf 1440.00000000 50428.98969790521055145 1.00000 7 
 fake.rf 1440.00000000 50439.01307815433679949 1.00000 7 
 fake.rf 1440.00000000 50448.98001183234133293 1.00000 7 
 fake.rf 1440.00000000 50458.91476865235765814 1.00000 7 
 fake.rf 1440.00000000 50468.87818917181532186 1.00000 7 
 fake.rf 1440.00000000 50478.92165744191808585 1.00000 7 
 fake.rf 1440.00000000 50488.82105544309636969 1.00000 7 
 fake.rf 1440.00000000 50498.82902875593822145 1.00000 7 
 fake.rf 1440.00000000 50508.83838604664282101 1.00000 7 
 fake.rf 1440.00000000 50518.80223522595952446 1.00000 7 
 fake.rf 1440.00000000 50528.73567979058092803 1.00000 7 
 fake.rf 1440.00000000 50538.68945831516616352 1.00000 7 
 fake.rf 1440.00000000 50548.70726562187025976 1.00000 7 
 fake.rf 1440.00000000 50558.70368810548184868 1.00000 7 
 fake.rf 1440.00000000 50568.68006279393409841 1.00000 7 
 fake.rf 1440.00000000 50578.61628520911733631 1.00000 7 
 fake.rf 1440.00000000 50588.62186471910023755 1.00000 7 
 fake.rf 1440.00000000 50598.57996168548115179 1.00000 7 
 fake.rf 1440.00000000 50608.49162784569156770 1.00000 7 
 fake.rf 1440.00000000 50618.47002569888306667 1.00000 7 
 fake.rf 1440.00000000 50628.44699540368023705 1.00000 7 
 fake.rf 1440.00000000 50638.46837890162363749 1.00000 7 
 fake.rf 1440.00000000 50648.41831669272607641 1.00000 7 
 fake.rf 1440.00000000 50658.40472514260882875 1.00000 7 
 fake.rf 1440.00000000 50668.34533395605007300 1.00000 7 
 fake.rf 1440.00000000 50678.33867240029741552 1.00000 7 
 fake.rf 1440.00000000 50688.29843572590234047 1.00000 7 
 fake.rf 1440.00000000 50698.28247451843770222 1.00000 7 
 fake.rf 1440.00000000 50708.29619732302874624 1.00000 7 
 fake.rf 1440.00000000 50718.23569654745815782 1.00000 7 
 fake.rf 1440.00000000 50728.16720912095928853 1.00000 7 
 fake.rf 1440.00000000 50738.13999021545624046 1.00000 7 
 fake.rf 1440.00000000 50748.13017402137931455 1.00000 7 
 fake.rf 1440.00000000 50758.13925789953002976 1.00000 7 
 fake.rf 1440.00000000 50768.07410015445922014 1.00000 7 
 fake.rf 1440.00000000 50778.05500879945648407 1.00000 7 
 fake.rf 1440.00000000 50788.05153198973262718 1.00000 7 
 fake.rf 1440.00000000 50797.99640993265564504 1.00000 7 
 fake.rf 1440.00000000 50808.01259617818709913 1.00000 7 
 fake.rf 1440.00000000 50817.96244765975647439 1.00000 7 
 fake.rf 1440.00000000 50827.89847909499331990 1.00000 7 
 fake.rf 1440.00000000 50837.87541428181140901 1.00000 7 
 fake.rf 1440.00000000 50847.88968193883466640 1.00000 7 
 fake.rf 1440.00000000 50857.87082503621986618 1.00000 7 
 fake.rf 1440.00000000 50867.78815368232780258 1.00000 7 
 fake.rf 1440.00000000 50877.80610036404238272 1.00000 7 
 fake.rf 1440.00000000 50887.75077020185761967 1.00000 7 
 fake.rf 1440.00000000 50897.70098266743597648 1.00000 7 
 fake.rf 1440.00000000 50907.70433067825414142 1.00000 7 
 fake.rf 1440.00000000 50917.67130438368332435 1.00000 7 
 fake.rf 1440.00000000 50927.62721899006877990 1.00000 7 
 fake.rf 1440.00000000 50937.63484102677654164 1.00000 7 
 fake.rf 1440.00000000 50947.56716921765034911 1.00000 7 
 fake.rf 1440.00000000 50957.58365933672721582 1.00000 7 
 fake.rf 1440.00000000 50967.52166079727142645 1.00000 7 
 fake.rf 1440.00000000 50977.50523549609793150 1.00000 7 
 fake.rf 1440.00000000 50987.45903505074249296 1.00000 7 
 fake.rf 1440.00000000 50997.46743746339869929 1.00000 7 
 fake.rf 1440.00000000 51007.46235527467369408 1.00000 7 
 fake.rf 1440.00000000 51017.37384866209131218 1.00000 7 
 fake.rf 1440.00000000 51027.34905466579460764 1.00000 7 
 fake.rf 1440.00000000 51037.38612271807139464 1.00000 7 
 fake.rf 1440.00000000 51047.29770151633032427 1.00000 7 
 fake.rf 1440.00000000 51057.29039567511159348 1.00000 7 
 fake.rf 1440.00000000 51067.28051860206278079 1.00000 7 
 fake.rf 1440.00000000 51077.23757733779251211 1.00000 7 
 fake.rf 1440.00000000 51087.23848440049485831 1.00000 7 
 fake.rf 1440.00000000 51097.16910154022249912 1.00000 7 
 fake.rf 1440.00000000 51107.18167587507767990 1.00000 7 
 fake.rf 1440.00000000 51117.14274024787628292 1.00000 7 
 fake.rf 1440.00000000 51127.13384648686933787 1.00000 7 
 fake.rf 1440.00000000 51137.10975662557659760 1.00000 7 
 fake.rf 1440.00000000 51147.07506050001699904 1.00000 7 
 fake.rf 1440.00000000 51157.02440541712314115 1.00000 7 
 fake.rf 1440.00000000 51167.00876295615422151 1.00000 7 
 fake.rf 1440.00000000 51177.00203311266103512 1.00000 7 
 fake.rf 1440.00000000 51186.91329573818478949 1.00000 7 
 fake.rf 1440.00000000 51196.95296075175909323 1.00000 7 
 fake.rf 1440.00000000 51206.92374778486360754 1.00000 7 
 fake.rf 1440.00000000 51216.86566268431262472 1.00000 7 
 fake.rf 1440.00000000 51226.81627244817443412 1.00000 7 
 fake.rf 1440.00000000 51236.77027841386968987 1.00000 7 
 fake.rf 1440.00000000 51246.74711971007767630 1.00000 7 
 fake.rf 1440.00000000 51256.74069528804621854 1.00000 7 
 fake.rf 1440.00000000 51266.73849569060590170 1.00000 7 
 fake.rf 1440.00000000 51276.68064282526523812 1.00000 7 
 fake.rf 1440.00000000 51286.68509743680646551 1.00000 7 
 fake.rf 1440.00000000 51296.66400165659869259 1.00000 7 
 fake.rf 1440.00000000 51306.64185557248037384 1.00000 7 
 fake.rf 1440.00000000 51316.58519898040841412 1.00000 7 
 fake.rf 1440.00000000 51326.58623430268863430 1.00000 7 
 fake.rf 1440.00000000 51336.56659854349873129 1.00000 7 
 fake.rf 1440.00000000 51346.49098102339561933 1.00000 7 
 fake.rf 1440.00000000 51356.51423278098569725 1.00000 7 
 fake.rf 1440.00000000 51366.43126215675888702 1.00000 7 
 fake.rf 1440.00000000 51376.45640520531712880 1.00000 7 
 fake.rf 1440.00000000 51386.38068677943948614 1.00000 7 
 fake.rf 1440.00000000 51396.40926088751244194 1.00000 7 
 fake.rf 1440.00000000 51406.30899206024724180 1.00000 7 
 fake.rf 1440.00000000 51416.35648559021920434 1.00000 7 
 fake.rf 1440.00000000 51426.29009507434575355 1.00000 7 
 fake.rf 1440.00000000 51436.29157016007066261 1.00000 7 
 fake.rf 1440.00000000 51446.25894484972393883 1.00000 7 
 fake.rf 1440.00000000 51456.18516252852350235 1.00000 7 
 fake.rf 1440.00000000 51466.16328682455857901 1.00000 7 
 fake.rf 1440.00000000 51476.14232339342456868 1.00000 7 
 fake.rf 1440.00000000 51486.08911562891955072 1.00000 7 
 fake.rf 1440.00000000 51496.08914019152731356 1.00000 7 
 fake.rf 1440.00000000 51506.05181280356788776 1.00000 7 
 fake.rf 1440.00000000 51516.08002969580894970 1.00000 7 
 fake.rf 1440.00000000 51526.04927350270446951 1.00000 7 
 fake.rf 1440.00000000 51535.98986019395786684 1.00000 7 
 fake.rf 1440.00000000 51545.99938737364868402 1.00000 7 
 fake.rf 1440.00000000 51555.97277682424075707 1.00000 7 
 fake.rf 1440.00000000 51565.93424347475013647 1.00000 7 
 fake.rf 1440.00000000 51575.88554202354437805 1.00000 7 
 fake.rf 1440.00000000 51585.82838294156162107 1.00000 7 
 fake.rf 1440.00000000 51595.82160847305663864 1.00000 7 
 fake.rf 1440.00000000 51605.77911563771219861 1.00000 7 
 fake.rf 1440.00000000 51615.81044816121640650 1.00000 7 
 fake.rf 1440.00000000 51625.77432144931487912 1.00000 7 
 fake.rf 1440.00000000 51635.67683490954729564 1.00000 7 
 fake.rf 1440.00000000 51645.71583599252094388 1.00000 7 
 fake.rf 1440.00000000 51655.63139606747973787 1.00000 7 
 fake.rf 1440.00000000 51665.66779899632806661 1.00000 7 
 fake.rf 1440.00000000 51675.56780046076793056 1.00000 7 
 fake.rf 1440.00000000 51685.61914123439039770 1.00000 7 
 fake.rf 1440.00000000 51695.52379673744903243 1.00000 7 
 fake.rf 1440.00000000 51705.56300998523618873 1.00000 7 
 fake.rf 1440.00000000 51715.54138623660762164 1.00000 7 
 fake.rf 1440.00000000 51725.43750627735469294 1.00000 7 
 fake.rf 1440.00000000 51735.43763337356822163 1.00000 7 
 fake.rf 1440.00000000 51745.44478902042082424 1.00000 7 
 fake.rf 1440.00000000 51755.41892141897293200 1.00000 7 
 fake.rf 1440.00000000 51765.37257052765243870 1.00000 7 
 fake.rf 1440.00000000 51775.30182148871354286 1.00000 7 
 fake.rf 1440.00000000 51785.28229476238783846 1.00000 7 
 fake.rf 1440.00000000 51795.29337374310119557 1.00000 7 
 fake.rf 1440.00000000 51805.24995363787484592 1.00000 7 
 fake.rf 1440.00000000 51815.22040389519255044 1.00000 7 
 fake.rf 1440.00000000 51825.20367071174408835 1.00000 7 
 fake.rf 1440.00000000 51835.15679875296656931 1.00000 7 
 fake.rf 1440.00000000 51845.17847339686240460 1.00000 7 
 fake.rf 1440.00000000 51855.11523839646562095 1.00000 7 
 fake.rf 1440.00000000 51865.06906023907835390 1.00000 7 
 fake.rf 1440.00000000 51875.07950578779832540 1.00000 7 
 fake.rf 1440.00000000 51884.99487369488284116 1.00000 7 
 fake.rf 1440.00000000 51895.00217409988631445 1.00000 7 
 fake.rf 1440.00000000 51904.94981622958540868 1.00000 7 
 fake.rf 1440.00000000 51914.93332892654877853 1.00000 7 
 fake.rf 1440.00000000 51924.91593290190552068 1.00000 7 
 fake.rf 1440.00000000 51934.93808595848111764 1.00000 7 
 fake.rf 1440.00000000 51944.85141645764282359 1.00000 7 
 fake.rf 1440.00000000 51954.81699249422588949 1.00000 7 
 fake.rf 1440.00000000 51964.78201001386073798 1.00000 7 
 fake.rf 1440.00000000 51974.75904776540951602 1.00000 7 
 fake.rf 1440.00000000 51984.73526290830636754 1.00000 7 
 fake.rf 1440.00000000 51994.69559218975309633 1.00000 7 
 fake.rf 1440.00000000 52004.68792312553614110 1.00000 7 
 fake.rf 1440.00000000 52014.64732251843444644 1.00000 7 
 fake.rf 1440.00000000 52024.61333242717826408 1.00000 7 
 fake.rf 1440.00000000 52034.61242104521010532 1.00000 7 
 fake.rf 1440.00000000 52044.59925182237336116 1.00000 7 
 fake.rf 1440.00000000 52054.59972171037377109 1.00000 7 
 fake.rf 1440.00000000 52064.51691373827349452 1.00000 7 
 fake.rf 1440.00000000 52074.48469796429341727 1.00000 7 
 fake.rf 1440.00000000 52084.52505650818666183 1.00000 7 
 fake.rf 1440.00000000 52094.45002612039728973 1.00000 7 
 fake.rf 1440.00000000 52104.45619369294892920 1.00000 7 
 fake.rf 1440.00000000 52114.39710305909325783 1.00000 7 
 fake.rf 1440.00000000 52124.40316062944974007 1.00000 7 
 fake.rf 1440.00000000 52134.33656605317365518 1.00000 7 
 fake.rf 1440.00000000 52144.34124114168981023 1.00000 7 
 fake.rf 1440.00000000 52154.31294428377130501 1.00000 7 
 fake.rf 1440.00000000 52164.29375237804957877 1.00000 7 
 fake.rf 1440.00000000 52174.27955361647733312 1.00000 7 
 fake.rf 1440.00000000 52184.20567338786762335 1.00000 7 
 fake.rf 1440.00000000 52194.21248699960043638 1.00000 7 
 fake.rf 1440.00000000 52204.14955970566957433 1.00000 7 
 fake.rf 1440.00000000 52214.13395921449102133 1.00000 7 
 fake.rf 1440.00000000 52224.06825659392731964 1.00000 7 
 fake.rf 1440.00000000 52234.09857088649375356 1.00000 7 
 fake.rf 1440.00000000 52244.04909446270873730 1.00000 7 
 fake.rf 1440.00000000 52254.00735998528746862 1.00000 7 
 fake.rf 1440.00000000 52264.03055466461560741 1.00000 7 
 fake.rf 1440.00000000 52273.97340009225542090 1.00000 7 
 fake.rf 1440.00000000 52283.93600773816711680 1.00000 7 
 fake.rf 1440.00000000 52293.87938852423883418 1.00000 7 
 fake.rf 1440.00000000 52303.89320090397066210 1.00000 7 
 fake.rf 1440.00000000 52313.87544380517439180 1.00000 7 
 fake.rf 1440.00000000 52323.80552834111729155 1.00000 7 
 fake.rf 1440.00000000 52333.81265494901242619 1.00000 7 
 fake.rf 1440.00000000 52343.82129076899200015 1.00000 7 
 fake.rf 1440.00000000 52353.76551049206883448 1.00000 7 
 fake.rf 1440.00000000 52363.71707796412037794 1.00000 7 
 fake.rf 1440.00000000 52373.67021010861047259 1.00000 7 
 fake.rf 1440.00000000 52383.69285172264828176 1.00000 7 
 fake.rf 1440.00000000 52393.62874873322621383 1.00000 7 
 fake.rf 1440.00000000 52403.61748822086206800 1.00000 7 
 fake.rf 1440.00000000 52413.59026840141817161 1.00000 7 
 fake.rf 1440.00000000 52423.57771242088023911 1.00000 7 
 fake.rf 1440.00000000 52433.51648045895726824 1.00000 7 
 fake.rf 1440.00000000 52443.53330373955306598 1.00000 7 
 fake.rf 1440.00000000 52453.46939383698284587 1.00000 7 
 fake.rf 1440.00000000 52463.49050270211758118 1.00000 7 
 fake.rf 1440.00000000 52473.43210507955663857 1.00000 7 
 fake.rf 1440.00000000 52483.38130073224096606 1.00000 7 
 fake.rf 1440.00000000 52493.35583365764779984 1.00000 7 
 fake.rf 1440.00000000 52503.33155403769902136 1.00000 7 
 fake.rf 1440.00000000 52513.32846007510365283 1.00000 7 
 fake.rf 1440.00000000 52523.31469683471343757 1.00000 7 
 fake.rf 1440.00000000 52533.25201892395055836 1.00000 7 
 fake.rf 1440.00000000 52543.22321025094274916 1.00000 7 
 fake.rf 1440.00000000 52553.18727493175537546 1.00000 7 
 fake.rf 1440.00000000 52563.19350017969189182 1.00000 7 
 fake.rf 1440.00000000 52573.13185717951785492 1.00000 7 
 fake.rf 1440.00000000 52583.14940497328073477 1.00000 7 
 fake.rf 1440.00000000 52593.06220884336250521 1.00000 7 
 fake.rf 1440.00000000 52603.05458432370025790 1.00000 7 
 fake.rf 1440.00000000 52613.02991555088283704 1.00000 7 
 fake.rf 1440.00000000 52623.03559994610593975 1.00000 7 
 fake.rf 1440.00000000 52632.98536430761199512 1.00000 7 
 fake.rf 1440.00000000 52642.99512641803913482 1.00000 7 
 fake.rf 1440.00000000 52652.95341764846606480 1.00000 7 
 fake.rf 1440.00000000 52662.87470604922445361 1.00000 7 
 fake.rf 1440.00000000 52672.86334000068850614 1.00000 7 
 fake.rf 1440.00000000 52682.88540105843307870 1.00000 7 
 fake.rf 1440.00000000 52692.85663542859548159 1.00000 7 
 fake.rf 1440.00000000 52702.80847065514441496 1.00000 7 
 fake.rf 1440.00000000 52712.76324216016350022 1.00000 7 
 fake.rf 1440.00000000 52722.73456111929248991 1.00000 7 
 fake.rf 1440.00000000 52732.70114465285752914 1.00000 7 
 fake.rf 1440.00000000 52742.70532188735214874 1.00000 7 
 fake.rf 1440.00000000 52752.63743509818590027 1.00000 7 
 fake.rf 1440.00000000 52762.65074642803404004 1.00000 7 
 fake.rf 1440.00000000 52772.62000356425639680 1.00000 7 
 fake.rf 1440.00000000 52782.60435682083389963 1.00000 7 
 fake.rf 1440.00000000 52792.51083479875543603 1.00000 7 
 fake.rf 1440.00000000 52802.56526252605654648 1.00000 7 
 fake.rf 1440.00000000 52812.46930713096512378 1.00000 7 
 fake.rf 1440.00000000 52822.48332881863752064 1.00000 7 
 fake.rf 1440.00000000 52832.46796430501740005 1.00000 7 
 fake.rf 1440.00000000 52842.41996864679803636 1.00000 7 
 fake.rf 1440.00000000 52852.34915264314527050 1.00000 7 
 fake.rf 1440.00000000 52862.32515717792324494 1.00000 7 
 fake.rf 1440.00000000 52872.31069111332422850 1.00000 7 
 fake.rf 1440.00000000 52882.28886978281107645 1.00000 7 
 fake.rf 1440.00000000 52892.30972647462309766 1.00000 7 
 fake.rf 1440.00000000 52902.23536855845626192 1.00000 7 
 fake.rf 1440.00000000 52912.23322705454853931 1.00000 7 
 fake.rf 1440.00000000 52922.17338591467826348 1.00000 7 
 fake.rf 1440.00000000 52932.13201680631113533 1.00000 7 
 fake.rf 1440.00000000 52942.10694397279627665 1.00000 7 
 fake.rf 1440.00000000 52952.08416930998098593 1.00000 7 
 fake.rf 1440.00000000 52962.11172902260537043 1.00000 7 
 fake.rf 1440.00000000 52972.03524897477437250 1.00000 7 
 fake.rf 1440.00000000 52982.02841254252626513 1.00000 7 
 fake.rf 1440.00000000 52992.02200437796683019 1.00000 7 
 fake.rf 1440.00000000 53001.94406302864439695 1.00000 7 
 fake.rf 1440.00000000 53011.91636613462740257 1.00000 7 
 fake.rf 1440.00000000 53021.89203380458009462 1.00000 7 
 fake.rf 1440.00000000 53031.89604908712349030 1.00000 7 
 fake.rf 1440.00000000 53041.86224007535055947 1.00000 7 
 fake.rf 1440.00000000 53051.86938934731544038 1.00000 7 
 fake.rf 1440.00000000 53061.83282213301441033 1.00000 7 
 fake.rf 1440.00000000 53071.75629546414603510 1.00000 7 
 fake.rf 1440.00000000 53081.76000616397316278 1.00000 7 
 fake.rf 1440.00000000 53091.73509653674545561 1.00000 7 
 fake.rf 1440.00000000 53101.67568554714192075 1.00000 7 
 fake.rf 1440.00000000 53111.67779493340368191 1.00000 7 
 fake.rf 1440.00000000 53121.66756763463402180 1.00000 7 
 fake.rf 1440.00000000 53131.64948260613065756 1.00000 7 
 fake.rf 1440.00000000 53141.58019852949951201 1.00000 7 
 fake.rf 1440.00000000 53151.54927986520330307 1.00000 7 
 fake.rf 1440.00000000 53161.57101656486348062 1.00000 7 
 fake.rf 1440.00000000 53171.50504131160935373 1.00000 7 
 fake.rf 1440.00000000 53181.48696093429494169 1.00000 7 
 fake.rf 1440.00000000 53191.43084726104237703 1.00000 7 
 fake.rf 1440.00000000 53201.41303308820164730 1.00000 7 
 fake.rf 1440.00000000 53211.43123244104633329 1.00000 7 
 fake.rf 1440.00000000 53221.40028162347863727 1.00000 7 
 fake.rf 1440.00000000 53231.34993060345784954 1.00000 7 
 fake.rf 1440.00000000 53241.35406515433038521 1.00000 7 
 fake.rf 1440.00000000 53251.32534586397335019 1.00000 7 
 fake.rf 1440.00000000 53261.27952450294746711 1.00000 7 
 fake.rf 1440.00000000 53271.25518982063087137 1.00000 7 
 fake.rf 1440.00000000 53281.17729478497921747 1.00000 7 
 fake.rf 1440.00000000 53291.15194133329350734 1.00000 7 
 fake.rf 1440.00000000 53301.14850276707915100 1.00000 7 
 fake.rf 1440.00000000 53311.10330409106098060 1.00000 7 
 fake.rf 1440.00000000 53321.07755809340811837 1.00000 7 
 fake.rf 1440.00000000 53331.07709152539800712 1.00000 7 
 fake.rf 1440.00000000 53341.06321243105422170 1.00000 7 
 fake.rf 1440.00000000 53351.03096178552417683 1.00000 7 
 fake.rf 1440.00000000 53360.98161545437330489 1.00000 7 
 fake.rf 1440.00000000 53370.95847347522271420 1.00000 7 
 fake.rf 1440.00000000 53380.96033387843811724 1.00000 7 
 fake.rf 1440.00000000 53390.94200257374517804 1.00000 7 
 fake.rf 1440.00000000 53400.92125532582042879 1.00000 7 
 fake.rf 1440.00000000 53410.89100906606757491 1.00000 7 
 fake.rf 1440.00000000 53420.81875811250465702 1.00000 7 
 fake.rf 1440.00000000 53430.81508788449401237 1.00000 7 
 fake.rf 1440.00000000 53440.79406091892718322 1.00000 7 
 fake.rf 1440.00000000 53450.76316356316244693 1.00000 7 
 fake.rf 1440.00000000 53460.75587903399058831 1.00000 7 
 fake.rf 1440.00000000 53470.70055976946837362 1.00000 7 
 fake.rf 1440.00000000 53480.63099150938144533 1.00000 7 
 fake.rf 1440.00000000 53490.63293087446157159 1.00000 7 
 fake.rf 1440.00000000 53500.63213560472301111 1.00000 7 
 fake.rf 1440.00000000 53510.57205751574494457 1.00000 7 
 fake.rf 1440.00000000 53520.53616726083117072 1.00000 7 
 fake.rf 1440.00000000 53530.53172548346134008 1.00000 7 
 fake.rf 1440.00000000 53540.53193406897602813 1.00000 7 
 fake.rf 1440.00000000 53550.44414935386319954 1.00000 7 
 fake.rf 1440.00000000 53560.43829263953637820 1.00000 7 
 fake.rf 1440.00000000 53570.41998416067926669 1.00000 7 
 fake.rf 1440.00000000 53580.41850245183994872 1.00000 7 
 fake.rf 1440.00000000 53590.36205501329078160 1.00000 7 
 fake.rf 1440.00000000 53600.34569743426595068 1.00000 7 
 fake.rf 1440.00000000 53610.28474812505330149 1.00000 7 
 fake.rf 1440.00000000 53620.29373972038735374 1.00000 7 
 fake.rf 1440.00000000 53630.27894048406073324 1.00000 7 
 fake.rf 1440.00000000 53640.24482894452333781 1.00000 7 
 fake.rf 1440.00000000 53650.18391240580196566 1.00000 7 
 fake.rf 1440.00000000 53660.16416688210072294 1.00000 7 
