FORMAT 1
MODE 1
 fake.rf 1440.00000000 50000.16704215514560161 1.00000 7 
 fake.rf 1440.00000000 50010.17688822002327598 1.00000 7 
 fake.rf 1440.00000000 50020.11719087298942199 1.00000 7 
 fake.rf 1440.00000000 50030.08860814184663823 1.00000 7 
 fake.rf 1440.00000000 50040.05186986765022183 1.00000 7 
 fake.rf 1440.00000000 50050.08407350930099255 1.00000 7 
 fake.rf 1440.00000000 50060.04529656325230391 1.00000 7 
 fake.rf 1440.00000000 50069.98190833486539120 1.00000 7 
 fake.rf 1440.00000000 50079.99547522131491561 1.00000 7 
 fake.rf 1440.00000000 50089.94515463783229237 1.00000 7 
 fake.rf 1440.00000000 50099.92423136491178326 1.00000 7 
 fake.rf 1440.00000000 50109.88430421515503355 1.00000 7 
 fake.rf 1440.00000000 50119.87900708663753235 1.00000 7 
 fake.rf 1440.00000000 50129.83931804210709871 1.00000 7 
 fake.rf 1440.00000000 50139.77544464964436699 1.00000 7 
 fake.rf 1440.00000000 50149.75114319066259583 1.00000 7 
 fake.rf 1440.00000000 50159.74721249821103797 1.00000 7 
 fake.rf 1440.00000000 50169.71310940891993724 1.00000 7 
 fake.rf 1440.00000000 50179.73377957013061845 1.00000 7 
 fake.rf 1440.00000000 50189.66769473967416459 1.00000 7 
 fake.rf 1440.00000000 50199.68961275523525600 1.00000 7 
 fake.rf 1440.00000000 50209.64342625693562283 1.00000 7 
 fake.rf 1440.00000000 50219.62492649084396135 1.00000 7 
 fake.rf 1440.00000000 50229.54204340518424843 1.00000 7 
 fake.rf 1440.00000000 50239.56869722246637977 1.00000 7 
 fake.rf 1440.00000000 50249.52103743002802005 1.00000 7 
 fake.rf 1440.00000000 50259.51632924960263438 1.00000 7 
 fake.rf 1440.00000000 50269.49077338099079171 1.00000 7 
 fake.rf 1440.00000000 50279.38929274190515173 1.00000 7 
 fake.rf 1440.00000000 50289.42704406867523659 1.00000 7 
 fake.rf 1440.00000000 50299.37518342081364153 1.00000 7 
 fake.rf 1440.00000000 50309.32069743373486048 1.00000 7 
 fake.rf 1440.00000000 50319.31226581673936238 1.00000 7 
 fake.rf 1440.00000000 50329.31134550463220023 1.00000 7 
 fake.rf 1440.00000000 50339.25558110624175256 1.00000 7 
 fake.rf 1440.00000000 50349.23771553002716317 1.00000 7 
 fake.rf 1440.00000000 50359.21296989416917000 1.00000 7 
 fake.rf 1440.00000000 50369.14573287957895076 1.00000 7 
 fake.rf 1440.00000000 50379.17511673354880841 1.00000 7 
 fake.rf 1440.00000000 50389.10790901142318532 1.00000 7 
 fake.rf 1440.00000000 50399.10098903450163732 1.00000 7 
 fake.rf 1440.00000000 50409.05342066460526240 1.00000 7 
 fake.rf 1440.00000000 50419.05692340024888054 1.00000 7 
 fake.rf 1440.00000000 50428.98867734006890373 1.00000 7 
 fake.rf 1440.00000000 50439.01205758288982750 1.00000 7 
 fake.rf 1440.00000000 50448.97899125713161084 1.00000 7 
 fake.rf 1440.00000000 50458.91374807371416722 1.00000 7 
 fake.rf 1440.00000000 50468.87716859221933063 1.00000 7 
 fake.rf 1440.00000000 50478.92063686010285295 1.00000 7 
 fake.rf 1440.00000000 50488.82003487350072035 1.00000 7 
 fake.rf 1440.00000000 50498.82800818977527157 1.00000 7 
 fake.rf 1440.00000000 50508.83736549967124319 1.00000 7 
 fake.rf 1440.00000000 50518.80121464788820163 1.00000 7 
 fake.rf 1440.00000000 50528.73465921981434690 1.00000 7 
 fake.rf 1440.00000000 50538.68843776569902815 1.00000 7 
 fake.rf 1440.00000000 50548.70624506136513787 1.00000 7 
 fake.rf 1440.00000000 50558.70266752199136562 1.00000 7 
 fake.rf 1440.00000000 50568.67904220499542589 1.00000 7 
 fake.rf 1440.00000000 50578.61526463972185041 1.00000 7 
 fake.rf 1440.00000000 50588.62084414752987982 1.00000 7 
 fake.rf 1440.00000000 50598.57894114744761183 1.00000 7 
 fake.rf 1440.00000000 50608.49060727858925901 1.00000 7 
 fake.rf 1440.00000000 50618.46900513867452887 1.00000 7 
 fake.rf 1440.00000000 50628.44597484042662572 1.00000 7 
 fake.rf 1440.00000000 50638.46735833802128468 1.00000 7 
 fake.rf 1440.00000000 50648.41729610515908888 1.00000 7 
 fake.rf 1440.00000000 50658.40370456949154487 1.00000 7 
 fake.rf 1440.00000000 50668.34431342255600939 1.00000 7 
 fake.rf 1440.00000000 50678.33765187740497282 1.00000 7 
 fake.rf 1440.00000000 50688.29741514844311823 1.00000 7 
 fake.rf 1440.00000000 50698.28145393420270182 1.00000 7 
 fake.rf 1440.00000000 50708.29517676109764324 1.00000 7 
 fake.rf 1440.00000000 50718.23467601045647157 1.00000 7 
 fake.rf 1440.00000000 50728.16618853860929761 1.00000 7 
 fake.rf 1440.00000000 50738.13896964405821777 1.00000 7 
 fake.rf 1440.00000000 50748.12915344005872953 1.00000 7 
 fake.rf 1440.00000000 50758.13823735271516213 1.00000 7 
 fake.rf 1440.00000000 50768.07307961088212522 1.00000 7 
 fake.rf 1440.00000000 50778.05398821978439727 1.00000 7 
 fake.rf 1440.00000000 50788.05051143472676500 1.00000 7 
 fake.rf 1440.00000000 50797.99538935505217907 1.00000 7 
 fake.rf 1440.00000000 50808.01157561417505448 1.00000 7 
 fake.rf 1440.00000000 50817.96142710738170223 1.00000 7 
 fake.rf 1440.00000000 50827.89745854734232822 1.00000 7 
 fake.rf 1440.00000000 50837.87439370165402508 1.00000 7 
 fake.rf 1440.00000000 50847.88866139921589138 1.00000 7 
 fake.rf 1440.00000000 50857.86980444587278427 1.00000 7 
 fake.rf 1440.00000000 50867.78713312725978568 1.00000 7 
 fake.rf 1440.00000000 50877.80507981345883195 1.00000 7 
 fake.rf 1440.00000000 50887.74974964127389399 1.00000 7 
 fake.rf 1440.00000000 50897.69996211963201205 1.00000 7 
 fake.rf 1440.00000000 50907.70331012600583520 1.00000 7 
 fake.rf 1440.00000000 50917.67028380095421625 1.00000 7 
 fake.rf 1440.00000000 50927.62619842787594848 1.00000 7 
 fake.rf 1440.00000000 50937.63382046203605569 1.00000 7 
 fake.rf 1440.00000000 50947.56614864525104025 1.00000 7 
 fake.rf 1440.00000000 50957.58263874403119331 1.00000 7 
 fake.rf 1440.00000000 50967.52064023192485109 1.00000 7 
 fake.rf 1440.00000000 50977.50421491763791337 1.00000 7 
 fake.rf 1440.00000000 50987.45801449166209096 1.00000 7 
 fake.rf 1440.00000000 50997.46641691481274705 1.00000 7 
 fake.rf 1440.00000000 51007.46133473495765998 1.00000 7 
 fake.rf 1440.00000000 51017.37282811225538381 1.00000 7 
 fake.rf 1440.00000000 51027.34803412427693559 1.00000 7 
 fake.rf 1440.00000000 51037.38510213011150896 1.00000 7 
 fake.rf 1440.00000000 51047.29668096380908082 1.00000 7 
 fake.rf 1440.00000000 51057.28937509279406370 1.00000 7 
 fake.rf 1440.00000000 51067.27949800599058960 1.00000 7 
 fake.rf 1440.00000000 51077.23655677135055342 1.00000 7 
 fake.rf 1440.00000000 51087.23746385294115768 1.00000 7 
 fake.rf 1440.00000000 51097.16808096142492346 1.00000 7 
 fake.rf 1440.00000000 51107.18065534148054496 1.00000 7 
 fake.rf 1440.00000000 51117.14171968974959270 1.00000 7 
 fake.rf 1440.00000000 51127.13282591039329006 1.00000 7 
 fake.rf 1440.00000000 51137.10873604681464855 1.00000 7 
 fake.rf 1440.00000000 51147.07403992129351167 1.00000 7 
 fake.rf 1440.00000000 51157.02338483673072744 1.00000 7 
 fake.rf 1440.00000000 51167.00774239042359426 1.00000 7 
 fake.rf 1440.00000000 51177.00101253641155097 1.00000 7 
 fake.rf 1440.00000000 51186.91227514162347134 1.00000 7 
 fake.rf 1440.00000000 51196.95194021802453221 1.00000 7 
 fake.rf 1440.00000000 51206.92272719036403927 1.00000 7 
 fake.rf 1440.00000000 51216.86464215817824197 1.00000 7 
 fake.rf 1440.00000000 51226.81525186472242339 1.00000 7 
 fake.rf 1440.00000000 51236.76925782011905497 1.00000 7 
 fake.rf 1440.00000000 51246.74609913703103103 1.00000 7 
 fake.rf 1440.00000000 51256.73967472381275456 1.00000 7 
 fake.rf 1440.00000000 51266.73747511598759985 1.00000 7 
 fake.rf 1440.00000000 51276.67962222882779955 1.00000 7 
 fake.rf 1440.00000000 51286.68407684357548959 1.00000 7 
 fake.rf 1440.00000000 51296.66298113576080908 1.00000 7 
 fake.rf 1440.00000000 51306.64083500754896505 1.00000 7 
 fake.rf 1440.00000000 51316.58417842585279445 1.00000 7 
 fake.rf 1440.00000000 51326.58521374653828317 1.00000 7 
 fake.rf 1440.00000000 51336.56557798865267728 1.00000 7 
 fake.rf 1440.00000000 51346.48996043929476585 1.00000 7 
 fake.rf 1440.00000000 51356.51321222487074181 1.00000 7 
 fake.rf 1440.00000000 51366.43024160590749361 1.00000 7 
 fake.rf 1440.00000000 51376.45538466795639110 1.00000 7 
 fake.rf 1440.00000000 51386.37966620995273814 1.00000 7 
 fake.rf 1440.00000000 51396.40824031167514718 1.00000 7 
 fake.rf 1440.00000000 51406.30797146365976502 1.00000 7 
 fake.rf 1440.00000000 51416.35546503588420819 1.00000 7 
 fake.rf 1440.00000000 51426.28907453802399274 1.00000 7 
 fake.rf 1440.00000000 51436.29054959806624936 1.00000 7 
 fake.rf 1440.00000000 51446.25792428009479806 1.00000 7 
 fake.rf 1440.00000000 51456.18414198572337526 1.00000 7 
 fake.rf 1440.00000000 51466.16226626446328041 1.00000 7 
 fake.rf 1440.00000000 51476.14130285700508338 1.00000 7 
 fake.rf 1440.00000000 51486.08809504659573619 1.00000 7 
 fake.rf 1440.00000000 51496.08811961669223578 1.00000 7 
 fake.rf 1440.00000000 51506.05079226125090486 1.00000 7 
 fake.rf 1440.00000000 51516.07900912080937417 1.00000 7 
 fake.rf 1440.00000000 51526.04825296297284254 1.00000 7 
 fake.rf 1440.00000000 51535.98883964954761083 1.00000 7 
 fake.rf 1440.00000000 51545.99836682350418116 1.00000 7 
 fake.rf 1440.00000000 51555.97175626836058271 1.00000 7 
 fake.rf 1440.00000000 51565.93322289795928981 1.00000 7 
 fake.rf 1440.00000000 51575.88452143083506840 1.00000 7 
 fake.rf 1440.00000000 51585.82736239296274761 1.00000 7 
 fake.rf 1440.00000000 51595.82058793171819389 1.00000 7 
 fake.rf 1440.00000000 51605.77809507037283510 1.00000 7 
 fake.rf 1440.00000000 51615.80942757813810928 1.00000 7 
 fake.rf 1440.00000000 51625.77330087163184658 1.00000 7 
 fake.rf 1440.00000000 51635.67581436567703790 1.00000 7 
 fake.rf 1440.00000000 51645.71481542160775646 1.00000 7 
 fake.rf 1440.00000000 51655.63037552075921965 1.00000 7 
 fake.rf 1440.00000000 51665.66677843712117024 1.00000 7 
 fake.rf 1440.00000000 51675.56677989915436555 1.00000 7 
 fake.rf 1440.00000000 51685.61812070520050710 1.00000 7 
 fake.rf 1440.00000000 51695.52277615712464964 1.00000 7 
 fake.rf 1440.00000000 51705.56198942661591289 1.00000 7 
 fake.rf 1440.00000000 51715.54036568476136537 1.00000 7 
 fake.rf 1440.00000000 51725.43648573081945230 1.00000 7 
 fake.rf 1440.00000000 51735.43661278287713756 1.00000 7 
 fake.rf 1440.00000000 51745.44376848295657112 1.00000 7 
 fake.rf 1440.00000000 51755.41790085727349080 1.00000 7 
 fake.rf 1440.00000000 51765.37154997042985372 1.00000 7 
 fake.rf 1440.00000000 51775.30080094737320096 1.00000 7 
 fake.rf 1440.00000000 51785.28127421958852494 1.00000 7 
 fake.rf 1440.00000000 51795.29235318655835840 1.00000 7 
 fake.rf 1440.00000000 51805.24893306322406161 1.00000 7 
 fake.rf 1440.00000000 51815.21938331421306856 1.00000 7 
 fake.rf 1440.00000000 51825.20265017094683913 1.00000 7 
 fake.rf 1440.00000000 51835.15577820450508995 1.00000 7 
 fake.rf 1440.00000000 51845.17745279595097330 1.00000 7 
 fake.rf 1440.00000000 51855.11421783209960168 1.00000 7 
 fake.rf 1440.00000000 51865.06803966015674234 1.00000 7 
 fake.rf 1440.00000000 51875.07848523760897663 1.00000 7 
 fake.rf 1440.00000000 51884.99385312114792868 1.00000 7 
 fake.rf 1440.00000000 51895.00115358062121373 1.00000 7 
 fake.rf 1440.00000000 51904.94879569056912771 1.00000 7 
 fake.rf 1440.00000000 51914.93230836021719554 1.00000 7 
 fake.rf 1440.00000000 51924.91491232874382078 1.00000 7 
 fake.rf 1440.00000000 51934.93706542354917133 1.00000 7 
 fake.rf 1440.00000000 51944.85039589823493245 1.00000 7 
 fake.rf 1440.00000000 51954.81597193888974928 1.00000 7 
 fake.rf 1440.00000000 51964.78098945228671113 1.00000 7 
 fake.rf 1440.00000000 51974.75802720320726280 1.00000 7 
 fake.rf 1440.00000000 51984.73424235212751654 1.00000 7 
 fake.rf 1440.00000000 51994.69457162666900274 1.00000 7 
 fake.rf 1440.00000000 52004.68690256931397187 1.00000 7 
 fake.rf 1440.00000000 52014.64630197589776017 1.00000 7 
 fake.rf 1440.00000000 52024.61231185901930374 1.00000 7 
 fake.rf 1440.00000000 52034.61140047096112227 1.00000 7 
 fake.rf 1440.00000000 52044.59823129301418376 1.00000 7 
 fake.rf 1440.00000000 52054.59870114730882662 1.00000 7 
 fake.rf 1440.00000000 52064.51589317523125544 1.00000 7 
 fake.rf 1440.00000000 52074.48367741731371083 1.00000 7 
 fake.rf 1440.00000000 52084.52403594211433457 1.00000 7 
 fake.rf 1440.00000000 52094.44900558425178616 1.00000 7 
 fake.rf 1440.00000000 52104.45517313378437052 1.00000 7 
 fake.rf 1440.00000000 52114.39608251491995716 1.00000 7 
 fake.rf 1440.00000000 52124.40214008709559224 1.00000 7 
 fake.rf 1440.00000000 52134.33554549009435419 1.00000 7 
 fake.rf 1440.00000000 52144.34022055975406218 1.00000 7 
 fake.rf 1440.00000000 52154.31192374431880765 1.00000 7 
 fake.rf 1440.00000000 52164.29273184261312224 1.00000 7 
 fake.rf 1440.00000000 52174.27853306000767475 1.00000 7 
 fake.rf 1440.00000000 52184.20465280144013676 1.00000 7 
 fake.rf 1440.00000000 52194.21146645599978342 1.00000 7 
 fake.rf 1440.00000000 52204.14853914048769212 1.00000 7 
 fake.rf 1440.00000000 52214.13293864817616452 1.00000 7 
 fake.rf 1440.00000000 52224.06723602981371712 1.00000 7 
 fake.rf 1440.00000000 52234.09755033133335900 1.00000 7 
 fake.rf 1440.00000000 52244.04807390174609694 1.00000 7 
 fake.rf 1440.00000000 52254.00633944683466225 1.00000 7 
 fake.rf 1440.00000000 52264.02953412742268213 1.00000 7 
 fake.rf 1440.00000000 52273.97237952532065819 1.00000 7 
 fake.rf 1440.00000000 52283.93498717015191701 1.00000 7 
 fake.rf 1440.00000000 52293.87836798151215945 1.00000 7 
 fake.rf 1440.00000000 52303.89218034944159186 1.00000 7 
 fake.rf 1440.00000000 52313.87442322503880376 1.00000 7 
 fake.rf 1440.00000000 52323.80450777448161048 1.00000 7 
 fake.rf 1440.00000000 52333.81163436731746685 1.00000 7 
 fake.rf 1440.00000000 52343.82027019318736905 1.00000 7 
 fake.rf 1440.00000000 52353.76448990378035475 1.00000 7 
 fake.rf 1440.00000000 52363.71605738128234009 1.00000 7 
 fake.rf 1440.00000000 52373.66918953014655358 1.00000 7 
 fake.rf 1440.00000000 52383.69183117024888929 1.00000 7 
 fake.rf 1440.00000000 52393.62772817568463068 1.00000 7 
 fake.rf 1440.00000000 52403.61646763394162463 1.00000 7 
 fake.rf 1440.00000000 52413.58924785479851138 1.00000 7 
 fake.rf 1440.00000000 52423.57669184038302745 1.00000 7 
 fake.rf 1440.00000000 52433.51545988380363994 1.00000 7 
 fake.rf 1440.00000000 52443.53228315994856246 1.00000 7 
 fake.rf 1440.00000000 52453.46837327423656916 1.00000 7 
 fake.rf 1440.00000000 52463.48948215308159604 1.00000 7 
 fake.rf 1440.00000000 52473.43108452030320166 1.00000 7 
 fake.rf 1440.00000000 52483.38028019313943062 1.00000 7 
 fake.rf 1440.00000000 52493.35481312267258147 1.00000 7 
 fake.rf 1440.00000000 52503.33053348874988941 1.00000 7 
 fake.rf 1440.00000000 52513.32743949492234137 1.00000 7 
 fake.rf 1440.00000000 52523.31367627001990428 1.00000 7 
 fake.rf 1440.00000000 52533.25099835521097447 1.00000 7 
 fake.rf 1440.00000000 52543.22218967227206576 1.00000 7 
 fake.rf 1440.00000000 52553.18625438137634021 1.00000 7 
 fake.rf 1440.00000000 52563.19247963876314245 1.00000 7 
 fake.rf 1440.00000000 52573.13083662580831401 1.00000 7 
 fake.rf 1440.00000000 52583.14838441828516835 1.00000 7 
 fake.rf 1440.00000000 52593.06118828977141888 1.00000 7 
 fake.rf 1440.00000000 52603.05356379124117439 1.00000 7 
 fake.rf 1440.00000000 52613.02889496324399232 1.00000 7 
 fake.rf 1440.00000000 52623.03457936027382047 1.00000 7 
 fake.rf 1440.00000000 52632.98434374301145411 1.00000 7 
 fake.rf 1440.00000000 52642.99410585369837179 1.00000 7 
 fake.rf 1440.00000000 52652.95239708157538416 1.00000 7 
 fake.rf 1440.00000000 52662.87368549501346493 1.00000 7 
 fake.rf 1440.00000000 52672.86231943602022909 1.00000 7 
 fake.rf 1440.00000000 52682.88438049184728484 1.00000 7 
 fake.rf 1440.00000000 52692.85561485827246742 1.00000 7 
 fake.rf 1440.00000000 52702.80745008506890770 1.00000 7 
 fake.rf 1440.00000000 52712.76222162056669163 1.00000 7 
 fake.rf 1440.00000000 52722.73354052061457509 1.00000 7 
 fake.rf 1440.00000000 52732.70012411241139105 1.00000 7 
 fake.rf 1440.00000000 52742.70430133378348359 1.00000 7 
 fake.rf 1440.00000000 52752.63641454915072870 1.00000 7 
 fake.rf 1440.00000000 52762.64972589342379905 1.00000 7 
 fake.rf 1440.00000000 52772.61898297590090934 1.00000 7 
 fake.rf 1440.00000000 52782.60333624799955388 1.00000 7 
 fake.rf 1440.00000000 52792.50981420934907362 1.00000 7 
 fake.rf 1440.00000000 52802.56424194886139745 1.00000 7 
 fake.rf 1440.00000000 52812.46828658142456803 1.00000 7 
 fake.rf 1440.00000000 52822.48230823274784740 1.00000 7 
 fake.rf 1440.00000000 52832.46694374444513542 1.00000 7 
 fake.rf 1440.00000000 52842.41894807719749849 1.00000 7 
 fake.rf 1440.00000000 52852.34813208332121448 1.00000 7 
 fake.rf 1440.00000000 52862.32413664924004593 1.00000 7 
 fake.rf 1440.00000000 52872.30967055871189686 1.00000 7 
 fake.rf 1440.00000000 52882.28784922627201581 1.00000 7 
 fake.rf 1440.00000000 52892.30870591017012572 1.00000 7 
 fake.rf 1440.00000000 52902.23434799839173692 1.00000 7 
 fake.rf 1440.00000000 52912.23220651538162684 1.00000 7 
 fake.rf 1440.00000000 52922.17236536426617732 1.00000 7 
 fake.rf 1440.00000000 52932.13099623116950099 1.00000 7 
 fake.rf 1440.00000000 52942.10592341554544049 1.00000 7 
 fake.rf 1440.00000000 52952.08314873957101554 1.00000 7 
 fake.rf 1440.00000000 52962.11070846377194599 1.00000 7 
 fake.rf 1440.00000000 52972.03422842322535402 1.00000 7 
 fake.rf 1440.00000000 52982.02739200425909871 1.00000 7 
 fake.rf 1440.00000000 52992.02098378597932893 1.00000 7 
 fake.rf 1440.00000000 53001.94304247540531350 1.00000 7 
 fake.rf 1440.00000000 53011.91534559634244061 1.00000 7 
 fake.rf 1440.00000000 53021.89101324811564098 1.00000 7 
 fake.rf 1440.00000000 53031.89502851303347697 1.00000 7 
 fake.rf 1440.00000000 53041.86121952388666756 1.00000 7 
 fake.rf 1440.00000000 53051.86836875858493912 1.00000 7 
 fake.rf 1440.00000000 53061.83180155795103161 1.00000 7 
 fake.rf 1440.00000000 53071.75527491960848181 1.00000 7 
 fake.rf 1440.00000000 53081.75898557869163596 1.00000 7 
 fake.rf 1440.00000000 53091.73407598546157971 1.00000 7 
 fake.rf 1440.00000000 53101.67466498642173889 1.00000 7 
 fake.rf 1440.00000000 53111.67677439816432994 1.00000 7 
 fake.rf 1440.00000000 53121.66654703982443664 1.00000 7 
 fake.rf 1440.00000000 53131.64846206571010612 1.00000 7 
 fake.rf 1440.00000000 53141.57917794743119089 1.00000 7 
 fake.rf 1440.00000000 53151.54825929193731682 1.00000 7 
 fake.rf 1440.00000000 53161.56999598247728755 1.00000 7 
 fake.rf 1440.00000000 53171.50402077983490656 1.00000 7 
 fake.rf 1440.00000000 53181.48594036951157094 1.00000 7 
 fake.rf 1440.00000000 53191.42982672152975354 1.00000 7 
 fake.rf 1440.00000000 53201.41201252034286284 1.00000 7 
 fake.rf 1440.00000000 53211.43021189213900257 1.00000 7 
 fake.rf 1440.00000000 53221.39926104989895350 1.00000 7 
 fake.rf 1440.00000000 53231.34891003317198255 1.00000 7 
 fake.rf 1440.00000000 53241.35304460113548686 1.00000 7 
 fake.rf 1440.00000000 53251.32432529088437434 1.00000 7 
 fake.rf 1440.00000000 53261.27850395306158759 1.00000 7 
 fake.rf 1440.00000000 53271.25416924862049228 1.00000 7 
 fake.rf 1440.00000000 53281.17627424140976089 1.00000 7 
 fake.rf 1440.00000000 53291.15092077130933035 1.00000 7 
 fake.rf 1440.00000000 53301.14748223112357906 1.00000 7 
 fake.rf 1440.00000000 53311.10228351507915789 1.00000 7 
 fake.rf 1440.00000000 53321.07653751499675110 1.00000 7 
 fake.rf 1440.00000000 53331.07607097300241250 1.00000 7 
 fake.rf 1440.00000000 53341.06219185635995927 1.00000 7 
 fake.rf 1440.00000000 53351.02994122355747564 1.00000 7 
 fake.rf 1440.00000000 53360.98059489589161331 1.00000 7 
 fake.rf 1440.00000000 53370.95745291168560698 1.00000 7 
 fake.rf 1440.00000000 53380.95931332185931950 1.00000 7 
 fake.rf 1440.00000000 53390.94098201969340778 1.00000 7 
 fake.rf 1440.00000000 53400.92023475754308848 1.00000 7 
 fake.rf 1440.00000000 53410.88998847386779900 1.00000 7 
 fake.rf 1440.00000000 53420.81773757501962763 1.00000 7 
 fake.rf 1440.00000000 53430.81406732897961120 1.00000 7 
 fake.rf 1440.00000000 53440.79304039035852725 1.00000 7 
 fake.rf 1440.00000000 53450.76214302089727681 1.00000 7 
 fake.rf 1440.00000000 53460.75485846683971403 1.00000 7 
 fake.rf 1440.00000000 53470.69953918677224891 1.00000 7 
 fake.rf 1440.00000000 53480.62997094492515870 1.00000 7 
 fake.rf 1440.00000000 53490.63191032552191118 1.00000 7 
 fake.rf 1440.00000000 53500.63111506426726649 1.00000 7 
 fake.rf 1440.00000000 53510.57103694418139028 1.00000 7 
 fake.rf 1440.00000000 53520.53514668775239826 1.00000 7 
 fake.rf 1440.00000000 53530.53070492579362849 1.00000 7 
 fake.rf 1440.00000000 53540.53091351510971307 1.00000 7 
 fake.rf 1440.00000000 53550.44312877234790449 1.00000 7 
 fake.rf 1440.00000000 53560.43727205606888830 1.00000 7 
 fake.rf 1440.00000000 53570.41896360943227506 1.00000 7 
 fake.rf 1440.00000000 53580.41748186381067853 1.00000 7 
 fake.rf 1440.00000000 53590.36103446014456964 1.00000 7 
 fake.rf 1440.00000000 53600.34467690437265119 1.00000 7 
 fake.rf 1440.00000000 53610.28372757600814325 1.00000 7 
 fake.rf 1440.00000000 53620.29271915622802425 1.00000 7 
 fake.rf 1440.00000000 53630.27791993393179126 1.00000 7 
 fake.rf 1440.00000000 53640.24380839298352441 1.00000 7 
 fake.rf 1440.00000000 53650.18289183126362474 1.00000 7 
 fake.rf 1440.00000000 53660.16314631413126079 1.00000 7 
