FORMAT 1
MODE 1
 fake.rf 1440.00000000 50000.22270099731463233 1.00000 7 
 fake.rf 1440.00000000 50010.23254713899192581 1.00000 7 
 fake.rf 1440.00000000 50020.17284963090244787 1.00000 7 
 fake.rf 1440.00000000 50030.14426691619471654 1.00000 7 
 fake.rf 1440.00000000 50040.10752875707348153 1.00000 7 
 fake.rf 1440.00000000 50050.13973233277976860 1.00000 7 
 fake.rf 1440.00000000 50060.10095539220125715 1.00000 7 
 fake.rf 1440.00000000 50070.03756715244006514 1.00000 7 
 fake.rf 1440.00000000 50080.05113412879229529 1.00000 7 
 fake.rf 1440.00000000 50090.00081345977812575 1.00000 7 
 fake.rf 1440.00000000 50099.97989017562833780 1.00000 7 
 fake.rf 1440.00000000 50109.93996305111010159 1.00000 7 
 fake.rf 1440.00000000 50119.93466585458947193 1.00000 7 
 fake.rf 1440.00000000 50129.89497691542226221 1.00000 7 
 fake.rf 1440.00000000 50139.83110345492799453 1.00000 7 
 fake.rf 1440.00000000 50149.80680202560161973 1.00000 7 
 fake.rf 1440.00000000 50159.80287128397787200 1.00000 7 
 fake.rf 1440.00000000 50169.76876831651197008 1.00000 7 
 fake.rf 1440.00000000 50179.78943840404214782 1.00000 7 
 fake.rf 1440.00000000 50189.72335365515853312 1.00000 7 
 fake.rf 1440.00000000 50199.74527155598581629 1.00000 7 
 fake.rf 1440.00000000 50209.69908510235483234 1.00000 7 
 fake.rf 1440.00000000 50219.68058536842136874 1.00000 7 
 fake.rf 1440.00000000 50229.59770231269030560 1.00000 7 
 fake.rf 1440.00000000 50239.62435600886846032 1.00000 7 
 fake.rf 1440.00000000 50249.57669620078950956 1.00000 7 
 fake.rf 1440.00000000 50259.57198803167666057 1.00000 7 
 fake.rf 1440.00000000 50269.54643222660861568 1.00000 7 
 fake.rf 1440.00000000 50279.44495154018942529 1.00000 7 
 fake.rf 1440.00000000 50289.48270295788507767 1.00000 7 
 fake.rf 1440.00000000 50299.43084224366773327 1.00000 7 
 fake.rf 1440.00000000 50309.37635629471132859 1.00000 7 
 fake.rf 1440.00000000 50319.36792469326313082 1.00000 7 
 fake.rf 1440.00000000 50329.36700440047744110 1.00000 7 
 fake.rf 1440.00000000 50339.31124002027349462 1.00000 7 
 fake.rf 1440.00000000 50349.29337429706617613 1.00000 7 
 fake.rf 1440.00000000 50359.26862874077357546 1.00000 7 
 fake.rf 1440.00000000 50369.20139169929389311 1.00000 7 
 fake.rf 1440.00000000 50379.23077553413624585 1.00000 7 
 fake.rf 1440.00000000 50389.16356779564995705 1.00000 7 
 fake.rf 1440.00000000 50399.15664787542879210 1.00000 7 
 fake.rf 1440.00000000 50409.10907940722426090 1.00000 7 
 fake.rf 1440.00000000 50419.11258219423896065 1.00000 7 
 fake.rf 1440.00000000 50429.04433613002860071 1.00000 7 
 fake.rf 1440.00000000 50439.06771644578479297 1.00000 7 
 fake.rf 1440.00000000 50449.03465019643673983 1.00000 7 
 fake.rf 1440.00000000 50458.96940691091967679 1.00000 7 
 fake.rf 1440.00000000 50468.93282748855848752 1.00000 7 
 fake.rf 1440.00000000 50478.97629576482531988 1.00000 7 
 fake.rf 1440.00000000 50488.87569364818824269 1.00000 7 
 fake.rf 1440.00000000 50498.88366710974375806 1.00000 7 
 fake.rf 1440.00000000 50508.89302440331970701 1.00000 7 
 fake.rf 1440.00000000 50518.85687343424900675 1.00000 7 
 fake.rf 1440.00000000 50528.79031814455148819 1.00000 7 
 fake.rf 1440.00000000 50538.74409662651272157 1.00000 7 
 fake.rf 1440.00000000 50548.76190382715422800 1.00000 7 
 fake.rf 1440.00000000 50558.75832636433575473 1.00000 7 
 fake.rf 1440.00000000 50568.73470100355274326 1.00000 7 
 fake.rf 1440.00000000 50578.67092350764811215 1.00000 7 
 fake.rf 1440.00000000 50588.67650306899835755 1.00000 7 
 fake.rf 1440.00000000 50598.63459999253115029 1.00000 7 
 fake.rf 1440.00000000 50608.54626605254505378 1.00000 7 
 fake.rf 1440.00000000 50618.52466402991380789 1.00000 7 
 fake.rf 1440.00000000 50628.50163360512594224 1.00000 7 
 fake.rf 1440.00000000 50638.52301723325689053 1.00000 7 
 fake.rf 1440.00000000 50648.47295498166479533 1.00000 7 
 fake.rf 1440.00000000 50658.45936337189578680 1.00000 7 
 fake.rf 1440.00000000 50668.39997228735242274 1.00000 7 
 fake.rf 1440.00000000 50678.39331067439009004 1.00000 7 
 fake.rf 1440.00000000 50688.35307391968688506 1.00000 7 
 fake.rf 1440.00000000 50698.33711271313429236 1.00000 7 
 fake.rf 1440.00000000 50708.35083557500571061 1.00000 7 
 fake.rf 1440.00000000 50718.29033490407963214 1.00000 7 
 fake.rf 1440.00000000 50728.22184739592909253 1.00000 7 
 fake.rf 1440.00000000 50738.19462851107140366 1.00000 7 
 fake.rf 1440.00000000 50748.18481235956103959 1.00000 7 
 fake.rf 1440.00000000 50758.19389623642048193 1.00000 7 
 fake.rf 1440.00000000 50768.12873852202982761 1.00000 7 
 fake.rf 1440.00000000 50778.10964706780929490 1.00000 7 
 fake.rf 1440.00000000 50788.10617030431665597 1.00000 7 
 fake.rf 1440.00000000 50798.05104818216923590 1.00000 7 
 fake.rf 1440.00000000 50808.06723450120554020 1.00000 7 
 fake.rf 1440.00000000 50818.01708586500850728 1.00000 7 
 fake.rf 1440.00000000 50827.95311740796434918 1.00000 7 
 fake.rf 1440.00000000 50837.93005263705979146 1.00000 7 
 fake.rf 1440.00000000 50847.94432017625228326 1.00000 7 
 fake.rf 1440.00000000 50857.92546325996382706 1.00000 7 
 fake.rf 1440.00000000 50867.84279198397248223 1.00000 7 
 fake.rf 1440.00000000 50877.86073865470996935 1.00000 7 
 fake.rf 1440.00000000 50887.80540852620357128 1.00000 7 
 fake.rf 1440.00000000 50897.75562101295370354 1.00000 7 
 fake.rf 1440.00000000 50907.75896890872129674 1.00000 7 
 fake.rf 1440.00000000 50917.72594268320001731 1.00000 7 
 fake.rf 1440.00000000 50927.68185722523307390 1.00000 7 
 fake.rf 1440.00000000 50937.68947937455421027 1.00000 7 
 fake.rf 1440.00000000 50947.62180751393408329 1.00000 7 
 fake.rf 1440.00000000 50957.63829765244444303 1.00000 7 
 fake.rf 1440.00000000 50967.57629912898039493 1.00000 7 
 fake.rf 1440.00000000 50977.55987378732653781 1.00000 7 
 fake.rf 1440.00000000 50987.51367327754631020 1.00000 7 
 fake.rf 1440.00000000 50997.52207568290367945 1.00000 7 
 fake.rf 1440.00000000 51007.51699360259170390 1.00000 7 
 fake.rf 1440.00000000 51017.42848698931356921 1.00000 7 
 fake.rf 1440.00000000 51027.40369289483573567 1.00000 7 
 fake.rf 1440.00000000 51037.44076102968631758 1.00000 7 
 fake.rf 1440.00000000 51047.35233982487824989 1.00000 7 
 fake.rf 1440.00000000 51057.34503387516443240 1.00000 7 
 fake.rf 1440.00000000 51067.33515683972269272 1.00000 7 
 fake.rf 1440.00000000 51077.29221564983509296 1.00000 7 
 fake.rf 1440.00000000 51087.29312263971640107 1.00000 7 
 fake.rf 1440.00000000 51097.22373981676845389 1.00000 7 
 fake.rf 1440.00000000 51107.23631408027192435 1.00000 7 
 fake.rf 1440.00000000 51117.19737857799618652 1.00000 7 
 fake.rf 1440.00000000 51127.18848481612814183 1.00000 7 
 fake.rf 1440.00000000 51137.16439490043868332 1.00000 7 
 fake.rf 1440.00000000 51147.12969872707953201 1.00000 7 
 fake.rf 1440.00000000 51157.07904366542282304 1.00000 7 
 fake.rf 1440.00000000 51167.06340122866876641 1.00000 7 
 fake.rf 1440.00000000 51177.05667138969615948 1.00000 7 
 fake.rf 1440.00000000 51186.96793402009248553 1.00000 7 
 fake.rf 1440.00000000 51197.00759914069130829 1.00000 7 
 fake.rf 1440.00000000 51206.97838611131080100 1.00000 7 
 fake.rf 1440.00000000 51216.92030100512699420 1.00000 7 
 fake.rf 1440.00000000 51226.87091077165781883 1.00000 7 
 fake.rf 1440.00000000 51236.82491671898490182 1.00000 7 
 fake.rf 1440.00000000 51246.80175806516045256 1.00000 7 
 fake.rf 1440.00000000 51256.79533355103959025 1.00000 7 
 fake.rf 1440.00000000 51266.79313403151383710 1.00000 7 
 fake.rf 1440.00000000 51276.73528103659812416 1.00000 7 
 fake.rf 1440.00000000 51286.73973570619329365 1.00000 7 
 fake.rf 1440.00000000 51296.71863998936040829 1.00000 7 
 fake.rf 1440.00000000 51306.69649382535583726 1.00000 7 
 fake.rf 1440.00000000 51316.63983736304979644 1.00000 7 
 fake.rf 1440.00000000 51326.64087263642832681 1.00000 7 
 fake.rf 1440.00000000 51336.62123677339871364 1.00000 7 
 fake.rf 1440.00000000 51346.54561921594296692 1.00000 7 
 fake.rf 1440.00000000 51356.56887099802766272 1.00000 7 
 fake.rf 1440.00000000 51366.48590046191042191 1.00000 7 
 fake.rf 1440.00000000 51376.51104352306277434 1.00000 7 
 fake.rf 1440.00000000 51386.43532504679859940 1.00000 7 
 fake.rf 1440.00000000 51396.46389913669009530 1.00000 7 
 fake.rf 1440.00000000 51406.36363024120498721 1.00000 7 
 fake.rf 1440.00000000 51416.41112385691767983 1.00000 7 
 fake.rf 1440.00000000 51426.34473344023659180 1.00000 7 
 fake.rf 1440.00000000 51436.34620847838724700 1.00000 7 
 fake.rf 1440.00000000 51446.31358316601170344 1.00000 7 
 fake.rf 1440.00000000 51456.23980074081670821 1.00000 7 
 fake.rf 1440.00000000 51466.21792505862486422 1.00000 7 
 fake.rf 1440.00000000 51476.19696170448071726 1.00000 7 
 fake.rf 1440.00000000 51486.14375381780618923 1.00000 7 
 fake.rf 1440.00000000 51496.14377839596546593 1.00000 7 
 fake.rf 1440.00000000 51506.10645115523243476 1.00000 7 
 fake.rf 1440.00000000 51516.13466799522557693 1.00000 7 
 fake.rf 1440.00000000 51526.10391176441865113 1.00000 7 
 fake.rf 1440.00000000 51536.04449845548290199 1.00000 7 
 fake.rf 1440.00000000 51546.05402562873770833 1.00000 7 
 fake.rf 1440.00000000 51556.02741520295773014 1.00000 7 
 fake.rf 1440.00000000 51565.98888178907289515 1.00000 7 
 fake.rf 1440.00000000 51575.94018020070274133 1.00000 7 
 fake.rf 1440.00000000 51585.88302117280085923 1.00000 7 
 fake.rf 1440.00000000 51595.87624669259880150 1.00000 7 
 fake.rf 1440.00000000 51605.83375387912663257 1.00000 7 
 fake.rf 1440.00000000 51615.86508641671283826 1.00000 7 
 fake.rf 1440.00000000 51625.82895966986935221 1.00000 7 
 fake.rf 1440.00000000 51635.73147316106079430 1.00000 7 
 fake.rf 1440.00000000 51645.77047432980861785 1.00000 7 
 fake.rf 1440.00000000 51655.68603440475846256 1.00000 7 
 fake.rf 1440.00000000 51665.72243723344244160 1.00000 7 
 fake.rf 1440.00000000 51675.62243866580347529 1.00000 7 
 fake.rf 1440.00000000 51685.67377957921866383 1.00000 7 
 fake.rf 1440.00000000 51695.57843504250828914 1.00000 7 
 fake.rf 1440.00000000 51705.61764820984646462 1.00000 7 
 fake.rf 1440.00000000 51715.59602460278241409 1.00000 7 
 fake.rf 1440.00000000 51725.49214460743617394 1.00000 7 
 fake.rf 1440.00000000 51735.49227171150328175 1.00000 7 
 fake.rf 1440.00000000 51745.49942729592358859 1.00000 7 
 fake.rf 1440.00000000 51755.47355972620947639 1.00000 7 
 fake.rf 1440.00000000 51765.42720889051465250 1.00000 7 
 fake.rf 1440.00000000 51775.35645972838002393 1.00000 7 
 fake.rf 1440.00000000 51785.33693306940023504 1.00000 7 
 fake.rf 1440.00000000 51795.34801202203275849 1.00000 7 
 fake.rf 1440.00000000 51805.30459196127261734 1.00000 7 
 fake.rf 1440.00000000 51815.27504208240842232 1.00000 7 
 fake.rf 1440.00000000 51825.25830906613922267 1.00000 7 
 fake.rf 1440.00000000 51835.21143701066643317 1.00000 7 
 fake.rf 1440.00000000 51845.23311166193413513 1.00000 7 
 fake.rf 1440.00000000 51855.16987664673791869 1.00000 7 
 fake.rf 1440.00000000 51865.12369852042432683 1.00000 7 
 fake.rf 1440.00000000 51875.13414406092335796 1.00000 7 
 fake.rf 1440.00000000 51885.04951193002032284 1.00000 7 
 fake.rf 1440.00000000 51895.05681248178276732 1.00000 7 
 fake.rf 1440.00000000 51905.00445447531800625 1.00000 7 
 fake.rf 1440.00000000 51914.98796726159284631 1.00000 7 
 fake.rf 1440.00000000 51924.97057122919133931 1.00000 7 
 fake.rf 1440.00000000 51934.99272427526471674 1.00000 7 
 fake.rf 1440.00000000 51944.90605482428463802 1.00000 7 
 fake.rf 1440.00000000 51954.87163081133445885 1.00000 7 
 fake.rf 1440.00000000 51964.83664824243705382 1.00000 7 
 fake.rf 1440.00000000 51974.81368610368501493 1.00000 7 
 fake.rf 1440.00000000 51984.78990115517854420 1.00000 7 
 fake.rf 1440.00000000 51994.75023052435398085 1.00000 7 
 fake.rf 1440.00000000 52004.74256145145425378 1.00000 7 
 fake.rf 1440.00000000 52014.70196083176601576 1.00000 7 
 fake.rf 1440.00000000 52024.66797064342211598 1.00000 7 
 fake.rf 1440.00000000 52034.66705922174061882 1.00000 7 
 fake.rf 1440.00000000 52044.65389014257668521 1.00000 7 
 fake.rf 1440.00000000 52054.65436007719221223 1.00000 7 
 fake.rf 1440.00000000 52064.57155205090582939 1.00000 7 
 fake.rf 1440.00000000 52074.53933631108894886 1.00000 7 
 fake.rf 1440.00000000 52084.57969485481508798 1.00000 7 
 fake.rf 1440.00000000 52094.50466445579643349 1.00000 7 
 fake.rf 1440.00000000 52104.51083194693774558 1.00000 7 
 fake.rf 1440.00000000 52114.45174133713966569 1.00000 7 
 fake.rf 1440.00000000 52124.45779890519456146 1.00000 7 
 fake.rf 1440.00000000 52134.39120430963776442 1.00000 7 
 fake.rf 1440.00000000 52144.39587937119684469 1.00000 7 
 fake.rf 1440.00000000 52154.36758264546910979 1.00000 7 
 fake.rf 1440.00000000 52164.34839062545835375 1.00000 7 
 fake.rf 1440.00000000 52174.33419185641941240 1.00000 7 
 fake.rf 1440.00000000 52184.26031157426259099 1.00000 7 
 fake.rf 1440.00000000 52194.26712527970675737 1.00000 7 
 fake.rf 1440.00000000 52204.20419806882728864 1.00000 7 
 fake.rf 1440.00000000 52214.18859744194165273 1.00000 7 
 fake.rf 1440.00000000 52224.12289486234476144 1.00000 7 
 fake.rf 1440.00000000 52234.15320910450409286 1.00000 7 
 fake.rf 1440.00000000 52244.10373278461818458 1.00000 7 
 fake.rf 1440.00000000 52254.06199831906761588 1.00000 7 
 fake.rf 1440.00000000 52264.08519288822413884 1.00000 7 
 fake.rf 1440.00000000 52274.02803834332158672 1.00000 7 
 fake.rf 1440.00000000 52283.99064592201206736 1.00000 7 
 fake.rf 1440.00000000 52293.93402690931246823 1.00000 7 
 fake.rf 1440.00000000 52303.94783922438292834 1.00000 7 
 fake.rf 1440.00000000 52313.93008210913976441 1.00000 7 
 fake.rf 1440.00000000 52323.86016662082908724 1.00000 7 
 fake.rf 1440.00000000 52333.86729318488270124 1.00000 7 
 fake.rf 1440.00000000 52343.87592906671712711 1.00000 7 
 fake.rf 1440.00000000 52353.82014883256234228 1.00000 7 
 fake.rf 1440.00000000 52363.77171623656364119 1.00000 7 
 fake.rf 1440.00000000 52373.72484836591087998 1.00000 7 
 fake.rf 1440.00000000 52383.74748997548060814 1.00000 7 
 fake.rf 1440.00000000 52393.68338694177760928 1.00000 7 
 fake.rf 1440.00000000 52403.67212652856617083 1.00000 7 
 fake.rf 1440.00000000 52413.64490672931195903 1.00000 7 
 fake.rf 1440.00000000 52423.63235077901116910 1.00000 7 
 fake.rf 1440.00000000 52433.57111876241157589 1.00000 7 
 fake.rf 1440.00000000 52443.58794204597934296 1.00000 7 
 fake.rf 1440.00000000 52453.52403212263306287 1.00000 7 
 fake.rf 1440.00000000 52463.54514097061618827 1.00000 7 
 fake.rf 1440.00000000 52473.48674333289563876 1.00000 7 
 fake.rf 1440.00000000 52483.43593900961805332 1.00000 7 
 fake.rf 1440.00000000 52493.41047200412851126 1.00000 7 
 fake.rf 1440.00000000 52503.38619233113631068 1.00000 7 
 fake.rf 1440.00000000 52513.38309827206496649 1.00000 7 
 fake.rf 1440.00000000 52523.36933506718984077 1.00000 7 
 fake.rf 1440.00000000 52533.30665718283455234 1.00000 7 
 fake.rf 1440.00000000 52543.27784853460142500 1.00000 7 
 fake.rf 1440.00000000 52553.24191314352000504 1.00000 7 
 fake.rf 1440.00000000 52563.24813843116694656 1.00000 7 
 fake.rf 1440.00000000 52573.18649549118659792 1.00000 7 
 fake.rf 1440.00000000 52583.20404321712876339 1.00000 7 
 fake.rf 1440.00000000 52593.11684707390438476 1.00000 7 
 fake.rf 1440.00000000 52603.10922255389791502 1.00000 7 
 fake.rf 1440.00000000 52613.08455376973315865 1.00000 7 
 fake.rf 1440.00000000 52623.09023821611427252 1.00000 7 
 fake.rf 1440.00000000 52633.04000266112509721 1.00000 7 
 fake.rf 1440.00000000 52643.04976467366368453 1.00000 7 
 fake.rf 1440.00000000 52653.00805589701972664 1.00000 7 
 fake.rf 1440.00000000 52662.92934435945604577 1.00000 7 
 fake.rf 1440.00000000 52672.91797828216212807 1.00000 7 
 fake.rf 1440.00000000 52682.94003923567819214 1.00000 7 
 fake.rf 1440.00000000 52692.91127363961158281 1.00000 7 
 fake.rf 1440.00000000 52702.86310888198447344 1.00000 7 
 fake.rf 1440.00000000 52712.81788044416005334 1.00000 7 
 fake.rf 1440.00000000 52722.78919944850657942 1.00000 7 
 fake.rf 1440.00000000 52732.75578302070350034 1.00000 7 
 fake.rf 1440.00000000 52742.75996015556598806 1.00000 7 
 fake.rf 1440.00000000 52752.69207346330625086 1.00000 7 
 fake.rf 1440.00000000 52762.70538475879675744 1.00000 7 
 fake.rf 1440.00000000 52772.67464187011760046 1.00000 7 
 fake.rf 1440.00000000 52782.65899511160733226 1.00000 7 
 fake.rf 1440.00000000 52792.56547312298614116 1.00000 7 
 fake.rf 1440.00000000 52802.61990085067184353 1.00000 7 
 fake.rf 1440.00000000 52812.52394547273712533 1.00000 7 
 fake.rf 1440.00000000 52822.53796701188754525 1.00000 7 
 fake.rf 1440.00000000 52832.52260264930798428 1.00000 7 
 fake.rf 1440.00000000 52842.47460686774243754 1.00000 7 
 fake.rf 1440.00000000 52852.40379089672872936 1.00000 7 
 fake.rf 1440.00000000 52862.37979539496506831 1.00000 7 
 fake.rf 1440.00000000 52872.36532936121669479 1.00000 7 
 fake.rf 1440.00000000 52882.34350810721258895 1.00000 7 
 fake.rf 1440.00000000 52892.36436475927167322 1.00000 7 
 fake.rf 1440.00000000 52902.29000691263570744 1.00000 7 
 fake.rf 1440.00000000 52912.28786536717736411 1.00000 7 
 fake.rf 1440.00000000 52922.22802424344252614 1.00000 7 
 fake.rf 1440.00000000 52932.18665500407007585 1.00000 7 
 fake.rf 1440.00000000 52942.16158233544031830 1.00000 7 
 fake.rf 1440.00000000 52952.13880760535116465 1.00000 7 
 fake.rf 1440.00000000 52962.16636736541135733 1.00000 7 
 fake.rf 1440.00000000 52972.08988726261820545 1.00000 7 
 fake.rf 1440.00000000 52982.08305075210076751 1.00000 7 
 fake.rf 1440.00000000 52992.07664259429778753 1.00000 7 
 fake.rf 1440.00000000 53001.99870123423516688 1.00000 7 
 fake.rf 1440.00000000 53011.97100436618823593 1.00000 7 
 fake.rf 1440.00000000 53021.94667207348246762 1.00000 7 
 fake.rf 1440.00000000 53031.95068737162247174 1.00000 7 
 fake.rf 1440.00000000 53041.91687837582410125 1.00000 7 
 fake.rf 1440.00000000 53051.92402758436137944 1.00000 7 
 fake.rf 1440.00000000 53061.88746036069974110 1.00000 7 
 fake.rf 1440.00000000 53071.81093368720634018 1.00000 7 
 fake.rf 1440.00000000 53081.81464443492470551 1.00000 7 
 fake.rf 1440.00000000 53091.78973491423246855 1.00000 7 
 fake.rf 1440.00000000 53101.73032374569973157 1.00000 7 
 fake.rf 1440.00000000 53111.73243318175048699 1.00000 7 
 fake.rf 1440.00000000 53121.72220592929822658 1.00000 7 
 fake.rf 1440.00000000 53131.70412090597652011 1.00000 7 
 fake.rf 1440.00000000 53141.63483686523593619 1.00000 7 
 fake.rf 1440.00000000 53151.60391819284146209 1.00000 7 
 fake.rf 1440.00000000 53161.62565486775220336 1.00000 7 
 fake.rf 1440.00000000 53171.55967965179580048 1.00000 7 
 fake.rf 1440.00000000 53181.54159919883832330 1.00000 7 
 fake.rf 1440.00000000 53191.48548549373785832 1.00000 7 
 fake.rf 1440.00000000 53201.46767129368380012 1.00000 7 
 fake.rf 1440.00000000 53211.48587064110415312 1.00000 7 
 fake.rf 1440.00000000 53221.45491987589568694 1.00000 7 
 fake.rf 1440.00000000 53231.40456890970394355 1.00000 7 
 fake.rf 1440.00000000 53241.40870348756825692 1.00000 7 
 fake.rf 1440.00000000 53251.37998408336900980 1.00000 7 
 fake.rf 1440.00000000 53261.33416283282842585 1.00000 7 
 fake.rf 1440.00000000 53271.30982809529933775 1.00000 7 
 fake.rf 1440.00000000 53281.23193302911028724 1.00000 7 
 fake.rf 1440.00000000 53291.20657962231263127 1.00000 7 
 fake.rf 1440.00000000 53301.20314098884516341 1.00000 7 
 fake.rf 1440.00000000 53311.15794234158004627 1.00000 7 
 fake.rf 1440.00000000 53321.13219634523283119 1.00000 7 
 fake.rf 1440.00000000 53331.13172976814697535 1.00000 7 
 fake.rf 1440.00000000 53341.11785067876898481 1.00000 7 
 fake.rf 1440.00000000 53351.08560009282924241 1.00000 7 
 fake.rf 1440.00000000 53361.03625370911944259 1.00000 7 
 fake.rf 1440.00000000 53371.01311174152655070 1.00000 7 
 fake.rf 1440.00000000 53381.01497213730932856 1.00000 7 
 fake.rf 1440.00000000 53390.99664088385044280 1.00000 7 
 fake.rf 1440.00000000 53400.97589355530992705 1.00000 7 
 fake.rf 1440.00000000 53410.94564726992644665 1.00000 7 
 fake.rf 1440.00000000 53420.87339645894147111 1.00000 7 
 fake.rf 1440.00000000 53430.86972609661867395 1.00000 7 
 fake.rf 1440.00000000 53440.84869914470436214 1.00000 7 
 fake.rf 1440.00000000 53450.81780190644765582 1.00000 7 
 fake.rf 1440.00000000 53460.81051735899921340 1.00000 7 
 fake.rf 1440.00000000 53470.75519804095466725 1.00000 7 
 fake.rf 1440.00000000 53480.68562980835825371 1.00000 7 
 fake.rf 1440.00000000 53490.68756911329449721 1.00000 7 
 fake.rf 1440.00000000 53500.68677396587472828 1.00000 7 
 fake.rf 1440.00000000 53510.62669575683982970 1.00000 7 
 fake.rf 1440.00000000 53520.59080545771572091 1.00000 7 
 fake.rf 1440.00000000 53530.58636372681543136 1.00000 7 
 fake.rf 1440.00000000 53540.58657227150848357 1.00000 7 
 fake.rf 1440.00000000 53550.49878764469010761 1.00000 7 
 fake.rf 1440.00000000 53560.49293084862254233 1.00000 7 
 fake.rf 1440.00000000 53570.47462253281908673 1.00000 7 
 fake.rf 1440.00000000 53580.47314075752352380 1.00000 7 
 fake.rf 1440.00000000 53590.41669332467643017 1.00000 7 
 fake.rf 1440.00000000 53600.40033569400461388 1.00000 7 
 fake.rf 1440.00000000 53610.33938651022203459 1.00000 7 
 fake.rf 1440.00000000 53620.34837795439765884 1.00000 7 
 fake.rf 1440.00000000 53630.33357879004940472 1.00000 7 
 fake.rf 1440.00000000 53640.29946714255179430 1.00000 7 
 fake.rf 1440.00000000 53650.23855069252525496 1.00000 7 
 fake.rf 1440.00000000 53660.21880515277599599 1.00000 7 
