FORMAT 1
MODE 1
 fake.rf 1440.00000000 50000.19288995748630455 1.00000 7 
 fake.rf 1440.00000000 50010.20273603119454364 1.00000 7 
 fake.rf 1440.00000000 50020.14303866109397489 1.00000 7 
 fake.rf 1440.00000000 50030.11445594459930675 1.00000 7 
 fake.rf 1440.00000000 50040.07771764329531905 1.00000 7 
 fake.rf 1440.00000000 50050.10992132077537065 1.00000 7 
 fake.rf 1440.00000000 50060.07114436960749870 1.00000 7 
 fake.rf 1440.00000000 50070.00775614461666763 1.00000 7 
 fake.rf 1440.00000000 50080.02132304398864804 1.00000 7 
 fake.rf 1440.00000000 50089.97100245444825362 1.00000 7 
 fake.rf 1440.00000000 50099.95007917205882464 1.00000 7 
 fake.rf 1440.00000000 50109.91015201504867349 1.00000 7 
 fake.rf 1440.00000000 50119.90485488737767383 1.00000 7 
 fake.rf 1440.00000000 50129.86516584467637969 1.00000 7 
 fake.rf 1440.00000000 50139.80129245125234050 1.00000 7 
 fake.rf 1440.00000000 50149.77699102837993195 1.00000 7 
 fake.rf 1440.00000000 50159.77306029409905719 1.00000 7 
 fake.rf 1440.00000000 50169.73895720195473302 1.00000 7 
 fake.rf 1440.00000000 50179.75962737895735799 1.00000 7 
 fake.rf 1440.00000000 50189.69354253105679931 1.00000 7 
 fake.rf 1440.00000000 50199.71546055169709533 1.00000 7 
 fake.rf 1440.00000000 50209.66927402242231793 1.00000 7 
 fake.rf 1440.00000000 50219.65077428846489127 1.00000 7 
 fake.rf 1440.00000000 50229.56789121399560116 1.00000 7 
 fake.rf 1440.00000000 50239.59454499605459077 1.00000 7 
 fake.rf 1440.00000000 50249.54688524719189857 1.00000 7 
 fake.rf 1440.00000000 50259.54217705891342405 1.00000 7 
 fake.rf 1440.00000000 50269.51662121912583814 1.00000 7 
 fake.rf 1440.00000000 50279.41514056549798539 1.00000 7 
 fake.rf 1440.00000000 50289.45289187529873232 1.00000 7 
 fake.rf 1440.00000000 50299.40103124326759954 1.00000 7 
 fake.rf 1440.00000000 50309.34654526897766402 1.00000 7 
 fake.rf 1440.00000000 50319.33811362814046930 1.00000 7 
 fake.rf 1440.00000000 50329.33719328499019952 1.00000 7 
 fake.rf 1440.00000000 50339.28142889980080099 1.00000 7 
 fake.rf 1440.00000000 50349.26356334021688710 1.00000 7 
 fake.rf 1440.00000000 50359.23881769463972446 1.00000 7 
 fake.rf 1440.00000000 50369.17158067915294950 1.00000 7 
 fake.rf 1440.00000000 50379.20096454483725168 1.00000 7 
 fake.rf 1440.00000000 50389.13375679286971121 1.00000 7 
 fake.rf 1440.00000000 50399.12683686429490493 1.00000 7 
 fake.rf 1440.00000000 50409.07926844481608697 1.00000 7 
 fake.rf 1440.00000000 50419.08277120381310610 1.00000 7 
 fake.rf 1440.00000000 50429.01452516086570554 1.00000 7 
 fake.rf 1440.00000000 50439.03790539207765065 1.00000 7 
 fake.rf 1440.00000000 50449.00483906891003372 1.00000 7 
 fake.rf 1440.00000000 50458.93959587771702502 1.00000 7 
 fake.rf 1440.00000000 50468.90301639544073353 1.00000 7 
 fake.rf 1440.00000000 50478.94648466633814010 1.00000 7 
 fake.rf 1440.00000000 50488.84588267472538803 1.00000 7 
 fake.rf 1440.00000000 50498.85385597793115764 1.00000 7 
 fake.rf 1440.00000000 50508.86321328173911382 1.00000 7 
 fake.rf 1440.00000000 50518.82706246235321146 1.00000 7 
 fake.rf 1440.00000000 50528.76050703565055500 1.00000 7 
 fake.rf 1440.00000000 50538.71428556625584605 1.00000 7 
 fake.rf 1440.00000000 50548.73209285992574635 1.00000 7 
 fake.rf 1440.00000000 50558.72851532389069718 1.00000 7 
 fake.rf 1440.00000000 50568.70489003780719983 1.00000 7 
 fake.rf 1440.00000000 50578.64111246386583787 1.00000 7 
 fake.rf 1440.00000000 50588.64669194905462390 1.00000 7 
 fake.rf 1440.00000000 50598.60478894814936623 1.00000 7 
 fake.rf 1440.00000000 50608.51645509084823615 1.00000 7 
 fake.rf 1440.00000000 50618.49485292895039734 1.00000 7 
 fake.rf 1440.00000000 50628.47182263998248075 1.00000 7 
 fake.rf 1440.00000000 50638.49320614517619177 1.00000 7 
 fake.rf 1440.00000000 50648.44314390724191455 1.00000 7 
 fake.rf 1440.00000000 50658.42955234240281470 1.00000 7 
 fake.rf 1440.00000000 50668.37016121118642786 1.00000 7 
 fake.rf 1440.00000000 50678.36349965174039411 1.00000 7 
 fake.rf 1440.00000000 50688.32326297212328114 1.00000 7 
 fake.rf 1440.00000000 50698.30730172295236002 1.00000 7 
 fake.rf 1440.00000000 50708.32102459379220960 1.00000 7 
 fake.rf 1440.00000000 50718.26052379490812072 1.00000 7 
 fake.rf 1440.00000000 50728.19203633968519540 1.00000 7 
 fake.rf 1440.00000000 50738.16481744524169883 1.00000 7 
 fake.rf 1440.00000000 50748.15500124332045928 1.00000 7 
 fake.rf 1440.00000000 50758.16408515341850105 1.00000 7 
 fake.rf 1440.00000000 50768.09892742891192796 1.00000 7 
 fake.rf 1440.00000000 50778.07983605738240840 1.00000 7 
 fake.rf 1440.00000000 50788.07635920174417166 1.00000 7 
 fake.rf 1440.00000000 50798.02123716198914849 1.00000 7 
 fake.rf 1440.00000000 50808.03742342463240433 1.00000 7 
 fake.rf 1440.00000000 50817.98727490239632587 1.00000 7 
 fake.rf 1440.00000000 50827.92330634186050276 1.00000 7 
 fake.rf 1440.00000000 50837.90024152278908787 1.00000 7 
 fake.rf 1440.00000000 50847.91450919728761448 1.00000 7 
 fake.rf 1440.00000000 50857.89565225057713604 1.00000 7 
 fake.rf 1440.00000000 50867.81298089308209498 1.00000 7 
 fake.rf 1440.00000000 50877.83092760857640613 1.00000 7 
 fake.rf 1440.00000000 50887.77559746406518926 1.00000 7 
 fake.rf 1440.00000000 50897.72580992560543223 1.00000 7 
 fake.rf 1440.00000000 50907.72915791487024606 1.00000 7 
 fake.rf 1440.00000000 50917.69613159322022966 1.00000 7 
 fake.rf 1440.00000000 50927.65204624288054092 1.00000 7 
 fake.rf 1440.00000000 50937.65966830210891203 1.00000 7 
 fake.rf 1440.00000000 50947.59199645195268857 1.00000 7 
 fake.rf 1440.00000000 50957.60848654190862206 1.00000 7 
 fake.rf 1440.00000000 50967.54648803901833887 1.00000 7 
 fake.rf 1440.00000000 50977.53006273631613610 1.00000 7 
 fake.rf 1440.00000000 50987.48386226517169817 1.00000 7 
 fake.rf 1440.00000000 50997.49226471009911776 1.00000 7 
 fake.rf 1440.00000000 51007.48718253112931720 1.00000 7 
 fake.rf 1440.00000000 51017.39867592857329726 1.00000 7 
 fake.rf 1440.00000000 51027.37388191429699447 1.00000 7 
 fake.rf 1440.00000000 51037.41094994765529336 1.00000 7 
 fake.rf 1440.00000000 51047.32252875291336380 1.00000 7 
 fake.rf 1440.00000000 51057.31522288954424127 1.00000 7 
 fake.rf 1440.00000000 51067.30534583231917978 1.00000 7 
 fake.rf 1440.00000000 51077.26240457577538479 1.00000 7 
 fake.rf 1440.00000000 51087.26331164915610117 1.00000 7 
 fake.rf 1440.00000000 51097.19392878223490939 1.00000 7 
 fake.rf 1440.00000000 51107.20650311197976023 1.00000 7 
 fake.rf 1440.00000000 51117.16756749494528478 1.00000 7 
 fake.rf 1440.00000000 51127.15867372271423008 1.00000 7 
 fake.rf 1440.00000000 51137.13458383982095512 1.00000 7 
 fake.rf 1440.00000000 51147.09988771270057484 1.00000 7 
 fake.rf 1440.00000000 51157.04923262711232823 1.00000 7 
 fake.rf 1440.00000000 51167.03359017897986050 1.00000 7 
 fake.rf 1440.00000000 51177.02686035954889476 1.00000 7 
 fake.rf 1440.00000000 51186.93812293507714983 1.00000 7 
 fake.rf 1440.00000000 51196.97778800853913239 1.00000 7 
 fake.rf 1440.00000000 51206.94857498824470809 1.00000 7 
 fake.rf 1440.00000000 51216.89048994710204710 1.00000 7 
 fake.rf 1440.00000000 51226.84109966416641058 1.00000 7 
 fake.rf 1440.00000000 51236.79510562767717374 1.00000 7 
 fake.rf 1440.00000000 51246.77194696468362167 1.00000 7 
 fake.rf 1440.00000000 51256.76552252595965697 1.00000 7 
 fake.rf 1440.00000000 51266.76332291183574696 1.00000 7 
 fake.rf 1440.00000000 51276.70547004450763140 1.00000 7 
 fake.rf 1440.00000000 51286.70992465492514256 1.00000 7 
 fake.rf 1440.00000000 51296.68882891575007221 1.00000 7 
 fake.rf 1440.00000000 51306.66668282587271932 1.00000 7 
 fake.rf 1440.00000000 51316.61002624339638700 1.00000 7 
 fake.rf 1440.00000000 51326.61106157107156633 1.00000 7 
 fake.rf 1440.00000000 51336.59142580954775781 1.00000 7 
 fake.rf 1440.00000000 51346.51580824941022385 1.00000 7 
 fake.rf 1440.00000000 51356.53906004663615548 1.00000 7 
 fake.rf 1440.00000000 51366.45608942388644991 1.00000 7 
 fake.rf 1440.00000000 51376.48123243988788289 1.00000 7 
 fake.rf 1440.00000000 51386.40551400098268431 1.00000 7 
 fake.rf 1440.00000000 51396.43408814400274309 1.00000 7 
 fake.rf 1440.00000000 51406.33381928118512150 1.00000 7 
 fake.rf 1440.00000000 51416.38131285261803782 1.00000 7 
 fake.rf 1440.00000000 51426.31492234877781655 1.00000 7 
 fake.rf 1440.00000000 51436.31639741314796055 1.00000 7 
 fake.rf 1440.00000000 51446.28377209376871093 1.00000 7 
 fake.rf 1440.00000000 51456.20998979556305741 1.00000 7 
 fake.rf 1440.00000000 51466.18811407451160278 1.00000 7 
 fake.rf 1440.00000000 51476.16715065105456972 1.00000 7 
 fake.rf 1440.00000000 51486.11394285773512891 1.00000 7 
 fake.rf 1440.00000000 51496.11396742559364981 1.00000 7 
 fake.rf 1440.00000000 51506.07664004275197556 1.00000 7 
 fake.rf 1440.00000000 51516.10485692152057879 1.00000 7 
 fake.rf 1440.00000000 51526.07410074980192860 1.00000 7 
 fake.rf 1440.00000000 51536.01468743251740534 1.00000 7 
 fake.rf 1440.00000000 51546.02421461450018469 1.00000 7 
 fake.rf 1440.00000000 51555.99760408895470221 1.00000 7 
 fake.rf 1440.00000000 51565.95907068228882508 1.00000 7 
 fake.rf 1440.00000000 51575.91036924483989878 1.00000 7 
 fake.rf 1440.00000000 51585.85321018533033310 1.00000 7 
 fake.rf 1440.00000000 51595.84643574522536369 1.00000 7 
 fake.rf 1440.00000000 51605.80394286499569745 1.00000 7 
 fake.rf 1440.00000000 51615.83527537269393903 1.00000 7 
 fake.rf 1440.00000000 51625.79914867505342002 1.00000 7 
 fake.rf 1440.00000000 51635.70166215109093955 1.00000 7 
 fake.rf 1440.00000000 51645.74066323141686041 1.00000 7 
 fake.rf 1440.00000000 51655.65622331623128005 1.00000 7 
 fake.rf 1440.00000000 51665.69262624408290918 1.00000 7 
 fake.rf 1440.00000000 51675.59262771560431915 1.00000 7 
 fake.rf 1440.00000000 51685.64396847834962756 1.00000 7 
 fake.rf 1440.00000000 51695.54862395155845434 1.00000 7 
 fake.rf 1440.00000000 51705.58783723383941222 1.00000 7 
 fake.rf 1440.00000000 51715.56621348060074794 1.00000 7 
 fake.rf 1440.00000000 51725.46233350943732532 1.00000 7 
 fake.rf 1440.00000000 51735.46246061285337703 1.00000 7 
 fake.rf 1440.00000000 51745.46961626484166885 1.00000 7 
 fake.rf 1440.00000000 51755.44374867296751930 1.00000 7 
 fake.rf 1440.00000000 51765.39739774987101839 1.00000 7 
 fake.rf 1440.00000000 51775.32664871427012443 1.00000 7 
 fake.rf 1440.00000000 51785.30712202339954331 1.00000 7 
 fake.rf 1440.00000000 51795.31820100703711773 1.00000 7 
 fake.rf 1440.00000000 51805.27478086352998332 1.00000 7 
 fake.rf 1440.00000000 51815.24523113494889159 1.00000 7 
 fake.rf 1440.00000000 51825.22849796856521465 1.00000 7 
 fake.rf 1440.00000000 51835.18162599254558742 1.00000 7 
 fake.rf 1440.00000000 51845.20330063261627984 1.00000 7 
 fake.rf 1440.00000000 51855.14006561482411328 1.00000 7 
 fake.rf 1440.00000000 51865.09388748700779814 1.00000 7 
 fake.rf 1440.00000000 51875.10433304218835104 1.00000 7 
 fake.rf 1440.00000000 51885.01970092423528413 1.00000 7 
 fake.rf 1440.00000000 51895.02700135071940934 1.00000 7 
 fake.rf 1440.00000000 51904.97464348419527269 1.00000 7 
 fake.rf 1440.00000000 51914.95815616933795056 1.00000 7 
 fake.rf 1440.00000000 51924.94076012064210346 1.00000 7 
 fake.rf 1440.00000000 51934.96291322308341165 1.00000 7 
 fake.rf 1440.00000000 51944.87624373524284138 1.00000 7 
 fake.rf 1440.00000000 51954.84181974719534125 1.00000 7 
 fake.rf 1440.00000000 51964.80683723648213856 1.00000 7 
 fake.rf 1440.00000000 51974.78387501834030715 1.00000 7 
 fake.rf 1440.00000000 51984.76009014369332917 1.00000 7 
 fake.rf 1440.00000000 51994.72041945557868203 1.00000 7 
 fake.rf 1440.00000000 52004.71275033807137333 1.00000 7 
 fake.rf 1440.00000000 52014.67214975214598383 1.00000 7 
 fake.rf 1440.00000000 52024.63815965943271635 1.00000 7 
 fake.rf 1440.00000000 52034.63724827416988816 1.00000 7 
 fake.rf 1440.00000000 52044.62407906857804107 1.00000 7 
 fake.rf 1440.00000000 52054.62454895744885519 1.00000 7 
 fake.rf 1440.00000000 52064.54174096544120687 1.00000 7 
 fake.rf 1440.00000000 52074.50952524119344389 1.00000 7 
 fake.rf 1440.00000000 52084.54988371945063008 1.00000 7 
 fake.rf 1440.00000000 52094.47485338705830671 1.00000 7 
 fake.rf 1440.00000000 52104.48102093618419062 1.00000 7 
 fake.rf 1440.00000000 52114.42193030456428460 1.00000 7 
 fake.rf 1440.00000000 52124.42798789112217506 1.00000 7 
 fake.rf 1440.00000000 52134.36139330600466835 1.00000 7 
 fake.rf 1440.00000000 52144.36606836210724580 1.00000 7 
 fake.rf 1440.00000000 52154.33777152070364380 1.00000 7 
 fake.rf 1440.00000000 52164.31857961705475191 1.00000 7 
 fake.rf 1440.00000000 52174.30438088611776948 1.00000 7 
 fake.rf 1440.00000000 52184.23050059918669419 1.00000 7 
 fake.rf 1440.00000000 52194.23731427301041208 1.00000 7 
 fake.rf 1440.00000000 52204.17438696957731281 1.00000 7 
 fake.rf 1440.00000000 52214.15878644604420344 1.00000 7 
 fake.rf 1440.00000000 52224.09308383484144755 1.00000 7 
 fake.rf 1440.00000000 52234.12339811609322382 1.00000 7 
 fake.rf 1440.00000000 52244.07392171238807066 1.00000 7 
 fake.rf 1440.00000000 52254.03218725447924342 1.00000 7 
 fake.rf 1440.00000000 52264.05538192348783255 1.00000 7 
 fake.rf 1440.00000000 52273.99822733182384837 1.00000 7 
 fake.rf 1440.00000000 52283.96083495312552714 1.00000 7 
 fake.rf 1440.00000000 52293.90421578582935425 1.00000 7 
 fake.rf 1440.00000000 52303.91802816842960056 1.00000 7 
 fake.rf 1440.00000000 52313.90027102391753999 1.00000 7 
 fake.rf 1440.00000000 52323.83035559386042479 1.00000 7 
 fake.rf 1440.00000000 52333.83748218778847772 1.00000 7 
 fake.rf 1440.00000000 52343.84611800485915367 1.00000 7 
 fake.rf 1440.00000000 52353.79033772316504525 1.00000 7 
 fake.rf 1440.00000000 52363.74190518188152410 1.00000 7 
 fake.rf 1440.00000000 52373.69503736011020223 1.00000 7 
 fake.rf 1440.00000000 52383.71767897423629279 1.00000 7 
 fake.rf 1440.00000000 52393.65357597015326618 1.00000 7 
 fake.rf 1440.00000000 52403.64231545561103687 1.00000 7 
 fake.rf 1440.00000000 52413.61509565587143200 1.00000 7 
 fake.rf 1440.00000000 52423.60253965175386881 1.00000 7 
 fake.rf 1440.00000000 52433.54130769644438104 1.00000 7 
 fake.rf 1440.00000000 52443.55813098944376449 1.00000 7 
 fake.rf 1440.00000000 52453.49422104890255980 1.00000 7 
 fake.rf 1440.00000000 52463.51532992426944446 1.00000 7 
 fake.rf 1440.00000000 52473.45693233191568794 1.00000 7 
 fake.rf 1440.00000000 52483.40612799715075099 1.00000 7 
 fake.rf 1440.00000000 52493.38066091771176147 1.00000 7 
 fake.rf 1440.00000000 52503.35638127458911129 1.00000 7 
 fake.rf 1440.00000000 52513.35328732295356247 1.00000 7 
 fake.rf 1440.00000000 52523.33952410523074406 1.00000 7 
 fake.rf 1440.00000000 52533.27684613342579922 1.00000 7 
 fake.rf 1440.00000000 52543.24803746510787761 1.00000 7 
 fake.rf 1440.00000000 52553.21210217059534386 1.00000 7 
 fake.rf 1440.00000000 52563.21832742784257064 1.00000 7 
 fake.rf 1440.00000000 52573.15668442327592302 1.00000 7 
 fake.rf 1440.00000000 52583.17423221861554694 1.00000 7 
 fake.rf 1440.00000000 52593.08703609232883025 1.00000 7 
 fake.rf 1440.00000000 52603.07941160126033253 1.00000 7 
 fake.rf 1440.00000000 52613.05474276893659535 1.00000 7 
 fake.rf 1440.00000000 52623.06042716081229216 1.00000 7 
 fake.rf 1440.00000000 52633.01019153650518589 1.00000 7 
 fake.rf 1440.00000000 52643.01995366777248009 1.00000 7 
 fake.rf 1440.00000000 52652.97824490002883380 1.00000 7 
 fake.rf 1440.00000000 52662.89953329920379588 1.00000 7 
 fake.rf 1440.00000000 52672.88816722353289990 1.00000 7 
 fake.rf 1440.00000000 52682.91022829518654191 1.00000 7 
 fake.rf 1440.00000000 52692.88146267650199661 1.00000 7 
 fake.rf 1440.00000000 52702.83329790537857562 1.00000 7 
 fake.rf 1440.00000000 52712.78806940886070720 1.00000 7 
 fake.rf 1440.00000000 52722.75938835748335620 1.00000 7 
 fake.rf 1440.00000000 52732.72597191085740320 1.00000 7 
 fake.rf 1440.00000000 52742.73014916675831287 1.00000 7 
 fake.rf 1440.00000000 52752.66226234535197293 1.00000 7 
 fake.rf 1440.00000000 52762.67557368719694821 1.00000 7 
 fake.rf 1440.00000000 52772.64483077398566024 1.00000 7 
 fake.rf 1440.00000000 52782.62918406569236751 1.00000 7 
 fake.rf 1440.00000000 52792.53566203066839080 1.00000 7 
 fake.rf 1440.00000000 52802.59008975298344879 1.00000 7 
 fake.rf 1440.00000000 52812.49413437316619735 1.00000 7 
 fake.rf 1440.00000000 52822.50815606068180585 1.00000 7 
 fake.rf 1440.00000000 52832.49279153116410512 1.00000 7 
 fake.rf 1440.00000000 52842.44479589480821957 1.00000 7 
 fake.rf 1440.00000000 52852.37397987310039937 1.00000 7 
 fake.rf 1440.00000000 52862.34998443997064399 1.00000 7 
 fake.rf 1440.00000000 52872.33551835598015245 1.00000 7 
 fake.rf 1440.00000000 52882.31369700168953329 1.00000 7 
 fake.rf 1440.00000000 52892.33455371945197498 1.00000 7 
 fake.rf 1440.00000000 52902.26019582148199305 1.00000 7 
 fake.rf 1440.00000000 52912.25805431766329789 1.00000 7 
 fake.rf 1440.00000000 52922.19821319180929819 1.00000 7 
 fake.rf 1440.00000000 52932.15684401904799117 1.00000 7 
 fake.rf 1440.00000000 52942.13177121949368242 1.00000 7 
 fake.rf 1440.00000000 52952.10899655691267895 1.00000 7 
 fake.rf 1440.00000000 52962.13655628717901536 1.00000 7 
 fake.rf 1440.00000000 52972.06007622128653622 1.00000 7 
 fake.rf 1440.00000000 52982.05323978683009400 1.00000 7 
 fake.rf 1440.00000000 52992.04683160266823094 1.00000 7 
 fake.rf 1440.00000000 53001.96889026928083410 1.00000 7 
 fake.rf 1440.00000000 53011.94119338834207511 1.00000 7 
 fake.rf 1440.00000000 53021.91686106844434434 1.00000 7 
 fake.rf 1440.00000000 53031.92087630476280680 1.00000 7 
 fake.rf 1440.00000000 53041.88706734837143841 1.00000 7 
 fake.rf 1440.00000000 53051.89421658467875531 1.00000 7 
 fake.rf 1440.00000000 53061.85764935946361831 1.00000 7 
 fake.rf 1440.00000000 53071.78112272481730471 1.00000 7 
 fake.rf 1440.00000000 53081.78483341692763986 1.00000 7 
 fake.rf 1440.00000000 53091.75992380763509715 1.00000 7 
 fake.rf 1440.00000000 53101.70051279508775366 1.00000 7 
 fake.rf 1440.00000000 53111.70262218501560270 1.00000 7 
 fake.rf 1440.00000000 53121.69239486728345057 1.00000 7 
 fake.rf 1440.00000000 53131.67430985344895689 1.00000 7 
 fake.rf 1440.00000000 53141.60502574809910570 1.00000 7 
 fake.rf 1440.00000000 53151.57410710886911431 1.00000 7 
 fake.rf 1440.00000000 53161.59584379265266563 1.00000 7 
 fake.rf 1440.00000000 53171.52986855214930628 1.00000 7 
 fake.rf 1440.00000000 53181.51178815074151984 1.00000 7 
 fake.rf 1440.00000000 53191.45567451671975689 1.00000 7 
 fake.rf 1440.00000000 53201.43786030851512336 1.00000 7 
 fake.rf 1440.00000000 53211.45605966513886287 1.00000 7 
 fake.rf 1440.00000000 53221.42510885775207541 1.00000 7 
 fake.rf 1440.00000000 53231.37475784888311381 1.00000 7 
 fake.rf 1440.00000000 53241.37889239746890269 1.00000 7 
 fake.rf 1440.00000000 53251.35017308925397472 1.00000 7 
 fake.rf 1440.00000000 53261.30435175816796445 1.00000 7 
 fake.rf 1440.00000000 53271.28001704637630809 1.00000 7 
 fake.rf 1440.00000000 53281.20212202769276288 1.00000 7 
 fake.rf 1440.00000000 53291.17676858463131140 1.00000 7 
 fake.rf 1440.00000000 53301.17333000011759481 1.00000 7 
 fake.rf 1440.00000000 53311.12813131341588502 1.00000 7 
 fake.rf 1440.00000000 53321.10238533384272586 1.00000 7 
 fake.rf 1440.00000000 53331.10191878611632532 1.00000 7 
 fake.rf 1440.00000000 53341.08803964855508539 1.00000 7 
 fake.rf 1440.00000000 53351.05578904393093964 1.00000 7 
 fake.rf 1440.00000000 53361.00644272217208908 1.00000 7 
 fake.rf 1440.00000000 53370.98330074981915061 1.00000 7 
 fake.rf 1440.00000000 53380.98516112011914814 1.00000 7 
 fake.rf 1440.00000000 53390.96682980360901283 1.00000 7 
 fake.rf 1440.00000000 53400.94608256070659991 1.00000 7 
 fake.rf 1440.00000000 53410.91583629902296693 1.00000 7 
 fake.rf 1440.00000000 53420.84358534100613625 1.00000 7 
 fake.rf 1440.00000000 53430.83991510267340885 1.00000 7 
 fake.rf 1440.00000000 53440.81888818351818671 1.00000 7 
 fake.rf 1440.00000000 53450.78799082730049008 1.00000 7 
 fake.rf 1440.00000000 53460.78070625851417219 1.00000 7 
 fake.rf 1440.00000000 53470.72538700266138179 1.00000 7 
 fake.rf 1440.00000000 53480.65581875165577230 1.00000 7 
 fake.rf 1440.00000000 53490.65775812016173774 1.00000 7 
 fake.rf 1440.00000000 53500.65696287023719435 1.00000 7 
 fake.rf 1440.00000000 53510.59688476306667226 1.00000 7 
 fake.rf 1440.00000000 53520.56099448211388747 1.00000 7 
 fake.rf 1440.00000000 53530.55655271978717380 1.00000 7 
 fake.rf 1440.00000000 53540.55676130451217531 1.00000 7 
 fake.rf 1440.00000000 53550.46897658927668218 1.00000 7 
 fake.rf 1440.00000000 53560.46311987300524038 1.00000 7 
 fake.rf 1440.00000000 53570.44481139728977936 1.00000 7 
 fake.rf 1440.00000000 53580.44332966596170209 1.00000 7 
 fake.rf 1440.00000000 53590.38688226904768896 1.00000 7 
 fake.rf 1440.00000000 53600.37052469037418234 1.00000 7 
 fake.rf 1440.00000000 53610.30957537441648952 1.00000 7 
 fake.rf 1440.00000000 53620.31856692644707607 1.00000 7 
 fake.rf 1440.00000000 53630.30376772773290384 1.00000 7 
 fake.rf 1440.00000000 53640.26965619654697548 1.00000 7 
 fake.rf 1440.00000000 53650.20873964301878090 1.00000 7 
 fake.rf 1440.00000000 53660.18899412217574962 1.00000 7 
