FORMAT 1
MODE 1
 fake.rf 1440.00000000 50000.19705140484521166 1.00000 7 
 fake.rf 1440.00000000 50010.20689744437552093 1.00000 7 
 fake.rf 1440.00000000 50020.14720007918285560 1.00000 7 
 fake.rf 1440.00000000 50030.11861740210453675 1.00000 7 
 fake.rf 1440.00000000 50040.08187910870751836 1.00000 7 
 fake.rf 1440.00000000 50050.11408279049069847 1.00000 7 
 fake.rf 1440.00000000 50060.07530585091624076 1.00000 7 
 fake.rf 1440.00000000 50070.01191761443075023 1.00000 7 
 fake.rf 1440.00000000 50080.02548446509628022 1.00000 7 
 fake.rf 1440.00000000 50089.97516387504728996 1.00000 7 
 fake.rf 1440.00000000 50099.95424059992865295 1.00000 7 
 fake.rf 1440.00000000 50109.91431349854832078 1.00000 7 
 fake.rf 1440.00000000 50119.90901637048018813 1.00000 7 
 fake.rf 1440.00000000 50129.86932729222715466 1.00000 7 
 fake.rf 1440.00000000 50139.80545390196146371 1.00000 7 
 fake.rf 1440.00000000 50149.78115244522255978 1.00000 7 
 fake.rf 1440.00000000 50159.77722173635708103 1.00000 7 
 fake.rf 1440.00000000 50169.74311860547022235 1.00000 7 
 fake.rf 1440.00000000 50179.76378884803516200 1.00000 7 
 fake.rf 1440.00000000 50189.69770396359804465 1.00000 7 
 fake.rf 1440.00000000 50199.71962200658455089 1.00000 7 
 fake.rf 1440.00000000 50209.67343549059718910 1.00000 7 
 fake.rf 1440.00000000 50219.65493575951895622 1.00000 7 
 fake.rf 1440.00000000 50229.57205268820311517 1.00000 7 
 fake.rf 1440.00000000 50239.59870646358293911 1.00000 7 
 fake.rf 1440.00000000 50249.55104670112202569 1.00000 7 
 fake.rf 1440.00000000 50259.54633850010089802 1.00000 7 
 fake.rf 1440.00000000 50269.52078265064589502 1.00000 7 
 fake.rf 1440.00000000 50279.41930203819641321 1.00000 7 
 fake.rf 1440.00000000 50289.45705331218186274 1.00000 7 
 fake.rf 1440.00000000 50299.40519271803095691 1.00000 7 
 fake.rf 1440.00000000 50309.35070672235366374 1.00000 7 
 fake.rf 1440.00000000 50319.34227506914952599 1.00000 7 
 fake.rf 1440.00000000 50329.34135475866937881 1.00000 7 
 fake.rf 1440.00000000 50339.28559038732829833 1.00000 7 
 fake.rf 1440.00000000 50349.26772475913584870 1.00000 7 
 fake.rf 1440.00000000 50359.24297910306464132 1.00000 7 
 fake.rf 1440.00000000 50369.17574213173105946 1.00000 7 
 fake.rf 1440.00000000 50379.20512601876405512 1.00000 7 
 fake.rf 1440.00000000 50389.13791826363225823 1.00000 7 
 fake.rf 1440.00000000 50399.13099828881308184 1.00000 7 
 fake.rf 1440.00000000 50409.08342992602582910 1.00000 7 
 fake.rf 1440.00000000 50419.08693269478133203 1.00000 7 
 fake.rf 1440.00000000 50429.01868660154264390 1.00000 7 
 fake.rf 1440.00000000 50439.04206685476973249 1.00000 7 
 fake.rf 1440.00000000 50449.00900050591539170 1.00000 7 
 fake.rf 1440.00000000 50458.94375735504751646 1.00000 7 
 fake.rf 1440.00000000 50468.90717785377033167 1.00000 7 
 fake.rf 1440.00000000 50478.95064610594189247 1.00000 7 
 fake.rf 1440.00000000 50488.85004410605069225 1.00000 7 
 fake.rf 1440.00000000 50498.85801747001905326 1.00000 7 
 fake.rf 1440.00000000 50508.86737475563995048 1.00000 7 
 fake.rf 1440.00000000 50518.83122388232727218 1.00000 7 
 fake.rf 1440.00000000 50528.76466845421770913 1.00000 7 
 fake.rf 1440.00000000 50538.71844701625664342 1.00000 7 
 fake.rf 1440.00000000 50548.73625428290673156 1.00000 7 
 fake.rf 1440.00000000 50558.73267674692803553 1.00000 7 
 fake.rf 1440.00000000 50568.70905150036361420 1.00000 7 
 fake.rf 1440.00000000 50578.64527392261776129 1.00000 7 
 fake.rf 1440.00000000 50588.65085341828606502 1.00000 7 
 fake.rf 1440.00000000 50598.60895036728998164 1.00000 7 
 fake.rf 1440.00000000 50608.52061652656620794 1.00000 7 
 fake.rf 1440.00000000 50618.49901437119028458 1.00000 7 
 fake.rf 1440.00000000 50628.47598403977474391 1.00000 7 
 fake.rf 1440.00000000 50638.49736760482581133 1.00000 7 
 fake.rf 1440.00000000 50648.44730536694520495 1.00000 7 
 fake.rf 1440.00000000 50658.43371380752753197 1.00000 7 
 fake.rf 1440.00000000 50668.37432265059131353 1.00000 7 
 fake.rf 1440.00000000 50678.36766111747140329 1.00000 7 
 fake.rf 1440.00000000 50688.32742443893014794 1.00000 7 
 fake.rf 1440.00000000 50698.31146320091562529 1.00000 7 
 fake.rf 1440.00000000 50708.32518599385703340 1.00000 7 
 fake.rf 1440.00000000 50718.26468524348300448 1.00000 7 
 fake.rf 1440.00000000 50728.19619781044596252 1.00000 7 
 fake.rf 1440.00000000 50738.16897890856050779 1.00000 7 
 fake.rf 1440.00000000 50748.15916270491706896 1.00000 7 
 fake.rf 1440.00000000 50758.16824663507179594 1.00000 7 
 fake.rf 1440.00000000 50768.10308887881076956 1.00000 7 
 fake.rf 1440.00000000 50778.08399745934918457 1.00000 7 
 fake.rf 1440.00000000 50788.08052068588715144 1.00000 7 
 fake.rf 1440.00000000 50798.02539861893421502 1.00000 7 
 fake.rf 1440.00000000 50808.04158484480258906 1.00000 7 
 fake.rf 1440.00000000 50817.99143632258438430 1.00000 7 
 fake.rf 1440.00000000 50827.92746779756877018 1.00000 7 
 fake.rf 1440.00000000 50837.90440296179257373 1.00000 7 
 fake.rf 1440.00000000 50847.91867059793786154 1.00000 7 
 fake.rf 1440.00000000 50857.89981370971721475 1.00000 7 
 fake.rf 1440.00000000 50867.81714238687710861 1.00000 7 
 fake.rf 1440.00000000 50877.83508907486012163 1.00000 7 
 fake.rf 1440.00000000 50887.77975892245559209 1.00000 7 
 fake.rf 1440.00000000 50897.72997134347007986 1.00000 7 
 fake.rf 1440.00000000 50907.73331936147319610 1.00000 7 
 fake.rf 1440.00000000 50917.70029306260408219 1.00000 7 
 fake.rf 1440.00000000 50927.65620767945846836 1.00000 7 
 fake.rf 1440.00000000 50937.66382974939406125 1.00000 7 
 fake.rf 1440.00000000 50947.59615790027132576 1.00000 7 
 fake.rf 1440.00000000 50957.61264801104861277 1.00000 7 
 fake.rf 1440.00000000 50967.55064951477773150 1.00000 7 
 fake.rf 1440.00000000 50977.53422421031126888 1.00000 7 
 fake.rf 1440.00000000 50987.48802373491234974 1.00000 7 
 fake.rf 1440.00000000 50997.49642619312283998 1.00000 7 
 fake.rf 1440.00000000 51007.49134396500599564 1.00000 7 
 fake.rf 1440.00000000 51017.40283734363938350 1.00000 7 
 fake.rf 1440.00000000 51027.37804337783116537 1.00000 7 
 fake.rf 1440.00000000 51037.41511140325912166 1.00000 7 
 fake.rf 1440.00000000 51047.32669018229396229 1.00000 7 
 fake.rf 1440.00000000 51057.31938432824226126 1.00000 7 
 fake.rf 1440.00000000 51067.30950729268438693 1.00000 7 
 fake.rf 1440.00000000 51077.26656599491134969 1.00000 7 
 fake.rf 1440.00000000 51087.26747310906872102 1.00000 7 
 fake.rf 1440.00000000 51097.19809019317163745 1.00000 7 
 fake.rf 1440.00000000 51107.21066453725240564 1.00000 7 
 fake.rf 1440.00000000 51117.17172893056126526 1.00000 7 
 fake.rf 1440.00000000 51127.16283514132250687 1.00000 7 
 fake.rf 1440.00000000 51137.13874531633807052 1.00000 7 
 fake.rf 1440.00000000 51147.10404920196892320 1.00000 7 
 fake.rf 1440.00000000 51157.05339410356701180 1.00000 7 
 fake.rf 1440.00000000 51167.03775163026567796 1.00000 7 
 fake.rf 1440.00000000 51177.03102178395598898 1.00000 7 
 fake.rf 1440.00000000 51186.94228439414750298 1.00000 7 
 fake.rf 1440.00000000 51196.98194944432265174 1.00000 7 
 fake.rf 1440.00000000 51206.95273646650132093 1.00000 7 
 fake.rf 1440.00000000 51216.89465137394514826 1.00000 7 
 fake.rf 1440.00000000 51226.84526112588073588 1.00000 7 
 fake.rf 1440.00000000 51236.79926709726667156 1.00000 7 
 fake.rf 1440.00000000 51246.77610838966216988 1.00000 7 
 fake.rf 1440.00000000 51256.76968399876548688 1.00000 7 
 fake.rf 1440.00000000 51266.76748435186886255 1.00000 7 
 fake.rf 1440.00000000 51276.70963152057467838 1.00000 7 
 fake.rf 1440.00000000 51286.71408608692867404 1.00000 7 
 fake.rf 1440.00000000 51296.69299039804128526 1.00000 7 
 fake.rf 1440.00000000 51306.67084426649508444 1.00000 7 
 fake.rf 1440.00000000 51316.61418767297855936 1.00000 7 
 fake.rf 1440.00000000 51326.61522298020578248 1.00000 7 
 fake.rf 1440.00000000 51336.59558721901077050 1.00000 7 
 fake.rf 1440.00000000 51346.51996969476943633 1.00000 7 
 fake.rf 1440.00000000 51356.54322148819719018 1.00000 7 
 fake.rf 1440.00000000 51366.46025087472061088 1.00000 7 
 fake.rf 1440.00000000 51376.48539391470805171 1.00000 7 
 fake.rf 1440.00000000 51386.40967544007333956 1.00000 7 
 fake.rf 1440.00000000 51396.43824954607221045 1.00000 7 
 fake.rf 1440.00000000 51406.33798074962637514 1.00000 7 
 fake.rf 1440.00000000 51416.38547426112628358 1.00000 7 
 fake.rf 1440.00000000 51426.31908381294395127 1.00000 7 
 fake.rf 1440.00000000 51436.32055882726168861 1.00000 7 
 fake.rf 1440.00000000 51446.28793353674372923 1.00000 7 
 fake.rf 1440.00000000 51456.21415121706466778 1.00000 7 
 fake.rf 1440.00000000 51466.19227553099362993 1.00000 7 
 fake.rf 1440.00000000 51476.17131207374147905 1.00000 7 
 fake.rf 1440.00000000 51486.11810429580515702 1.00000 7 
 fake.rf 1440.00000000 51496.11812889205727117 1.00000 7 
 fake.rf 1440.00000000 51506.08080152915260896 1.00000 7 
 fake.rf 1440.00000000 51516.10901835062281862 1.00000 7 
 fake.rf 1440.00000000 51526.07826219128840251 1.00000 7 
 fake.rf 1440.00000000 51536.01884889213063801 1.00000 7 
 fake.rf 1440.00000000 51546.02837607687492394 1.00000 7 
 fake.rf 1440.00000000 51556.00176556186784893 1.00000 7 
 fake.rf 1440.00000000 51565.96323215121125472 1.00000 7 
 fake.rf 1440.00000000 51575.91453068398375237 1.00000 7 
 fake.rf 1440.00000000 51585.85737163543410233 1.00000 7 
 fake.rf 1440.00000000 51595.85059715919692636 1.00000 7 
 fake.rf 1440.00000000 51605.80810431484595568 1.00000 7 
 fake.rf 1440.00000000 51615.83943685880331387 1.00000 7 
 fake.rf 1440.00000000 51625.80331014354231911 1.00000 7 
 fake.rf 1440.00000000 51635.70582356921185152 1.00000 7 
 fake.rf 1440.00000000 51645.74482467077797665 1.00000 7 
 fake.rf 1440.00000000 51655.66038477212710944 1.00000 7 
 fake.rf 1440.00000000 51665.69678767200477409 1.00000 7 
 fake.rf 1440.00000000 51675.59678917429540945 1.00000 7 
 fake.rf 1440.00000000 51685.64812992742947273 1.00000 7 
 fake.rf 1440.00000000 51695.55278543636649857 1.00000 7 
 fake.rf 1440.00000000 51705.59199867224516112 1.00000 7 
 fake.rf 1440.00000000 51715.57037496786965391 1.00000 7 
 fake.rf 1440.00000000 51725.46649500570140390 1.00000 7 
 fake.rf 1440.00000000 51735.46662205566393311 1.00000 7 
 fake.rf 1440.00000000 51745.47377768612113158 1.00000 7 
 fake.rf 1440.00000000 51755.44791007855770104 1.00000 7 
 fake.rf 1440.00000000 51765.40155919192992329 1.00000 7 
 fake.rf 1440.00000000 51775.33081016966810139 1.00000 7 
 fake.rf 1440.00000000 51785.31128344125139762 1.00000 7 
 fake.rf 1440.00000000 51795.32236245725228585 1.00000 7 
 fake.rf 1440.00000000 51805.27894233950394920 1.00000 7 
 fake.rf 1440.00000000 51815.24939256397462017 1.00000 7 
 fake.rf 1440.00000000 51825.23265940552944997 1.00000 7 
 fake.rf 1440.00000000 51835.18578743971733047 1.00000 7 
 fake.rf 1440.00000000 51845.20746204483344499 1.00000 7 
 fake.rf 1440.00000000 51855.14422709378342802 1.00000 7 
 fake.rf 1440.00000000 51865.09804894509283457 1.00000 7 
 fake.rf 1440.00000000 51875.10849450495942037 1.00000 7 
 fake.rf 1440.00000000 51885.02386238818261077 1.00000 7 
 fake.rf 1440.00000000 51895.03116279551014856 1.00000 7 
 fake.rf 1440.00000000 51904.97880489331933873 1.00000 7 
 fake.rf 1440.00000000 51914.96231761033618213 1.00000 7 
 fake.rf 1440.00000000 51924.94492158228365142 1.00000 7 
 fake.rf 1440.00000000 51934.96707468308196098 1.00000 7 
 fake.rf 1440.00000000 51944.88040519329378597 1.00000 7 
 fake.rf 1440.00000000 51954.84598117864464939 1.00000 7 
 fake.rf 1440.00000000 51964.81099867985197349 1.00000 7 
 fake.rf 1440.00000000 51974.78803649015321042 1.00000 7 
 fake.rf 1440.00000000 51984.76425159662639075 1.00000 7 
 fake.rf 1440.00000000 51994.72458088848729929 1.00000 7 
 fake.rf 1440.00000000 52004.71691180788729270 1.00000 7 
 fake.rf 1440.00000000 52014.67631121585326071 1.00000 7 
 fake.rf 1440.00000000 52024.64232109467210563 1.00000 7 
 fake.rf 1440.00000000 52034.64140972834185916 1.00000 7 
 fake.rf 1440.00000000 52044.62824052502070415 1.00000 7 
 fake.rf 1440.00000000 52054.62871039248977212 1.00000 7 
 fake.rf 1440.00000000 52064.54590240412146329 1.00000 7 
 fake.rf 1440.00000000 52074.51368664556213162 1.00000 7 
 fake.rf 1440.00000000 52084.55404521266356710 1.00000 7 
 fake.rf 1440.00000000 52094.47901481616747432 1.00000 7 
 fake.rf 1440.00000000 52104.48518236209396193 1.00000 7 
 fake.rf 1440.00000000 52114.42609175685986500 1.00000 7 
 fake.rf 1440.00000000 52124.43214934874272259 1.00000 7 
 fake.rf 1440.00000000 52134.36555476794495334 1.00000 7 
 fake.rf 1440.00000000 52144.37022980790723992 1.00000 7 
 fake.rf 1440.00000000 52154.34193298030413644 1.00000 7 
 fake.rf 1440.00000000 52164.32274108694203107 1.00000 7 
 fake.rf 1440.00000000 52174.30854232276464089 1.00000 7 
 fake.rf 1440.00000000 52184.23466206543215762 1.00000 7 
 fake.rf 1440.00000000 52194.24147573933078093 1.00000 7 
 fake.rf 1440.00000000 52204.17854841051687487 1.00000 7 
 fake.rf 1440.00000000 52214.16294792934930769 1.00000 7 
 fake.rf 1440.00000000 52224.09724524924575917 1.00000 7 
 fake.rf 1440.00000000 52234.12755956424923554 1.00000 7 
 fake.rf 1440.00000000 52244.07808313735863948 1.00000 7 
 fake.rf 1440.00000000 52254.03634871079502844 1.00000 7 
 fake.rf 1440.00000000 52264.05954333554562297 1.00000 7 
 fake.rf 1440.00000000 52274.00238880256913276 1.00000 7 
 fake.rf 1440.00000000 52283.96499643327621953 1.00000 7 
 fake.rf 1440.00000000 52293.90837726038506261 1.00000 7 
 fake.rf 1440.00000000 52303.92218959893749286 1.00000 7 
 fake.rf 1440.00000000 52313.90443246738153960 1.00000 7 
 fake.rf 1440.00000000 52323.83451700652445737 1.00000 7 
 fake.rf 1440.00000000 52333.84164362326930942 1.00000 7 
 fake.rf 1440.00000000 52343.85027945249594339 1.00000 7 
 fake.rf 1440.00000000 52353.79449917253489133 1.00000 7 
 fake.rf 1440.00000000 52363.74606663456285816 1.00000 7 
 fake.rf 1440.00000000 52373.69919879775022409 1.00000 7 
 fake.rf 1440.00000000 52383.72184043700755396 1.00000 7 
 fake.rf 1440.00000000 52393.65773740982212203 1.00000 7 
 fake.rf 1440.00000000 52403.64647687687207522 1.00000 7 
 fake.rf 1440.00000000 52413.61925706034904948 1.00000 7 
 fake.rf 1440.00000000 52423.60670110032597080 1.00000 7 
 fake.rf 1440.00000000 52433.54546912466366493 1.00000 7 
 fake.rf 1440.00000000 52443.56229241755827886 1.00000 7 
 fake.rf 1440.00000000 52453.49838252023834784 1.00000 7 
 fake.rf 1440.00000000 52463.51949141739383009 1.00000 7 
 fake.rf 1440.00000000 52473.46109378830611902 1.00000 7 
 fake.rf 1440.00000000 52483.41028941729216228 1.00000 7 
 fake.rf 1440.00000000 52493.38482234745747590 1.00000 7 
 fake.rf 1440.00000000 52503.36054273977795859 1.00000 7 
 fake.rf 1440.00000000 52513.35744877373555539 1.00000 7 
 fake.rf 1440.00000000 52523.34368551310707218 1.00000 7 
 fake.rf 1440.00000000 52533.28100760239756895 1.00000 7 
 fake.rf 1440.00000000 52543.25219890178186333 1.00000 7 
 fake.rf 1440.00000000 52553.21626360661322863 1.00000 7 
 fake.rf 1440.00000000 52563.22248885461252144 1.00000 7 
 fake.rf 1440.00000000 52573.16084589077612677 1.00000 7 
 fake.rf 1440.00000000 52583.17839367836323561 1.00000 7 
 fake.rf 1440.00000000 52593.09119752987945873 1.00000 7 
 fake.rf 1440.00000000 52603.08357303290362950 1.00000 7 
 fake.rf 1440.00000000 52613.05890419820832093 1.00000 7 
 fake.rf 1440.00000000 52623.06458861193485532 1.00000 7 
 fake.rf 1440.00000000 52633.01435301978907333 1.00000 7 
 fake.rf 1440.00000000 52643.02411510120479932 1.00000 7 
 fake.rf 1440.00000000 52652.98240631575674442 1.00000 7 
 fake.rf 1440.00000000 52662.90369478222872246 1.00000 7 
 fake.rf 1440.00000000 52672.89232869075709331 1.00000 7 
 fake.rf 1440.00000000 52682.91438971829316529 1.00000 7 
 fake.rf 1440.00000000 52692.88562414088786312 1.00000 7 
 fake.rf 1440.00000000 52702.83745935028789376 1.00000 7 
 fake.rf 1440.00000000 52712.79223085509605440 1.00000 7 
 fake.rf 1440.00000000 52722.76354979376254306 1.00000 7 
 fake.rf 1440.00000000 52732.73013337344754348 1.00000 7 
 fake.rf 1440.00000000 52742.73431057174640912 1.00000 7 
 fake.rf 1440.00000000 52752.66642379181500289 1.00000 7 
 fake.rf 1440.00000000 52762.67973514726985940 1.00000 7 
 fake.rf 1440.00000000 52772.64899224681574097 1.00000 7 
 fake.rf 1440.00000000 52782.63334551736104672 1.00000 7 
 fake.rf 1440.00000000 52792.53982350289627945 1.00000 7 
 fake.rf 1440.00000000 52802.59425122908681871 1.00000 7 
 fake.rf 1440.00000000 52812.49829580213917524 1.00000 7 
 fake.rf 1440.00000000 52822.51231748412811129 1.00000 7 
 fake.rf 1440.00000000 52832.49695296004143685 1.00000 7 
 fake.rf 1440.00000000 52842.44895730938408107 1.00000 7 
 fake.rf 1440.00000000 52852.37814130928493839 1.00000 7 
 fake.rf 1440.00000000 52862.35414587266521025 1.00000 7 
 fake.rf 1440.00000000 52872.33967978627674356 1.00000 7 
 fake.rf 1440.00000000 52882.31785848667086114 1.00000 7 
 fake.rf 1440.00000000 52892.33871515088745596 1.00000 7 
 fake.rf 1440.00000000 52902.26435727304554391 1.00000 7 
 fake.rf 1440.00000000 52912.26221573637279150 1.00000 7 
 fake.rf 1440.00000000 52922.20237463673448630 1.00000 7 
 fake.rf 1440.00000000 52932.16100547186241698 1.00000 7 
 fake.rf 1440.00000000 52942.13593264418842210 1.00000 7 
 fake.rf 1440.00000000 52952.11315798767055085 1.00000 7 
 fake.rf 1440.00000000 52962.14071771271518330 1.00000 7 
 fake.rf 1440.00000000 52972.06423769227858855 1.00000 7 
 fake.rf 1440.00000000 52982.05740122931710090 1.00000 7 
 fake.rf 1440.00000000 52992.05099305436457513 1.00000 7 
 fake.rf 1440.00000000 53001.97305169397497338 1.00000 7 
 fake.rf 1440.00000000 53011.94535484585528451 1.00000 7 
 fake.rf 1440.00000000 53021.92102248478247617 1.00000 7 
 fake.rf 1440.00000000 53031.92503775224731299 1.00000 7 
 fake.rf 1440.00000000 53041.89122876761801706 1.00000 7 
 fake.rf 1440.00000000 53051.89837798920257228 1.00000 7 
 fake.rf 1440.00000000 53061.86181082842050216 1.00000 7 
 fake.rf 1440.00000000 53071.78528414084945908 1.00000 7 
 fake.rf 1440.00000000 53081.78899486591731716 1.00000 7 
 fake.rf 1440.00000000 53091.76408520329356122 1.00000 7 
 fake.rf 1440.00000000 53101.70467426074007733 1.00000 7 
 fake.rf 1440.00000000 53111.70678365393596110 1.00000 7 
 fake.rf 1440.00000000 53121.69655631543177776 1.00000 7 
 fake.rf 1440.00000000 53131.67847134745482052 1.00000 7 
 fake.rf 1440.00000000 53141.60918720200495358 1.00000 7 
 fake.rf 1440.00000000 53151.57826854538548034 1.00000 7 
 fake.rf 1440.00000000 53161.60000522791208155 1.00000 7 
 fake.rf 1440.00000000 53171.53403000138449386 1.00000 7 
 fake.rf 1440.00000000 53181.51594960454904637 1.00000 7 
 fake.rf 1440.00000000 53191.45983596914614822 1.00000 7 
 fake.rf 1440.00000000 53201.44202177203355220 1.00000 7 
 fake.rf 1440.00000000 53211.46022111849358538 1.00000 7 
 fake.rf 1440.00000000 53221.42927028514573706 1.00000 7 
 fake.rf 1440.00000000 53231.37891929663124913 1.00000 7 
 fake.rf 1440.00000000 53241.38305382589617309 1.00000 7 
 fake.rf 1440.00000000 53251.35433453685020666 1.00000 7 
 fake.rf 1440.00000000 53261.30851316643852655 1.00000 7 
 fake.rf 1440.00000000 53271.28417850162031755 1.00000 7 
 fake.rf 1440.00000000 53281.20628347184601736 1.00000 7 
 fake.rf 1440.00000000 53291.18093004994097939 1.00000 7 
 fake.rf 1440.00000000 53301.17749149062383651 1.00000 7 
 fake.rf 1440.00000000 53311.13229274869250673 1.00000 7 
 fake.rf 1440.00000000 53321.10654680050104304 1.00000 7 
 fake.rf 1440.00000000 53331.10608019274874181 1.00000 7 
 fake.rf 1440.00000000 53341.09220111021024735 1.00000 7 
 fake.rf 1440.00000000 53351.05995052309430093 1.00000 7 
 fake.rf 1440.00000000 53361.01060412624420337 1.00000 7 
 fake.rf 1440.00000000 53370.98746217508999834 1.00000 7 
 fake.rf 1440.00000000 53380.98932256927635009 1.00000 7 
 fake.rf 1440.00000000 53390.97099127150422859 1.00000 7 
 fake.rf 1440.00000000 53400.95024400324868452 1.00000 7 
 fake.rf 1440.00000000 53410.91999769869208947 1.00000 7 
 fake.rf 1440.00000000 53420.84774680311507211 1.00000 7 
 fake.rf 1440.00000000 53430.84407653647137693 1.00000 7 
 fake.rf 1440.00000000 53440.82304962912082757 1.00000 7 
 fake.rf 1440.00000000 53450.79215223519368294 1.00000 7 
 fake.rf 1440.00000000 53460.78486773036435764 1.00000 7 
 fake.rf 1440.00000000 53470.72954847594663264 1.00000 7 
 fake.rf 1440.00000000 53480.65998019365742167 1.00000 7 
 fake.rf 1440.00000000 53490.66191956101424054 1.00000 7 
 fake.rf 1440.00000000 53500.66112430848688675 1.00000 7 
 fake.rf 1440.00000000 53510.60104621345112008 1.00000 7 
 fake.rf 1440.00000000 53520.56515590835726570 1.00000 7 
 fake.rf 1440.00000000 53530.56071418277786833 1.00000 7 
 fake.rf 1440.00000000 53540.56092272906309404 1.00000 7 
 fake.rf 1440.00000000 53550.47313805495654293 1.00000 7 
 fake.rf 1440.00000000 53560.46728129298893251 1.00000 7 
 fake.rf 1440.00000000 53570.44897283812964517 1.00000 7 
 fake.rf 1440.00000000 53580.44749113368060733 1.00000 7 
 fake.rf 1440.00000000 53590.39104369479420953 1.00000 7 
 fake.rf 1440.00000000 53600.37468612074640717 1.00000 7 
 fake.rf 1440.00000000 53610.31373680444667329 1.00000 7 
 fake.rf 1440.00000000 53620.32272836600769850 1.00000 7 
 fake.rf 1440.00000000 53630.30792915223473827 1.00000 7 
 fake.rf 1440.00000000 53640.27381764063215996 1.00000 7 
 fake.rf 1440.00000000 53650.21290105034596962 1.00000 7 
 fake.rf 1440.00000000 53660.19315554424688486 1.00000 7 
