FORMAT 1
MODE 1
 fake.rf 1440.00000000 50000.20760918149398933 1.00000 7 
 fake.rf 1440.00000000 50010.21745524803955973 1.00000 7 
 fake.rf 1440.00000000 50020.15775786536006109 1.00000 7 
 fake.rf 1440.00000000 50030.12917515531714585 1.00000 7 
 fake.rf 1440.00000000 50040.09243687162953407 1.00000 7 
 fake.rf 1440.00000000 50050.12464055868500878 1.00000 7 
 fake.rf 1440.00000000 50060.08586357166074166 1.00000 7 
 fake.rf 1440.00000000 50070.02247533397748214 1.00000 7 
 fake.rf 1440.00000000 50080.03604229154073124 1.00000 7 
 fake.rf 1440.00000000 50089.98572164150521857 1.00000 7 
 fake.rf 1440.00000000 50099.96479838737172940 1.00000 7 
 fake.rf 1440.00000000 50109.92487126285928767 1.00000 7 
 fake.rf 1440.00000000 50119.91957412674475236 1.00000 7 
 fake.rf 1440.00000000 50129.87988507295820639 1.00000 7 
 fake.rf 1440.00000000 50139.81601166649410217 1.00000 7 
 fake.rf 1440.00000000 50149.79171021470478919 1.00000 7 
 fake.rf 1440.00000000 50159.78777949601859731 1.00000 7 
 fake.rf 1440.00000000 50169.75367642202790464 1.00000 7 
 fake.rf 1440.00000000 50179.77434663838693396 1.00000 7 
 fake.rf 1440.00000000 50189.70826174371332584 1.00000 7 
 fake.rf 1440.00000000 50199.73017975589368689 1.00000 7 
 fake.rf 1440.00000000 50209.68399328139801696 1.00000 7 
 fake.rf 1440.00000000 50219.66549352315194454 1.00000 7 
 fake.rf 1440.00000000 50229.58261040813182774 1.00000 7 
 fake.rf 1440.00000000 50239.60926424483790953 1.00000 7 
 fake.rf 1440.00000000 50249.56160447346382014 1.00000 7 
 fake.rf 1440.00000000 50259.55689630394890344 1.00000 7 
 fake.rf 1440.00000000 50269.53134041331469817 1.00000 7 
 fake.rf 1440.00000000 50279.42985978315337547 1.00000 7 
 fake.rf 1440.00000000 50289.46761111247620946 1.00000 7 
 fake.rf 1440.00000000 50299.41575044789146887 1.00000 7 
 fake.rf 1440.00000000 50309.36126445716404731 1.00000 7 
 fake.rf 1440.00000000 50319.35283285468943504 1.00000 7 
 fake.rf 1440.00000000 50329.35191253454343396 1.00000 7 
 fake.rf 1440.00000000 50339.29614811931632090 1.00000 7 
 fake.rf 1440.00000000 50349.27828256202222335 1.00000 7 
 fake.rf 1440.00000000 50359.25353689557578107 1.00000 7 
 fake.rf 1440.00000000 50369.18629993239788334 1.00000 7 
 fake.rf 1440.00000000 50379.21568375190404865 1.00000 7 
 fake.rf 1440.00000000 50389.14847600007138340 1.00000 7 
 fake.rf 1440.00000000 50399.14155610126925566 1.00000 7 
 fake.rf 1440.00000000 50409.09398764982668339 1.00000 7 
 fake.rf 1440.00000000 50419.09749043528390544 1.00000 7 
 fake.rf 1440.00000000 50429.02924436737640690 1.00000 7 
 fake.rf 1440.00000000 50439.05262457759331340 1.00000 7 
 fake.rf 1440.00000000 50449.01955830358036792 1.00000 7 
 fake.rf 1440.00000000 50458.95431509385083757 1.00000 7 
 fake.rf 1440.00000000 50468.91773563909308464 1.00000 7 
 fake.rf 1440.00000000 50478.96120389604307022 1.00000 7 
 fake.rf 1440.00000000 50488.86060191069319458 1.00000 7 
 fake.rf 1440.00000000 50498.86857523506628098 1.00000 7 
 fake.rf 1440.00000000 50508.87793251200495348 1.00000 7 
 fake.rf 1440.00000000 50518.84178169927760749 1.00000 7 
 fake.rf 1440.00000000 50528.77522624772549875 1.00000 7 
 fake.rf 1440.00000000 50538.72900477069627101 1.00000 7 
 fake.rf 1440.00000000 50548.74681208671479027 1.00000 7 
 fake.rf 1440.00000000 50558.74323456098862550 1.00000 7 
 fake.rf 1440.00000000 50568.71960925935750453 1.00000 7 
 fake.rf 1440.00000000 50578.65583168569243355 1.00000 7 
 fake.rf 1440.00000000 50588.66141119782341917 1.00000 7 
 fake.rf 1440.00000000 50598.61950814478428384 1.00000 7 
 fake.rf 1440.00000000 50608.53117433366785960 1.00000 7 
 fake.rf 1440.00000000 50618.50957216396476923 1.00000 7 
 fake.rf 1440.00000000 50628.48654186091368601 1.00000 7 
 fake.rf 1440.00000000 50638.50792536148141210 1.00000 7 
 fake.rf 1440.00000000 50648.45786312647998884 1.00000 7 
 fake.rf 1440.00000000 50658.44427156751945063 1.00000 7 
 fake.rf 1440.00000000 50668.38488046071162429 1.00000 7 
 fake.rf 1440.00000000 50678.37821887133179999 1.00000 7 
 fake.rf 1440.00000000 50688.33798218753208786 1.00000 7 
 fake.rf 1440.00000000 50698.32202093782573726 1.00000 7 
 fake.rf 1440.00000000 50708.33574378873216659 1.00000 7 
 fake.rf 1440.00000000 50718.27524303996439414 1.00000 7 
 fake.rf 1440.00000000 50728.20675558059092225 1.00000 7 
 fake.rf 1440.00000000 50738.17953669928050076 1.00000 7 
 fake.rf 1440.00000000 50748.16972046957795683 1.00000 7 
 fake.rf 1440.00000000 50758.17880436170262115 1.00000 7 
 fake.rf 1440.00000000 50768.11364662409759063 1.00000 7 
 fake.rf 1440.00000000 50778.09455523951665512 1.00000 7 
 fake.rf 1440.00000000 50788.09107841991755805 1.00000 7 
 fake.rf 1440.00000000 50798.03595637235578408 1.00000 7 
 fake.rf 1440.00000000 50808.05214267869543932 1.00000 7 
 fake.rf 1440.00000000 50818.00199414454066016 1.00000 7 
 fake.rf 1440.00000000 50827.93802557991840985 1.00000 7 
 fake.rf 1440.00000000 50837.91496075684165845 1.00000 7 
 fake.rf 1440.00000000 50847.92922839606069019 1.00000 7 
 fake.rf 1440.00000000 50857.91037149051845745 1.00000 7 
 fake.rf 1440.00000000 50867.82770011920453257 1.00000 7 
 fake.rf 1440.00000000 50877.84564682423242843 1.00000 7 
 fake.rf 1440.00000000 50887.79031670155034206 1.00000 7 
 fake.rf 1440.00000000 50897.74052913147434651 1.00000 7 
 fake.rf 1440.00000000 50907.74387717460454539 1.00000 7 
 fake.rf 1440.00000000 50917.71085085408602211 1.00000 7 
 fake.rf 1440.00000000 50927.66676547791900376 1.00000 7 
 fake.rf 1440.00000000 50937.67438751473801162 1.00000 7 
 fake.rf 1440.00000000 50947.60671566040118208 1.00000 7 
 fake.rf 1440.00000000 50957.62320579817899002 1.00000 7 
 fake.rf 1440.00000000 50967.56120726199407756 1.00000 7 
 fake.rf 1440.00000000 50977.54478198061294236 1.00000 7 
 fake.rf 1440.00000000 50987.49858148355763632 1.00000 7 
 fake.rf 1440.00000000 50997.50698395262275753 1.00000 7 
 fake.rf 1440.00000000 51007.50190174802779453 1.00000 7 
 fake.rf 1440.00000000 51017.41339513189877763 1.00000 7 
 fake.rf 1440.00000000 51027.38860114753187602 1.00000 7 
 fake.rf 1440.00000000 51037.42566919446697682 1.00000 7 
 fake.rf 1440.00000000 51047.33724800006705991 1.00000 7 
 fake.rf 1440.00000000 51057.32994209929601226 1.00000 7 
 fake.rf 1440.00000000 51067.32006506650358446 1.00000 7 
 fake.rf 1440.00000000 51077.27712380543291459 1.00000 7 
 fake.rf 1440.00000000 51087.27803089064088837 1.00000 7 
 fake.rf 1440.00000000 51097.20864801023135726 1.00000 7 
 fake.rf 1440.00000000 51107.22122236940490225 1.00000 7 
 fake.rf 1440.00000000 51117.18228671802421204 1.00000 7 
 fake.rf 1440.00000000 51127.17339292697136699 1.00000 7 
 fake.rf 1440.00000000 51137.14930309921924589 1.00000 7 
 fake.rf 1440.00000000 51147.11460694561662166 1.00000 7 
 fake.rf 1440.00000000 51157.06395187315717976 1.00000 7 
 fake.rf 1440.00000000 51167.04830939577100679 1.00000 7 
 fake.rf 1440.00000000 51177.04157960106072522 1.00000 7 
 fake.rf 1440.00000000 51186.95284218327048009 1.00000 7 
 fake.rf 1440.00000000 51196.99250722257269786 1.00000 7 
 fake.rf 1440.00000000 51206.96329424413721298 1.00000 7 
 fake.rf 1440.00000000 51216.90520918040621723 1.00000 7 
 fake.rf 1440.00000000 51226.85581889971473757 1.00000 7 
 fake.rf 1440.00000000 51236.80982484618245465 1.00000 7 
 fake.rf 1440.00000000 51246.78666617754663548 1.00000 7 
 fake.rf 1440.00000000 51256.78024172934466662 1.00000 7 
 fake.rf 1440.00000000 51266.77804213011686230 1.00000 7 
 fake.rf 1440.00000000 51276.72018924704915577 1.00000 7 
 fake.rf 1440.00000000 51286.72464388914119837 1.00000 7 
 fake.rf 1440.00000000 51296.70354813829373697 1.00000 7 
 fake.rf 1440.00000000 51306.68140204102288138 1.00000 7 
 fake.rf 1440.00000000 51316.62474546389533359 1.00000 7 
 fake.rf 1440.00000000 51326.62578076208072986 1.00000 7 
 fake.rf 1440.00000000 51336.60614502544408921 1.00000 7 
 fake.rf 1440.00000000 51346.53052745396185585 1.00000 7 
 fake.rf 1440.00000000 51356.55377928074355509 1.00000 7 
 fake.rf 1440.00000000 51366.47080861454401557 1.00000 7 
 fake.rf 1440.00000000 51376.49595165419689735 1.00000 7 
 fake.rf 1440.00000000 51386.42023320472443260 1.00000 7 
 fake.rf 1440.00000000 51396.44880737752460931 1.00000 7 
 fake.rf 1440.00000000 51406.34853850248433105 1.00000 7 
 fake.rf 1440.00000000 51416.39603205411469844 1.00000 7 
 fake.rf 1440.00000000 51426.32964155498104475 1.00000 7 
 fake.rf 1440.00000000 51436.33111662646696516 1.00000 7 
 fake.rf 1440.00000000 51446.29849131831956299 1.00000 7 
 fake.rf 1440.00000000 51456.22470902993711306 1.00000 7 
 fake.rf 1440.00000000 51466.20283329214385404 1.00000 7 
 fake.rf 1440.00000000 51476.18186989485200300 1.00000 7 
 fake.rf 1440.00000000 51486.12866208387002231 1.00000 7 
 fake.rf 1440.00000000 51496.12868664329993962 1.00000 7 
 fake.rf 1440.00000000 51506.09135928731346610 1.00000 7 
 fake.rf 1440.00000000 51516.11957611668829671 1.00000 7 
 fake.rf 1440.00000000 51526.08881996768724676 1.00000 7 
 fake.rf 1440.00000000 51536.02940666787968738 1.00000 7 
 fake.rf 1440.00000000 51546.03893385429338636 1.00000 7 
 fake.rf 1440.00000000 51556.01232329149522471 1.00000 7 
 fake.rf 1440.00000000 51565.97378989708806429 1.00000 7 
 fake.rf 1440.00000000 51575.92508846451732296 1.00000 7 
 fake.rf 1440.00000000 51585.86792940965245080 1.00000 7 
 fake.rf 1440.00000000 51595.86115494161193240 1.00000 7 
 fake.rf 1440.00000000 51605.81866210566546371 1.00000 7 
 fake.rf 1440.00000000 51615.84999459577918302 1.00000 7 
 fake.rf 1440.00000000 51625.81386790835393086 1.00000 7 
 fake.rf 1440.00000000 51635.71638135763939559 1.00000 7 
 fake.rf 1440.00000000 51645.75538243614102285 1.00000 7 
 fake.rf 1440.00000000 51655.67094251515924697 1.00000 7 
 fake.rf 1440.00000000 51665.70734548390872831 1.00000 7 
 fake.rf 1440.00000000 51675.60734694696133573 1.00000 7 
 fake.rf 1440.00000000 51685.65868772903374406 1.00000 7 
 fake.rf 1440.00000000 51695.56334317614876994 1.00000 7 
 fake.rf 1440.00000000 51705.60255642035447110 1.00000 7 
 fake.rf 1440.00000000 51715.58093271803902624 1.00000 7 
 fake.rf 1440.00000000 51725.47705274347952553 1.00000 7 
 fake.rf 1440.00000000 51735.47717981625268990 1.00000 7 
 fake.rf 1440.00000000 51745.48433546904175273 1.00000 7 
 fake.rf 1440.00000000 51755.45846790526661607 1.00000 7 
 fake.rf 1440.00000000 51765.41211698437641786 1.00000 7 
 fake.rf 1440.00000000 51775.34136793601696525 1.00000 7 
 fake.rf 1440.00000000 51785.32184123545824406 1.00000 7 
 fake.rf 1440.00000000 51795.33292024639923667 1.00000 7 
 fake.rf 1440.00000000 51805.28950009174411306 1.00000 7 
 fake.rf 1440.00000000 51815.25995036572752994 1.00000 7 
 fake.rf 1440.00000000 51825.24321720062963337 1.00000 7 
 fake.rf 1440.00000000 51835.19634520759599283 1.00000 7 
 fake.rf 1440.00000000 51845.21801986019738351 1.00000 7 
 fake.rf 1440.00000000 51855.15478482007114636 1.00000 7 
 fake.rf 1440.00000000 51865.10860666705959332 1.00000 7 
 fake.rf 1440.00000000 51875.11905226231046484 1.00000 7 
 fake.rf 1440.00000000 51885.03442011587427274 1.00000 7 
 fake.rf 1440.00000000 51895.04172059871353184 1.00000 7 
 fake.rf 1440.00000000 51904.98936268973238128 1.00000 7 
 fake.rf 1440.00000000 51914.97287541507461128 1.00000 7 
 fake.rf 1440.00000000 51924.95547933145609676 1.00000 7 
 fake.rf 1440.00000000 51934.97763241497038322 1.00000 7 
 fake.rf 1440.00000000 51944.89096292449738712 1.00000 7 
 fake.rf 1440.00000000 51954.85653898619470681 1.00000 7 
 fake.rf 1440.00000000 51964.82155644348911139 1.00000 7 
 fake.rf 1440.00000000 51974.79859425112825733 1.00000 7 
 fake.rf 1440.00000000 51984.77480939206888877 1.00000 7 
 fake.rf 1440.00000000 51994.73513866656910309 1.00000 7 
 fake.rf 1440.00000000 52004.72746957140599378 1.00000 7 
 fake.rf 1440.00000000 52014.68686897356584709 1.00000 7 
 fake.rf 1440.00000000 52024.65287887411384915 1.00000 7 
 fake.rf 1440.00000000 52034.65196747405703803 1.00000 7 
 fake.rf 1440.00000000 52044.63879830787404757 1.00000 7 
 fake.rf 1440.00000000 52054.63926819020103309 1.00000 7 
 fake.rf 1440.00000000 52064.55646018634579519 1.00000 7 
 fake.rf 1440.00000000 52074.52424444419867200 1.00000 7 
 fake.rf 1440.00000000 52084.56460295992285836 1.00000 7 
 fake.rf 1440.00000000 52094.48957259165195666 1.00000 7 
 fake.rf 1440.00000000 52104.49574017299728013 1.00000 7 
 fake.rf 1440.00000000 52114.43664956112170827 1.00000 7 
 fake.rf 1440.00000000 52124.44270710498078358 1.00000 7 
 fake.rf 1440.00000000 52134.37611252123988237 1.00000 7 
 fake.rf 1440.00000000 52144.38078758846678795 1.00000 7 
 fake.rf 1440.00000000 52154.35249078867536099 1.00000 7 
 fake.rf 1440.00000000 52164.33329883349940559 1.00000 7 
 fake.rf 1440.00000000 52174.31910012212317085 1.00000 7 
 fake.rf 1440.00000000 52184.24521981476119947 1.00000 7 
 fake.rf 1440.00000000 52194.25203347872204063 1.00000 7 
 fake.rf 1440.00000000 52204.18910620010731094 1.00000 7 
 fake.rf 1440.00000000 52214.17350569043775721 1.00000 7 
 fake.rf 1440.00000000 52224.10780304742391067 1.00000 7 
 fake.rf 1440.00000000 52234.13811732272717236 1.00000 7 
 fake.rf 1440.00000000 52244.08864096294784574 1.00000 7 
 fake.rf 1440.00000000 52254.04690649027162408 1.00000 7 
 fake.rf 1440.00000000 52264.07010114643072995 1.00000 7 
 fake.rf 1440.00000000 52274.01294655511403775 1.00000 7 
 fake.rf 1440.00000000 52283.97555421643458473 1.00000 7 
 fake.rf 1440.00000000 52293.91893498422790287 1.00000 7 
 fake.rf 1440.00000000 52303.93274740192549643 1.00000 7 
 fake.rf 1440.00000000 52313.91499023337290808 1.00000 7 
 fake.rf 1440.00000000 52323.84507483834554264 1.00000 7 
 fake.rf 1440.00000000 52333.85220141241892122 1.00000 7 
 fake.rf 1440.00000000 52343.86083724287077246 1.00000 7 
 fake.rf 1440.00000000 52353.80505692650772431 1.00000 7 
 fake.rf 1440.00000000 52363.75662439969483586 1.00000 7 
 fake.rf 1440.00000000 52373.70975656050720559 1.00000 7 
 fake.rf 1440.00000000 52383.73239818868084328 1.00000 7 
 fake.rf 1440.00000000 52393.66829518086703033 1.00000 7 
 fake.rf 1440.00000000 52403.65703468649260088 1.00000 7 
 fake.rf 1440.00000000 52413.62981488658089191 1.00000 7 
 fake.rf 1440.00000000 52423.61725889580629101 1.00000 7 
 fake.rf 1440.00000000 52433.55602691179319308 1.00000 7 
 fake.rf 1440.00000000 52443.57285018991399994 1.00000 7 
 fake.rf 1440.00000000 52453.50894027881833637 1.00000 7 
 fake.rf 1440.00000000 52463.53004915269978525 1.00000 7 
 fake.rf 1440.00000000 52473.47165155808380987 1.00000 7 
 fake.rf 1440.00000000 52483.42084720514997187 1.00000 7 
 fake.rf 1440.00000000 52493.39538013289280016 1.00000 7 
 fake.rf 1440.00000000 52503.37110051363023899 1.00000 7 
 fake.rf 1440.00000000 52513.36800653446324461 1.00000 7 
 fake.rf 1440.00000000 52523.35424331974399337 1.00000 7 
 fake.rf 1440.00000000 52533.29156538814582689 1.00000 7 
 fake.rf 1440.00000000 52543.26275667560580374 1.00000 7 
 fake.rf 1440.00000000 52553.22682139089368647 1.00000 7 
 fake.rf 1440.00000000 52563.23304664140529496 1.00000 7 
 fake.rf 1440.00000000 52573.17140366924989081 1.00000 7 
 fake.rf 1440.00000000 52583.18895146375109917 1.00000 7 
 fake.rf 1440.00000000 52593.10175532032402401 1.00000 7 
 fake.rf 1440.00000000 52603.09413080820128883 1.00000 7 
 fake.rf 1440.00000000 52613.06946201095833615 1.00000 7 
 fake.rf 1440.00000000 52623.07514640585052845 1.00000 7 
 fake.rf 1440.00000000 52633.02491077616433657 1.00000 7 
 fake.rf 1440.00000000 52643.03467289516492045 1.00000 7 
 fake.rf 1440.00000000 52652.99296409345238601 1.00000 7 
 fake.rf 1440.00000000 52662.91425254405653433 1.00000 7 
 fake.rf 1440.00000000 52672.90288641836134076 1.00000 7 
 fake.rf 1440.00000000 52682.92494750448032903 1.00000 7 
 fake.rf 1440.00000000 52692.89618186244312881 1.00000 7 
 fake.rf 1440.00000000 52702.84801710895129645 1.00000 7 
 fake.rf 1440.00000000 52712.80278862025465259 1.00000 7 
 fake.rf 1440.00000000 52722.77410758582682959 1.00000 7 
 fake.rf 1440.00000000 52732.74069115033969979 1.00000 7 
 fake.rf 1440.00000000 52742.74486836671092860 1.00000 7 
 fake.rf 1440.00000000 52752.67698158394061991 1.00000 7 
 fake.rf 1440.00000000 52762.69029288398466093 1.00000 7 
 fake.rf 1440.00000000 52772.65954999696007732 1.00000 7 
 fake.rf 1440.00000000 52782.64390326884435112 1.00000 7 
 fake.rf 1440.00000000 52792.55038126107889696 1.00000 7 
 fake.rf 1440.00000000 52802.60480897970829162 1.00000 7 
 fake.rf 1440.00000000 52812.50885357664900610 1.00000 7 
 fake.rf 1440.00000000 52822.52287527571690262 1.00000 7 
 fake.rf 1440.00000000 52832.50751078427465757 1.00000 7 
 fake.rf 1440.00000000 52842.45951509204136798 1.00000 7 
 fake.rf 1440.00000000 52852.38869912977224885 1.00000 7 
 fake.rf 1440.00000000 52862.36470364897833107 1.00000 7 
 fake.rf 1440.00000000 52872.35023755372604626 1.00000 7 
 fake.rf 1440.00000000 52882.32841626095569865 1.00000 7 
 fake.rf 1440.00000000 52892.34927290977230285 1.00000 7 
 fake.rf 1440.00000000 52902.27491504348693141 1.00000 7 
 fake.rf 1440.00000000 52912.27277354758516736 1.00000 7 
 fake.rf 1440.00000000 52922.21293238960795691 1.00000 7 
 fake.rf 1440.00000000 52932.17156327350790335 1.00000 7 
 fake.rf 1440.00000000 52942.14649042254414724 1.00000 7 
 fake.rf 1440.00000000 52952.12371578754209622 1.00000 7 
 fake.rf 1440.00000000 52962.15127552704884906 1.00000 7 
 fake.rf 1440.00000000 52972.07479543628854302 1.00000 7 
 fake.rf 1440.00000000 52982.06795901579237906 1.00000 7 
 fake.rf 1440.00000000 52992.06155079699147237 1.00000 7 
 fake.rf 1440.00000000 53001.98360951213193459 1.00000 7 
 fake.rf 1440.00000000 53011.95591262357123696 1.00000 7 
 fake.rf 1440.00000000 53021.93158028231744083 1.00000 7 
 fake.rf 1440.00000000 53031.93559552982540950 1.00000 7 
 fake.rf 1440.00000000 53041.90178655229512472 1.00000 7 
 fake.rf 1440.00000000 53051.90893578012922305 1.00000 7 
 fake.rf 1440.00000000 53061.87236857790126621 1.00000 7 
 fake.rf 1440.00000000 53071.79584196976109922 1.00000 7 
 fake.rf 1440.00000000 53081.79955263134154464 1.00000 7 
 fake.rf 1440.00000000 53091.77464299714199214 1.00000 7 
 fake.rf 1440.00000000 53101.71523199601133314 1.00000 7 
 fake.rf 1440.00000000 53111.71734140043222538 1.00000 7 
 fake.rf 1440.00000000 53121.70711408275957055 1.00000 7 
 fake.rf 1440.00000000 53131.68902911103551645 1.00000 7 
 fake.rf 1440.00000000 53141.61974500348385320 1.00000 7 
 fake.rf 1440.00000000 53151.58882635544078354 1.00000 7 
 fake.rf 1440.00000000 53161.61056302784051297 1.00000 7 
 fake.rf 1440.00000000 53171.54458776557716604 1.00000 7 
 fake.rf 1440.00000000 53181.52650735911447910 1.00000 7 
 fake.rf 1440.00000000 53191.47039375226970748 1.00000 7 
 fake.rf 1440.00000000 53201.45257953435920584 1.00000 7 
 fake.rf 1440.00000000 53211.47077890395604172 1.00000 7 
 fake.rf 1440.00000000 53221.43982808308666677 1.00000 7 
 fake.rf 1440.00000000 53231.38947705522495824 1.00000 7 
 fake.rf 1440.00000000 53241.39361161326788263 1.00000 7 
 fake.rf 1440.00000000 53251.36489231475612627 1.00000 7 
 fake.rf 1440.00000000 53261.31907097144323870 1.00000 7 
 fake.rf 1440.00000000 53271.29473629229651621 1.00000 7 
 fake.rf 1440.00000000 53281.21684123598838667 1.00000 7 
 fake.rf 1440.00000000 53291.19148780905125662 1.00000 7 
 fake.rf 1440.00000000 53301.18804926546934908 1.00000 7 
 fake.rf 1440.00000000 53311.14285053467149922 1.00000 7 
 fake.rf 1440.00000000 53321.11710458101822141 1.00000 7 
 fake.rf 1440.00000000 53331.11663799644676587 1.00000 7 
 fake.rf 1440.00000000 53341.10275890142368027 1.00000 7 
 fake.rf 1440.00000000 53351.07050824049913729 1.00000 7 
 fake.rf 1440.00000000 53361.02116194937173077 1.00000 7 
 fake.rf 1440.00000000 53370.99801993237991837 1.00000 7 
 fake.rf 1440.00000000 53380.99988034506722911 1.00000 7 
 fake.rf 1440.00000000 53390.98154902224188945 1.00000 7 
 fake.rf 1440.00000000 53400.96080180490139000 1.00000 7 
 fake.rf 1440.00000000 53410.93055548385812159 1.00000 7 
 fake.rf 1440.00000000 53420.85830460798895558 1.00000 7 
 fake.rf 1440.00000000 53430.85463435015542899 1.00000 7 
 fake.rf 1440.00000000 53440.83360739539016748 1.00000 7 
 fake.rf 1440.00000000 53450.80271004997183226 1.00000 7 
 fake.rf 1440.00000000 53460.79542550414232949 1.00000 7 
 fake.rf 1440.00000000 53470.74010620823203155 1.00000 7 
 fake.rf 1440.00000000 53480.67053797558700978 1.00000 7 
 fake.rf 1440.00000000 53490.67247732203120236 1.00000 7 
 fake.rf 1440.00000000 53500.67168208993241052 1.00000 7 
 fake.rf 1440.00000000 53510.61160400305286089 1.00000 7 
 fake.rf 1440.00000000 53520.57571370200401617 1.00000 7 
 fake.rf 1440.00000000 53530.57127197741610303 1.00000 7 
 fake.rf 1440.00000000 53540.57148052163591956 1.00000 7 
 fake.rf 1440.00000000 53550.48369583566266883 1.00000 7 
 fake.rf 1440.00000000 53560.47783906280108823 1.00000 7 
 fake.rf 1440.00000000 53570.45953063506955516 1.00000 7 
 fake.rf 1440.00000000 53580.45804887935421945 1.00000 7 
 fake.rf 1440.00000000 53590.40160146915400929 1.00000 7 
 fake.rf 1440.00000000 53600.38524392696499987 1.00000 7 
 fake.rf 1440.00000000 53610.32429462469622550 1.00000 7 
 fake.rf 1440.00000000 53620.33328617051007114 1.00000 7 
 fake.rf 1440.00000000 53630.31848694499958086 1.00000 7 
 fake.rf 1440.00000000 53640.28437541999531391 1.00000 7 
 fake.rf 1440.00000000 53650.22345884828107287 1.00000 7 
 fake.rf 1440.00000000 53660.20371335390513323 1.00000 7 
