FORMAT 1
MODE 1
 fake.rf 1440.00000000 50000.21397580538749850 1.00000 7 
 fake.rf 1440.00000000 50010.22382187979238566 1.00000 7 
 fake.rf 1440.00000000 50020.16412450568978443 1.00000 7 
 fake.rf 1440.00000000 50030.13554176885303448 1.00000 7 
 fake.rf 1440.00000000 50040.09880348895170243 1.00000 7 
 fake.rf 1440.00000000 50050.13100718415316592 1.00000 7 
 fake.rf 1440.00000000 50060.09223019935388876 1.00000 7 
 fake.rf 1440.00000000 50070.02884198984895647 1.00000 7 
 fake.rf 1440.00000000 50080.04240890487081828 1.00000 7 
 fake.rf 1440.00000000 50089.99208826806942696 1.00000 7 
 fake.rf 1440.00000000 50099.97116504785361002 1.00000 7 
 fake.rf 1440.00000000 50109.93123787332638130 1.00000 7 
 fake.rf 1440.00000000 50119.92594075737815373 1.00000 7 
 fake.rf 1440.00000000 50129.88625172289476239 1.00000 7 
 fake.rf 1440.00000000 50139.82237830043109383 1.00000 7 
 fake.rf 1440.00000000 50149.79807684359440145 1.00000 7 
 fake.rf 1440.00000000 50159.79414612953063468 1.00000 7 
 fake.rf 1440.00000000 50169.76004303687595254 1.00000 7 
 fake.rf 1440.00000000 50179.78071323401983150 1.00000 7 
 fake.rf 1440.00000000 50189.71462836800785112 1.00000 7 
 fake.rf 1440.00000000 50199.73654640795038517 1.00000 7 
 fake.rf 1440.00000000 50209.69035987703583146 1.00000 7 
 fake.rf 1440.00000000 50219.67186017063741943 1.00000 7 
 fake.rf 1440.00000000 50229.58897705438231540 1.00000 7 
 fake.rf 1440.00000000 50239.61563085523122041 1.00000 7 
 fake.rf 1440.00000000 50249.56797109277989577 1.00000 7 
 fake.rf 1440.00000000 50259.56326292573365677 1.00000 7 
 fake.rf 1440.00000000 50269.53770703803252218 1.00000 7 
 fake.rf 1440.00000000 50279.43622639348980385 1.00000 7 
 fake.rf 1440.00000000 50289.47397769161795722 1.00000 7 
 fake.rf 1440.00000000 50299.42211710784659928 1.00000 7 
 fake.rf 1440.00000000 50309.36763108350405460 1.00000 7 
 fake.rf 1440.00000000 50319.35919945432614853 1.00000 7 
 fake.rf 1440.00000000 50329.35827914268223537 1.00000 7 
 fake.rf 1440.00000000 50339.30251475804764638 1.00000 7 
 fake.rf 1440.00000000 50349.28464918896665026 1.00000 7 
 fake.rf 1440.00000000 50359.25990354413616856 1.00000 7 
 fake.rf 1440.00000000 50369.19266652911678150 1.00000 7 
 fake.rf 1440.00000000 50379.22205038858279735 1.00000 7 
 fake.rf 1440.00000000 50389.15484265237529016 1.00000 7 
 fake.rf 1440.00000000 50399.14792268145690812 1.00000 7 
 fake.rf 1440.00000000 50409.10035428497283405 1.00000 7 
 fake.rf 1440.00000000 50419.10385708951254102 1.00000 7 
 fake.rf 1440.00000000 50429.03561100280868956 1.00000 7 
 fake.rf 1440.00000000 50439.05899121986859157 1.00000 7 
 fake.rf 1440.00000000 50449.02592491164836375 1.00000 7 
 fake.rf 1440.00000000 50458.96068176747891343 1.00000 7 
 fake.rf 1440.00000000 50468.92410224594311785 1.00000 7 
 fake.rf 1440.00000000 50478.96757050807185507 1.00000 7 
 fake.rf 1440.00000000 50488.86696851362428617 1.00000 7 
 fake.rf 1440.00000000 50498.87494183114645097 1.00000 7 
 fake.rf 1440.00000000 50508.88429912661939625 1.00000 7 
 fake.rf 1440.00000000 50518.84814829568131600 1.00000 7 
 fake.rf 1440.00000000 50528.78159286698291197 1.00000 7 
 fake.rf 1440.00000000 50538.73537142691133184 1.00000 7 
 fake.rf 1440.00000000 50548.75317871384431712 1.00000 7 
 fake.rf 1440.00000000 50558.74960118136733911 1.00000 7 
 fake.rf 1440.00000000 50568.72597587210204750 1.00000 7 
 fake.rf 1440.00000000 50578.66219829257711993 1.00000 7 
 fake.rf 1440.00000000 50588.66777782401133834 1.00000 7 
 fake.rf 1440.00000000 50598.62587481112730003 1.00000 7 
 fake.rf 1440.00000000 50608.53754093769129696 1.00000 7 
 fake.rf 1440.00000000 50618.51593877141974431 1.00000 7 
 fake.rf 1440.00000000 50628.49290849053166852 1.00000 7 
 fake.rf 1440.00000000 50638.51429198648979124 1.00000 7 
 fake.rf 1440.00000000 50648.46422977191000570 1.00000 7 
 fake.rf 1440.00000000 50658.45063821326049336 1.00000 7 
 fake.rf 1440.00000000 50668.39124704628916263 1.00000 7 
 fake.rf 1440.00000000 50678.38458549012682752 1.00000 7 
 fake.rf 1440.00000000 50688.34434880858056616 1.00000 7 
 fake.rf 1440.00000000 50698.32838756493424981 1.00000 7 
 fake.rf 1440.00000000 50708.34211041139664999 1.00000 7 
 fake.rf 1440.00000000 50718.28160967449112562 1.00000 7 
 fake.rf 1440.00000000 50728.21312222377631329 1.00000 7 
 fake.rf 1440.00000000 50738.18590328954457291 1.00000 7 
 fake.rf 1440.00000000 50748.17608711644242447 1.00000 7 
 fake.rf 1440.00000000 50758.18517098639918217 1.00000 7 
 fake.rf 1440.00000000 50768.12001328534596567 1.00000 7 
 fake.rf 1440.00000000 50778.10092188239901034 1.00000 7 
 fake.rf 1440.00000000 50788.09744506142067877 1.00000 7 
 fake.rf 1440.00000000 50798.04232300491532826 1.00000 7 
 fake.rf 1440.00000000 50808.05850926840782122 1.00000 7 
 fake.rf 1440.00000000 50818.00836074590085900 1.00000 7 
 fake.rf 1440.00000000 50827.94439219023555765 1.00000 7 
 fake.rf 1440.00000000 50837.92132735594987025 1.00000 7 
 fake.rf 1440.00000000 50847.93559503855463078 1.00000 7 
 fake.rf 1440.00000000 50857.91673812945107613 1.00000 7 
 fake.rf 1440.00000000 50867.83406674301631512 1.00000 7 
 fake.rf 1440.00000000 50877.85201344112381250 1.00000 7 
 fake.rf 1440.00000000 50887.79668330502078533 1.00000 7 
 fake.rf 1440.00000000 50897.74689577492339154 1.00000 7 
 fake.rf 1440.00000000 50907.75024379069213154 1.00000 7 
 fake.rf 1440.00000000 50917.71721744002499221 1.00000 7 
 fake.rf 1440.00000000 50927.67313208150916282 1.00000 7 
 fake.rf 1440.00000000 50937.68075415348144830 1.00000 7 
 fake.rf 1440.00000000 50947.61308228912796281 1.00000 7 
 fake.rf 1440.00000000 50957.62957238345622812 1.00000 7 
 fake.rf 1440.00000000 50967.56757388978662249 1.00000 7 
 fake.rf 1440.00000000 50977.55114859908665181 1.00000 7 
 fake.rf 1440.00000000 50987.50494813590042043 1.00000 7 
 fake.rf 1440.00000000 50997.51335058633711839 1.00000 7 
 fake.rf 1440.00000000 51007.50826839235417509 1.00000 7 
 fake.rf 1440.00000000 51017.41976178158318334 1.00000 7 
 fake.rf 1440.00000000 51027.39496778783989228 1.00000 7 
 fake.rf 1440.00000000 51037.43203580123391561 1.00000 7 
 fake.rf 1440.00000000 51047.34361463412217574 1.00000 7 
 fake.rf 1440.00000000 51057.33630873612406731 1.00000 7 
 fake.rf 1440.00000000 51067.32643165690979004 1.00000 7 
 fake.rf 1440.00000000 51077.28349043175279220 1.00000 7 
 fake.rf 1440.00000000 51087.28439751326738616 1.00000 7 
 fake.rf 1440.00000000 51097.21501459769539366 1.00000 7 
 fake.rf 1440.00000000 51107.22758897929844579 1.00000 7 
 fake.rf 1440.00000000 51117.18865333793468864 1.00000 7 
 fake.rf 1440.00000000 51127.17975958699102534 1.00000 7 
 fake.rf 1440.00000000 51137.15566971900465276 1.00000 7 
 fake.rf 1440.00000000 51147.12097358725898388 1.00000 7 
 fake.rf 1440.00000000 51157.07031849693739645 1.00000 7 
 fake.rf 1440.00000000 51167.05467599891378327 1.00000 7 
 fake.rf 1440.00000000 51177.04794621281672917 1.00000 7 
 fake.rf 1440.00000000 51186.95920879040016160 1.00000 7 
 fake.rf 1440.00000000 51196.99887384524841849 1.00000 7 
 fake.rf 1440.00000000 51206.96966087220663155 1.00000 7 
 fake.rf 1440.00000000 51216.91157577525313371 1.00000 7 
 fake.rf 1440.00000000 51226.86218550576391095 1.00000 7 
 fake.rf 1440.00000000 51236.81619151394599498 1.00000 7 
 fake.rf 1440.00000000 51246.79303280769736162 1.00000 7 
 fake.rf 1440.00000000 51256.78660836732347761 1.00000 7 
 fake.rf 1440.00000000 51266.78440877011134447 1.00000 7 
 fake.rf 1440.00000000 51276.72655588464234100 1.00000 7 
 fake.rf 1440.00000000 51286.73101048829554216 1.00000 7 
 fake.rf 1440.00000000 51296.70991477007003922 1.00000 7 
 fake.rf 1440.00000000 51306.68776868527153567 1.00000 7 
 fake.rf 1440.00000000 51316.63111207676268322 1.00000 7 
 fake.rf 1440.00000000 51326.63214740174453965 1.00000 7 
 fake.rf 1440.00000000 51336.61251166441984850 1.00000 7 
 fake.rf 1440.00000000 51346.53689409116340769 1.00000 7 
 fake.rf 1440.00000000 51356.56014586896236906 1.00000 7 
 fake.rf 1440.00000000 51366.47717526446177416 1.00000 7 
 fake.rf 1440.00000000 51376.50231828644113818 1.00000 7 
 fake.rf 1440.00000000 51386.42659986511312198 1.00000 7 
 fake.rf 1440.00000000 51396.45517397024090656 1.00000 7 
 fake.rf 1440.00000000 51406.35490513429731152 1.00000 7 
 fake.rf 1440.00000000 51416.40239871166087582 1.00000 7 
 fake.rf 1440.00000000 51426.33600816825317281 1.00000 7 
 fake.rf 1440.00000000 51436.33748326128558404 1.00000 7 
 fake.rf 1440.00000000 51446.30485793006716122 1.00000 7 
 fake.rf 1440.00000000 51456.23107561531434584 1.00000 7 
 fake.rf 1440.00000000 51466.20919991382285019 1.00000 7 
 fake.rf 1440.00000000 51476.18823648141159666 1.00000 7 
 fake.rf 1440.00000000 51486.13502869342406498 1.00000 7 
 fake.rf 1440.00000000 51496.13505326165221021 1.00000 7 
 fake.rf 1440.00000000 51506.09772587349671724 1.00000 7 
 fake.rf 1440.00000000 51516.12594276858167675 1.00000 7 
 fake.rf 1440.00000000 51526.09518660175601568 1.00000 7 
 fake.rf 1440.00000000 51536.03577327231855065 1.00000 7 
 fake.rf 1440.00000000 51546.04530043797255345 1.00000 7 
 fake.rf 1440.00000000 51556.01868991961014288 1.00000 7 
 fake.rf 1440.00000000 51565.98015652296003708 1.00000 7 
 fake.rf 1440.00000000 51575.93145508244857211 1.00000 7 
 fake.rf 1440.00000000 51585.87429600431046595 1.00000 7 
 fake.rf 1440.00000000 51595.86752159958285446 1.00000 7 
 fake.rf 1440.00000000 51605.82502873171445756 1.00000 7 
 fake.rf 1440.00000000 51615.85636121543443267 1.00000 7 
 fake.rf 1440.00000000 51625.82023454338137114 1.00000 7 
 fake.rf 1440.00000000 51635.72274801368320851 1.00000 7 
 fake.rf 1440.00000000 51645.76174906575410262 1.00000 7 
 fake.rf 1440.00000000 51655.67730915414833603 1.00000 7 
 fake.rf 1440.00000000 51665.71371209742318342 1.00000 7 
 fake.rf 1440.00000000 51675.61371355309431408 1.00000 7 
 fake.rf 1440.00000000 51685.66505435618560682 1.00000 7 
 fake.rf 1440.00000000 51695.56970983024502786 1.00000 7 
 fake.rf 1440.00000000 51705.60892308858293376 1.00000 7 
 fake.rf 1440.00000000 51715.58729931200538132 1.00000 7 
 fake.rf 1440.00000000 51725.48341939779239596 1.00000 7 
 fake.rf 1440.00000000 51735.48354646285892500 1.00000 7 
 fake.rf 1440.00000000 51745.49070212389239032 1.00000 7 
 fake.rf 1440.00000000 51755.46483453086667481 1.00000 7 
 fake.rf 1440.00000000 51765.41848361006721291 1.00000 7 
 fake.rf 1440.00000000 51775.34773456803673142 1.00000 7 
 fake.rf 1440.00000000 51785.32820788551300950 1.00000 7 
 fake.rf 1440.00000000 51795.33928686992273782 1.00000 7 
 fake.rf 1440.00000000 51805.29586670120057335 1.00000 7 
 fake.rf 1440.00000000 51815.26631695183925075 1.00000 7 
 fake.rf 1440.00000000 51825.24958379594726310 1.00000 7 
 fake.rf 1440.00000000 51835.20271184535958398 1.00000 7 
 fake.rf 1440.00000000 51845.22438647765018871 1.00000 7 
 fake.rf 1440.00000000 51855.16115145373288087 1.00000 7 
 fake.rf 1440.00000000 51865.11497330315306797 1.00000 7 
 fake.rf 1440.00000000 51875.12541888039619664 1.00000 7 
 fake.rf 1440.00000000 51885.04078676422460958 1.00000 7 
 fake.rf 1440.00000000 51895.04808720252820464 1.00000 7 
 fake.rf 1440.00000000 51904.99572929806345911 1.00000 7 
 fake.rf 1440.00000000 51914.97924204672598592 1.00000 7 
 fake.rf 1440.00000000 51924.96184596931754029 1.00000 7 
 fake.rf 1440.00000000 51934.98399904449945907 1.00000 7 
 fake.rf 1440.00000000 51944.89732956049454771 1.00000 7 
 fake.rf 1440.00000000 51954.86290561573239444 1.00000 7 
 fake.rf 1440.00000000 51964.82792307275498089 1.00000 7 
 fake.rf 1440.00000000 51974.80496085788528760 1.00000 7 
 fake.rf 1440.00000000 51984.78117600227813000 1.00000 7 
 fake.rf 1440.00000000 51994.74150527388561827 1.00000 7 
 fake.rf 1440.00000000 52004.73383621263053200 1.00000 7 
 fake.rf 1440.00000000 52014.69323559152833525 1.00000 7 
 fake.rf 1440.00000000 52024.65924548306181663 1.00000 7 
 fake.rf 1440.00000000 52034.65833411420485177 1.00000 7 
 fake.rf 1440.00000000 52044.64516492064658948 1.00000 7 
 fake.rf 1440.00000000 52054.64563482570880026 1.00000 7 
 fake.rf 1440.00000000 52064.56282683388876364 1.00000 7 
 fake.rf 1440.00000000 52074.53061106033700511 1.00000 7 
 fake.rf 1440.00000000 52084.57096957023746953 1.00000 7 
 fake.rf 1440.00000000 52094.49593921744105529 1.00000 7 
 fake.rf 1440.00000000 52104.50210681581732786 1.00000 7 
 fake.rf 1440.00000000 52114.44301615529136029 1.00000 7 
 fake.rf 1440.00000000 52124.44907371757330594 1.00000 7 
 fake.rf 1440.00000000 52134.38247914466191446 1.00000 7 
 fake.rf 1440.00000000 52144.38715419792638173 1.00000 7 
 fake.rf 1440.00000000 52154.35885739568233532 1.00000 7 
 fake.rf 1440.00000000 52164.33966547013001502 1.00000 7 
 fake.rf 1440.00000000 52174.32546671517073733 1.00000 7 
 fake.rf 1440.00000000 52184.25158647128040457 1.00000 7 
 fake.rf 1440.00000000 52194.25840008864283703 1.00000 7 
 fake.rf 1440.00000000 52204.19547280528937350 1.00000 7 
 fake.rf 1440.00000000 52214.17987233068450692 1.00000 7 
 fake.rf 1440.00000000 52224.11416966342684631 1.00000 7 
 fake.rf 1440.00000000 52234.14448396794503893 1.00000 7 
 fake.rf 1440.00000000 52244.09500758609328130 1.00000 7 
 fake.rf 1440.00000000 52254.05327309248986367 1.00000 7 
 fake.rf 1440.00000000 52264.07646775949181261 1.00000 7 
 fake.rf 1440.00000000 52274.01931318365106449 1.00000 7 
 fake.rf 1440.00000000 52283.98192080220020372 1.00000 7 
 fake.rf 1440.00000000 52293.92530161740940997 1.00000 7 
 fake.rf 1440.00000000 52303.93911399925631756 1.00000 7 
 fake.rf 1440.00000000 52313.92135688134374405 1.00000 7 
 fake.rf 1440.00000000 52323.85144144025728608 1.00000 7 
 fake.rf 1440.00000000 52333.85856803433323137 1.00000 7 
 fake.rf 1440.00000000 52343.86720386446103959 1.00000 7 
 fake.rf 1440.00000000 52353.81142358289553940 1.00000 7 
 fake.rf 1440.00000000 52363.76299102344773218 1.00000 7 
 fake.rf 1440.00000000 52373.71612320989228806 1.00000 7 
 fake.rf 1440.00000000 52383.73876485476960596 1.00000 7 
 fake.rf 1440.00000000 52393.67466182790423090 1.00000 7 
 fake.rf 1440.00000000 52403.66340127998634557 1.00000 7 
 fake.rf 1440.00000000 52413.63618150286559683 1.00000 7 
 fake.rf 1440.00000000 52423.62362551932826094 1.00000 7 
 fake.rf 1440.00000000 52433.56239352326709380 1.00000 7 
 fake.rf 1440.00000000 52443.57921681894499955 1.00000 7 
 fake.rf 1440.00000000 52453.51530689476973990 1.00000 7 
 fake.rf 1440.00000000 52463.53641579721683641 1.00000 7 
 fake.rf 1440.00000000 52473.47801818865001167 1.00000 7 
 fake.rf 1440.00000000 52483.42721381333673492 1.00000 7 
 fake.rf 1440.00000000 52493.40174678827962396 1.00000 7 
 fake.rf 1440.00000000 52503.37746715148420051 1.00000 7 
 fake.rf 1440.00000000 52513.37437313690105967 1.00000 7 
 fake.rf 1440.00000000 52523.36060991664438902 1.00000 7 
 fake.rf 1440.00000000 52533.29793199813839522 1.00000 7 
 fake.rf 1440.00000000 52543.26912330046353006 1.00000 7 
 fake.rf 1440.00000000 52553.23318801272271372 1.00000 7 
 fake.rf 1440.00000000 52563.23941328063803979 1.00000 7 
 fake.rf 1440.00000000 52573.17777029474230943 1.00000 7 
 fake.rf 1440.00000000 52583.19531806672815577 1.00000 7 
 fake.rf 1440.00000000 52593.10812194722997148 1.00000 7 
 fake.rf 1440.00000000 52603.10049745268288746 1.00000 7 
 fake.rf 1440.00000000 52613.07582860229131683 1.00000 7 
 fake.rf 1440.00000000 52623.08151302148145945 1.00000 7 
 fake.rf 1440.00000000 52633.03127738236804944 1.00000 7 
 fake.rf 1440.00000000 52643.04103951304494657 1.00000 7 
 fake.rf 1440.00000000 52652.99933072456377303 1.00000 7 
 fake.rf 1440.00000000 52662.92061916201187799 1.00000 7 
 fake.rf 1440.00000000 52672.90925305829435032 1.00000 7 
 fake.rf 1440.00000000 52682.93131412353706011 1.00000 7 
 fake.rf 1440.00000000 52692.90254851281834192 1.00000 7 
 fake.rf 1440.00000000 52702.85438371971705607 1.00000 7 
 fake.rf 1440.00000000 52712.80915526277964034 1.00000 7 
 fake.rf 1440.00000000 52722.78047421414046170 1.00000 7 
 fake.rf 1440.00000000 52732.74705777442568433 1.00000 7 
 fake.rf 1440.00000000 52742.75123497607095757 1.00000 7 
 fake.rf 1440.00000000 52752.68334818586598089 1.00000 7 
 fake.rf 1440.00000000 52762.69665952851748969 1.00000 7 
 fake.rf 1440.00000000 52772.66591662919388028 1.00000 7 
 fake.rf 1440.00000000 52782.65026990862880751 1.00000 7 
 fake.rf 1440.00000000 52792.55674786754693883 1.00000 7 
 fake.rf 1440.00000000 52802.61117559304883429 1.00000 7 
 fake.rf 1440.00000000 52812.51522020206850172 1.00000 7 
 fake.rf 1440.00000000 52822.52924190945580563 1.00000 7 
 fake.rf 1440.00000000 52832.51387740821408912 1.00000 7 
 fake.rf 1440.00000000 52842.46588172696831265 1.00000 7 
 fake.rf 1440.00000000 52852.39506574113310933 1.00000 7 
 fake.rf 1440.00000000 52862.37107028920465623 1.00000 7 
 fake.rf 1440.00000000 52872.35660419720912273 1.00000 7 
 fake.rf 1440.00000000 52882.33478284942207281 1.00000 7 
 fake.rf 1440.00000000 52892.35563955022358584 1.00000 7 
 fake.rf 1440.00000000 52902.28128166854319758 1.00000 7 
 fake.rf 1440.00000000 52912.27914015987376928 1.00000 7 
 fake.rf 1440.00000000 52922.21929902158536763 1.00000 7 
 fake.rf 1440.00000000 52932.17792986560652224 1.00000 7 
 fake.rf 1440.00000000 52942.15285709212283649 1.00000 7 
 fake.rf 1440.00000000 52952.13008239922250198 1.00000 7 
 fake.rf 1440.00000000 52962.15764211497998204 1.00000 7 
 fake.rf 1440.00000000 52972.08116209586348333 1.00000 7 
 fake.rf 1440.00000000 52982.07432565829268256 1.00000 7 
 fake.rf 1440.00000000 52992.06791743121574356 1.00000 7 
 fake.rf 1440.00000000 53001.98997613218008951 1.00000 7 
 fake.rf 1440.00000000 53011.96227922429115864 1.00000 7 
 fake.rf 1440.00000000 53021.93794689853880797 1.00000 7 
 fake.rf 1440.00000000 53031.94196215024225793 1.00000 7 
 fake.rf 1440.00000000 53041.90815317210812907 1.00000 7 
 fake.rf 1440.00000000 53051.91530241333044771 1.00000 7 
 fake.rf 1440.00000000 53061.87873524023054372 1.00000 7 
 fake.rf 1440.00000000 53071.80220855058190210 1.00000 7 
 fake.rf 1440.00000000 53081.80591925181511215 1.00000 7 
 fake.rf 1440.00000000 53091.78100963296596149 1.00000 7 
 fake.rf 1440.00000000 53101.72159863082628917 1.00000 7 
 fake.rf 1440.00000000 53111.72370805146374195 1.00000 7 
 fake.rf 1440.00000000 53121.71348069001767911 1.00000 7 
 fake.rf 1440.00000000 53131.69539569373596777 1.00000 7 
 fake.rf 1440.00000000 53141.62611159926302307 1.00000 7 
 fake.rf 1440.00000000 53151.59519295263325844 1.00000 7 
 fake.rf 1440.00000000 53161.61692964337431988 1.00000 7 
 fake.rf 1440.00000000 53171.55095440288551600 1.00000 7 
 fake.rf 1440.00000000 53181.53287398700363653 1.00000 7 
 fake.rf 1440.00000000 53191.47676034066613582 1.00000 7 
 fake.rf 1440.00000000 53201.45894615511871706 1.00000 7 
 fake.rf 1440.00000000 53211.47714551583912268 1.00000 7 
 fake.rf 1440.00000000 53221.44619469471307482 1.00000 7 
 fake.rf 1440.00000000 53231.39584367814007138 1.00000 7 
 fake.rf 1440.00000000 53241.39997827144197018 1.00000 7 
 fake.rf 1440.00000000 53251.37125894224431022 1.00000 7 
 fake.rf 1440.00000000 53261.32543758136727519 1.00000 7 
 fake.rf 1440.00000000 53271.30110289492271747 1.00000 7 
 fake.rf 1440.00000000 53281.22320786361606793 1.00000 7 
 fake.rf 1440.00000000 53291.19785445330297335 1.00000 7 
 fake.rf 1440.00000000 53301.19441588536480836 1.00000 7 
 fake.rf 1440.00000000 53311.14921715804237223 1.00000 7 
 fake.rf 1440.00000000 53321.12347119926415573 1.00000 7 
 fake.rf 1440.00000000 53331.12300460706401850 1.00000 7 
 fake.rf 1440.00000000 53341.10912553368783051 1.00000 7 
 fake.rf 1440.00000000 53351.07687487584026798 1.00000 7 
 fake.rf 1440.00000000 53361.02752855810404853 1.00000 7 
 fake.rf 1440.00000000 53371.00438655786684805 1.00000 7 
 fake.rf 1440.00000000 53381.00624699857844391 1.00000 7 
 fake.rf 1440.00000000 53390.98791565739261600 1.00000 7 
 fake.rf 1440.00000000 53400.96716841526683339 1.00000 7 
 fake.rf 1440.00000000 53410.93692210937803821 1.00000 7 
 fake.rf 1440.00000000 53420.86467119288283456 1.00000 7 
 fake.rf 1440.00000000 53430.86100097148297650 1.00000 7 
 fake.rf 1440.00000000 53440.83997402952143574 1.00000 7 
 fake.rf 1440.00000000 53450.80907668309807335 1.00000 7 
 fake.rf 1440.00000000 53460.80179209611850766 1.00000 7 
 fake.rf 1440.00000000 53470.74647285408427422 1.00000 7 
 fake.rf 1440.00000000 53480.67690461871361052 1.00000 7 
 fake.rf 1440.00000000 53490.67884398269973190 1.00000 7 
 fake.rf 1440.00000000 53500.67804870062235167 1.00000 7 
 fake.rf 1440.00000000 53510.61797060757567834 1.00000 7 
 fake.rf 1440.00000000 53520.58208032739217686 1.00000 7 
 fake.rf 1440.00000000 53530.57763859742894752 1.00000 7 
 fake.rf 1440.00000000 53540.57784715827183319 1.00000 7 
 fake.rf 1440.00000000 53550.49006241627789748 1.00000 7 
 fake.rf 1440.00000000 53560.48420570825057041 1.00000 7 
 fake.rf 1440.00000000 53570.46589724030684820 1.00000 7 
 fake.rf 1440.00000000 53580.46441553358901544 1.00000 7 
 fake.rf 1440.00000000 53590.40796811805616784 1.00000 7 
 fake.rf 1440.00000000 53600.39161054719091126 1.00000 7 
 fake.rf 1440.00000000 53610.33066123165121297 1.00000 7 
 fake.rf 1440.00000000 53620.33965277799750382 1.00000 7 
 fake.rf 1440.00000000 53630.32485355743132871 1.00000 7 
 fake.rf 1440.00000000 53640.29074205107459150 1.00000 7 
 fake.rf 1440.00000000 53650.22982546630972678 1.00000 7 
 fake.rf 1440.00000000 53660.21007996843238885 1.00000 7 
