FORMAT 1
MODE 1
 fake.rf 1440.00000000 50000.21335787902576797 1.00000 7 
 fake.rf 1440.00000000 50010.22320394138167998 1.00000 7 
 fake.rf 1440.00000000 50020.16350658109775296 1.00000 7 
 fake.rf 1440.00000000 50030.13492387204671985 1.00000 7 
 fake.rf 1440.00000000 50040.09818557095952585 1.00000 7 
 fake.rf 1440.00000000 50050.13038923829680016 1.00000 7 
 fake.rf 1440.00000000 50060.09161228853707115 1.00000 7 
 fake.rf 1440.00000000 50070.02822405109497694 1.00000 7 
 fake.rf 1440.00000000 50080.04179095061598659 1.00000 7 
 fake.rf 1440.00000000 50089.99147036591174853 1.00000 7 
 fake.rf 1440.00000000 50099.97054712243939179 1.00000 7 
 fake.rf 1440.00000000 50109.93061994031422302 1.00000 7 
 fake.rf 1440.00000000 50119.92532282447927017 1.00000 7 
 fake.rf 1440.00000000 50129.88563380118161916 1.00000 7 
 fake.rf 1440.00000000 50139.82176037166974325 1.00000 7 
 fake.rf 1440.00000000 50149.79745892886393577 1.00000 7 
 fake.rf 1440.00000000 50159.79352821924952011 1.00000 7 
 fake.rf 1440.00000000 50169.75942511501265386 1.00000 7 
 fake.rf 1440.00000000 50179.78009528941626982 1.00000 7 
 fake.rf 1440.00000000 50189.71401047053986488 1.00000 7 
 fake.rf 1440.00000000 50199.73592848690362445 1.00000 7 
 fake.rf 1440.00000000 50209.68974194281020473 1.00000 7 
 fake.rf 1440.00000000 50219.67124221001360951 1.00000 7 
 fake.rf 1440.00000000 50229.58835913558631603 1.00000 7 
 fake.rf 1440.00000000 50239.61501294141718432 1.00000 7 
 fake.rf 1440.00000000 50249.56735315728455404 1.00000 7 
 fake.rf 1440.00000000 50259.56264499347582486 1.00000 7 
 fake.rf 1440.00000000 50269.53708913192379626 1.00000 7 
 fake.rf 1440.00000000 50279.43560849322809148 1.00000 7 
 fake.rf 1440.00000000 50289.47335978800821721 1.00000 7 
 fake.rf 1440.00000000 50299.42149914120600940 1.00000 7 
 fake.rf 1440.00000000 50309.36701316998251698 1.00000 7 
 fake.rf 1440.00000000 50319.35858152205333127 1.00000 7 
 fake.rf 1440.00000000 50329.35766122979399739 1.00000 7 
 fake.rf 1440.00000000 50339.30189685821416390 1.00000 7 
 fake.rf 1440.00000000 50349.28403124033888361 1.00000 7 
 fake.rf 1440.00000000 50359.25928560103953657 1.00000 7 
 fake.rf 1440.00000000 50369.19204860829681181 1.00000 7 
 fake.rf 1440.00000000 50379.22143246308043274 1.00000 7 
 fake.rf 1440.00000000 50389.15422472372658902 1.00000 7 
 fake.rf 1440.00000000 50399.14730479238494354 1.00000 7 
 fake.rf 1440.00000000 50409.09973638383510419 1.00000 7 
 fake.rf 1440.00000000 50419.10323913207013291 1.00000 7 
 fake.rf 1440.00000000 50429.03499308218111707 1.00000 7 
 fake.rf 1440.00000000 50439.05837331693517811 1.00000 7 
 fake.rf 1440.00000000 50449.02530698491403172 1.00000 7 
 fake.rf 1440.00000000 50458.96006380246909728 1.00000 7 
 fake.rf 1440.00000000 50468.92348431163985722 1.00000 7 
 fake.rf 1440.00000000 50478.96695257387887068 1.00000 7 
 fake.rf 1440.00000000 50488.86635061023725513 1.00000 7 
 fake.rf 1440.00000000 50498.87432389691539214 1.00000 7 
 fake.rf 1440.00000000 50508.88368119157380320 1.00000 7 
 fake.rf 1440.00000000 50518.84753036478799615 1.00000 7 
 fake.rf 1440.00000000 50528.78097495459534372 1.00000 7 
 fake.rf 1440.00000000 50538.73475348106372707 1.00000 7 
 fake.rf 1440.00000000 50548.75256078216631650 1.00000 7 
 fake.rf 1440.00000000 50558.74898323621904694 1.00000 7 
 fake.rf 1440.00000000 50568.72535794138036280 1.00000 7 
 fake.rf 1440.00000000 50578.66158036934408671 1.00000 7 
 fake.rf 1440.00000000 50588.66715985738292005 1.00000 7 
 fake.rf 1440.00000000 50598.62525687704396660 1.00000 7 
 fake.rf 1440.00000000 50608.53692300880471322 1.00000 7 
 fake.rf 1440.00000000 50618.51532084213738116 1.00000 7 
 fake.rf 1440.00000000 50628.49229054593522648 1.00000 7 
 fake.rf 1440.00000000 50638.51367407178302571 1.00000 7 
 fake.rf 1440.00000000 50648.46361181328912693 1.00000 7 
 fake.rf 1440.00000000 50658.45002026569629905 1.00000 7 
 fake.rf 1440.00000000 50668.39062912098946612 1.00000 7 
 fake.rf 1440.00000000 50678.38396759772272304 1.00000 7 
 fake.rf 1440.00000000 50688.34373087720428686 1.00000 7 
 fake.rf 1440.00000000 50698.32776966214665038 1.00000 7 
 fake.rf 1440.00000000 50708.34149249111880309 1.00000 7 
 fake.rf 1440.00000000 50718.28099171626098496 1.00000 7 
 fake.rf 1440.00000000 50728.21250427551166240 1.00000 7 
 fake.rf 1440.00000000 50738.18528538320536114 1.00000 7 
 fake.rf 1440.00000000 50748.17546916626616138 1.00000 7 
 fake.rf 1440.00000000 50758.18455306425103046 1.00000 7 
 fake.rf 1440.00000000 50768.11939533806891944 1.00000 7 
 fake.rf 1440.00000000 50778.10030395111879287 1.00000 7 
 fake.rf 1440.00000000 50788.09682715054562507 1.00000 7 
 fake.rf 1440.00000000 50798.04170509997962313 1.00000 7 
 fake.rf 1440.00000000 50808.05789135275003332 1.00000 7 
 fake.rf 1440.00000000 50818.00774283836602407 1.00000 7 
 fake.rf 1440.00000000 50827.94377426899634642 1.00000 7 
 fake.rf 1440.00000000 50837.92070943869663679 1.00000 7 
 fake.rf 1440.00000000 50847.93497711426267571 1.00000 7 
 fake.rf 1440.00000000 50857.91612019407729761 1.00000 7 
 fake.rf 1440.00000000 50867.83344883494093480 1.00000 7 
 fake.rf 1440.00000000 50877.85139549900526035 1.00000 7 
 fake.rf 1440.00000000 50887.79606539265327569 1.00000 7 
 fake.rf 1440.00000000 50897.74627782637411144 1.00000 7 
 fake.rf 1440.00000000 50907.74962585287312677 1.00000 7 
 fake.rf 1440.00000000 50917.71659951695884061 1.00000 7 
 fake.rf 1440.00000000 50927.67251418516277539 1.00000 7 
 fake.rf 1440.00000000 50937.68013622652775751 1.00000 7 
 fake.rf 1440.00000000 50947.61246439229519112 1.00000 7 
 fake.rf 1440.00000000 50957.62895449610396881 1.00000 7 
 fake.rf 1440.00000000 50967.56695595602565163 1.00000 7 
 fake.rf 1440.00000000 50977.55053064052710354 1.00000 7 
 fake.rf 1440.00000000 50987.50433018843060751 1.00000 7 
 fake.rf 1440.00000000 50997.51273264886457071 1.00000 7 
 fake.rf 1440.00000000 51007.50765045683836618 1.00000 7 
 fake.rf 1440.00000000 51017.41914384318707221 1.00000 7 
 fake.rf 1440.00000000 51027.39434986053274557 1.00000 7 
 fake.rf 1440.00000000 51037.43141788399322323 1.00000 7 
 fake.rf 1440.00000000 51047.34299668180091558 1.00000 7 
 fake.rf 1440.00000000 51057.33569081812443002 1.00000 7 
 fake.rf 1440.00000000 51067.32581376815513607 1.00000 7 
 fake.rf 1440.00000000 51077.28287251250381118 1.00000 7 
 fake.rf 1440.00000000 51087.28377959812284459 1.00000 7 
 fake.rf 1440.00000000 51097.21439669855326926 1.00000 7 
 fake.rf 1440.00000000 51107.22697104582352168 1.00000 7 
 fake.rf 1440.00000000 51117.18803538835704714 1.00000 7 
 fake.rf 1440.00000000 51127.17914164868354732 1.00000 7 
 fake.rf 1440.00000000 51137.15505179123955770 1.00000 7 
 fake.rf 1440.00000000 51147.12035563995583942 1.00000 7 
 fake.rf 1440.00000000 51157.06970056996273755 1.00000 7 
 fake.rf 1440.00000000 51167.05405809712271292 1.00000 7 
 fake.rf 1440.00000000 51177.04732826674130308 1.00000 7 
 fake.rf 1440.00000000 51186.95859089042524204 1.00000 7 
 fake.rf 1440.00000000 51196.99825593619351949 1.00000 7 
 fake.rf 1440.00000000 51206.96904293464090685 1.00000 7 
 fake.rf 1440.00000000 51216.91095786061152850 1.00000 7 
 fake.rf 1440.00000000 51226.86156761142682825 1.00000 7 
 fake.rf 1440.00000000 51236.81557356912660950 1.00000 7 
 fake.rf 1440.00000000 51246.79241486172969289 1.00000 7 
 fake.rf 1440.00000000 51256.78599046476313461 1.00000 7 
 fake.rf 1440.00000000 51266.78379084348826922 1.00000 7 
 fake.rf 1440.00000000 51276.72593797785463110 1.00000 7 
 fake.rf 1440.00000000 51286.73039259112102783 1.00000 7 
 fake.rf 1440.00000000 51296.70929685873042558 1.00000 7 
 fake.rf 1440.00000000 51306.68715074417992028 1.00000 7 
 fake.rf 1440.00000000 51316.63049417590104895 1.00000 7 
 fake.rf 1440.00000000 51326.63152948506940376 1.00000 7 
 fake.rf 1440.00000000 51336.61189373440123873 1.00000 7 
 fake.rf 1440.00000000 51346.53627618168135172 1.00000 7 
 fake.rf 1440.00000000 51356.55952796954621675 1.00000 7 
 fake.rf 1440.00000000 51366.47655732504149739 1.00000 7 
 fake.rf 1440.00000000 51376.50170037151909241 1.00000 7 
 fake.rf 1440.00000000 51386.42598191397481244 1.00000 7 
 fake.rf 1440.00000000 51396.45455606431792006 1.00000 7 
 fake.rf 1440.00000000 51406.35428720288578575 1.00000 7 
 fake.rf 1440.00000000 51416.40178078556391483 1.00000 7 
 fake.rf 1440.00000000 51426.33539026172083197 1.00000 7 
 fake.rf 1440.00000000 51436.33686530228387213 1.00000 7 
 fake.rf 1440.00000000 51446.30423999882254549 1.00000 7 
 fake.rf 1440.00000000 51456.23045772211110815 1.00000 7 
 fake.rf 1440.00000000 51466.20858199163113156 1.00000 7 
 fake.rf 1440.00000000 51476.18761857459067599 1.00000 7 
 fake.rf 1440.00000000 51486.13441078480476065 1.00000 7 
 fake.rf 1440.00000000 51496.13443535257940553 1.00000 7 
 fake.rf 1440.00000000 51506.09710795440950548 1.00000 7 
 fake.rf 1440.00000000 51516.12532484408235689 1.00000 7 
 fake.rf 1440.00000000 51526.09456867533753055 1.00000 7 
 fake.rf 1440.00000000 51536.03515536965558397 1.00000 7 
 fake.rf 1440.00000000 51546.04468253262965050 1.00000 7 
 fake.rf 1440.00000000 51556.01807200069227832 1.00000 7 
 fake.rf 1440.00000000 51565.97953859422444722 1.00000 7 
 fake.rf 1440.00000000 51575.93083717692367784 1.00000 7 
 fake.rf 1440.00000000 51585.87367811349794877 1.00000 7 
 fake.rf 1440.00000000 51595.86690365711652362 1.00000 7 
 fake.rf 1440.00000000 51605.82441080907191733 1.00000 7 
 fake.rf 1440.00000000 51615.85574331061593867 1.00000 7 
 fake.rf 1440.00000000 51625.81961659709837065 1.00000 7 
 fake.rf 1440.00000000 51635.72213006481825204 1.00000 7 
 fake.rf 1440.00000000 51645.76113116327478281 1.00000 7 
 fake.rf 1440.00000000 51655.67669123610826531 1.00000 7 
 fake.rf 1440.00000000 51665.71309417201478809 1.00000 7 
 fake.rf 1440.00000000 51675.61309561622442388 1.00000 7 
 fake.rf 1440.00000000 51685.66443641808269760 1.00000 7 
 fake.rf 1440.00000000 51695.56909190075023375 1.00000 7 
 fake.rf 1440.00000000 51705.60830515810686592 1.00000 7 
 fake.rf 1440.00000000 51715.58668139683273068 1.00000 7 
 fake.rf 1440.00000000 51725.48280142679117333 1.00000 7 
 fake.rf 1440.00000000 51735.48292853431916427 1.00000 7 
 fake.rf 1440.00000000 51745.49008418545060906 1.00000 7 
 fake.rf 1440.00000000 51755.46421659755273126 1.00000 7 
 fake.rf 1440.00000000 51765.41786567121690155 1.00000 7 
 fake.rf 1440.00000000 51775.34711663317636265 1.00000 7 
 fake.rf 1440.00000000 51785.32758995031033322 1.00000 7 
 fake.rf 1440.00000000 51795.33866891656881748 1.00000 7 
 fake.rf 1440.00000000 51805.29524878450960657 1.00000 7 
 fake.rf 1440.00000000 51815.26569903861568278 1.00000 7 
 fake.rf 1440.00000000 51825.24896587550506410 1.00000 7 
 fake.rf 1440.00000000 51835.20209390910201108 1.00000 7 
 fake.rf 1440.00000000 51845.22376852061522001 1.00000 7 
 fake.rf 1440.00000000 51855.16053354993159630 1.00000 7 
 fake.rf 1440.00000000 51865.11435538206465168 1.00000 7 
 fake.rf 1440.00000000 51875.12480094802705466 1.00000 7 
 fake.rf 1440.00000000 51885.04016885490495525 1.00000 7 
 fake.rf 1440.00000000 51895.04746929501019537 1.00000 7 
 fake.rf 1440.00000000 51904.99511139800645054 1.00000 7 
 fake.rf 1440.00000000 51914.97862410687377377 1.00000 7 
 fake.rf 1440.00000000 51924.96122804879499313 1.00000 7 
 fake.rf 1440.00000000 51934.98338114562735868 1.00000 7 
 fake.rf 1440.00000000 51944.89671162445132779 1.00000 7 
 fake.rf 1440.00000000 51954.86228764479730202 1.00000 7 
 fake.rf 1440.00000000 51964.82730518011048559 1.00000 7 
 fake.rf 1440.00000000 51974.80434294593359468 1.00000 7 
 fake.rf 1440.00000000 51984.78055807972202018 1.00000 7 
 fake.rf 1440.00000000 51994.74088737862200915 1.00000 7 
 fake.rf 1440.00000000 52004.73321826555638836 1.00000 7 
 fake.rf 1440.00000000 52014.69261767572698218 1.00000 7 
 fake.rf 1440.00000000 52024.65862755620794289 1.00000 7 
 fake.rf 1440.00000000 52034.65771619884580801 1.00000 7 
 fake.rf 1440.00000000 52044.64454700271457099 1.00000 7 
 fake.rf 1440.00000000 52054.64501685947415055 1.00000 7 
 fake.rf 1440.00000000 52064.56220888773728817 1.00000 7 
 fake.rf 1440.00000000 52074.52999315641330114 1.00000 7 
 fake.rf 1440.00000000 52084.57035163549010903 1.00000 7 
 fake.rf 1440.00000000 52094.49532130051241552 1.00000 7 
 fake.rf 1440.00000000 52104.50148887299133449 1.00000 7 
 fake.rf 1440.00000000 52114.44239823840236170 1.00000 7 
 fake.rf 1440.00000000 52124.44845580414416375 1.00000 7 
 fake.rf 1440.00000000 52134.38186119467698632 1.00000 7 
 fake.rf 1440.00000000 52144.38653628158009212 1.00000 7 
 fake.rf 1440.00000000 52154.35823944163886523 1.00000 7 
 fake.rf 1440.00000000 52164.33904754311135576 1.00000 7 
 fake.rf 1440.00000000 52174.32484880802044813 1.00000 7 
 fake.rf 1440.00000000 52184.25096852185213336 1.00000 7 
 fake.rf 1440.00000000 52194.25778217823003047 1.00000 7 
 fake.rf 1440.00000000 52204.19485487723746431 1.00000 7 
 fake.rf 1440.00000000 52214.17925437932223787 1.00000 7 
 fake.rf 1440.00000000 52224.11355172291384008 1.00000 7 
 fake.rf 1440.00000000 52234.14386605982697986 1.00000 7 
 fake.rf 1440.00000000 52244.09438964837304553 1.00000 7 
 fake.rf 1440.00000000 52254.05265514628209544 1.00000 7 
 fake.rf 1440.00000000 52264.07584982812454300 1.00000 7 
 fake.rf 1440.00000000 52274.01869528302362511 1.00000 7 
 fake.rf 1440.00000000 52283.98130289343583499 1.00000 7 
 fake.rf 1440.00000000 52293.92468369265322892 1.00000 7 
 fake.rf 1440.00000000 52303.93849609620827579 1.00000 7 
 fake.rf 1440.00000000 52313.92073894577361770 1.00000 7 
 fake.rf 1440.00000000 52323.85082352806531603 1.00000 7 
 fake.rf 1440.00000000 52333.85795011299199331 1.00000 7 
 fake.rf 1440.00000000 52343.86658591315298850 1.00000 7 
 fake.rf 1440.00000000 52353.81080565607985022 1.00000 7 
 fake.rf 1440.00000000 52363.76237310464174612 1.00000 7 
 fake.rf 1440.00000000 52373.71550525568892098 1.00000 7 
 fake.rf 1440.00000000 52383.73814691638142449 1.00000 7 
 fake.rf 1440.00000000 52393.67404389611346360 1.00000 7 
 fake.rf 1440.00000000 52403.66278337773267282 1.00000 7 
 fake.rf 1440.00000000 52413.63556355469446757 1.00000 7 
 fake.rf 1440.00000000 52423.62300758412660073 1.00000 7 
 fake.rf 1440.00000000 52433.56177560408032079 1.00000 7 
 fake.rf 1440.00000000 52443.57859890426769667 1.00000 7 
 fake.rf 1440.00000000 52453.51468899317676886 1.00000 7 
 fake.rf 1440.00000000 52463.53579786905854476 1.00000 7 
 fake.rf 1440.00000000 52473.47740025964271737 1.00000 7 
 fake.rf 1440.00000000 52483.42659588650502300 1.00000 7 
 fake.rf 1440.00000000 52493.40112886226649991 1.00000 7 
 fake.rf 1440.00000000 52503.37684918553453883 1.00000 7 
 fake.rf 1440.00000000 52513.37375524329758036 1.00000 7 
 fake.rf 1440.00000000 52523.35999200249421293 1.00000 7 
 fake.rf 1440.00000000 52533.29731407536582566 1.00000 7 
 fake.rf 1440.00000000 52543.26850539620977543 1.00000 7 
 fake.rf 1440.00000000 52553.23257008695847858 1.00000 7 
 fake.rf 1440.00000000 52563.23879536840779991 1.00000 7 
 fake.rf 1440.00000000 52573.17715235756399395 1.00000 7 
 fake.rf 1440.00000000 52583.19470017117229688 1.00000 7 
 fake.rf 1440.00000000 52593.10750402654250379 1.00000 7 
 fake.rf 1440.00000000 52603.09987952086230578 1.00000 7 
 fake.rf 1440.00000000 52613.07521067153317418 1.00000 7 
 fake.rf 1440.00000000 52623.08089507794771578 1.00000 7 
 fake.rf 1440.00000000 52633.03065945370727619 1.00000 7 
 fake.rf 1440.00000000 52643.04042159329662454 1.00000 7 
 fake.rf 1440.00000000 52652.99871278767577110 1.00000 7 
 fake.rf 1440.00000000 52662.92000121682598035 1.00000 7 
 fake.rf 1440.00000000 52672.90863514455756089 1.00000 7 
 fake.rf 1440.00000000 52682.93069619343562948 1.00000 7 
 fake.rf 1440.00000000 52692.90193059165125788 1.00000 7 
 fake.rf 1440.00000000 52702.85376581195545853 1.00000 7 
 fake.rf 1440.00000000 52712.80853735098220980 1.00000 7 
 fake.rf 1440.00000000 52722.77985628106091909 1.00000 7 
 fake.rf 1440.00000000 52732.74643983792190838 1.00000 7 
 fake.rf 1440.00000000 52742.75061709137829169 1.00000 7 
 fake.rf 1440.00000000 52752.68273028352718157 1.00000 7 
 fake.rf 1440.00000000 52762.69604162201449427 1.00000 7 
 fake.rf 1440.00000000 52772.66529871230915916 1.00000 7 
 fake.rf 1440.00000000 52782.64965195580978019 1.00000 7 
 fake.rf 1440.00000000 52792.55612994716413056 1.00000 7 
 fake.rf 1440.00000000 52802.61055768076523265 1.00000 7 
 fake.rf 1440.00000000 52812.51460227695087823 1.00000 7 
 fake.rf 1440.00000000 52822.52862395448612176 1.00000 7 
 fake.rf 1440.00000000 52832.51325944811150492 1.00000 7 
 fake.rf 1440.00000000 52842.46526381531667127 1.00000 7 
 fake.rf 1440.00000000 52852.39444780445871075 1.00000 7 
 fake.rf 1440.00000000 52862.37045233732063920 1.00000 7 
 fake.rf 1440.00000000 52872.35598628807440136 1.00000 7 
 fake.rf 1440.00000000 52882.33416495030832394 1.00000 7 
 fake.rf 1440.00000000 52892.35502164539210668 1.00000 7 
 fake.rf 1440.00000000 52902.28066373884993823 1.00000 7 
 fake.rf 1440.00000000 52912.27852223925596320 1.00000 7 
 fake.rf 1440.00000000 52922.21868111031773552 1.00000 7 
 fake.rf 1440.00000000 52932.17731193334046225 1.00000 7 
 fake.rf 1440.00000000 52942.15223913816771173 1.00000 7 
 fake.rf 1440.00000000 52952.12946445411744989 1.00000 7 
 fake.rf 1440.00000000 52962.15702418874233359 1.00000 7 
 fake.rf 1440.00000000 52972.08054414835063639 1.00000 7 
 fake.rf 1440.00000000 52982.07370773801324759 1.00000 7 
 fake.rf 1440.00000000 52992.06729952182052656 1.00000 7 
 fake.rf 1440.00000000 53001.98935818367237971 1.00000 7 
 fake.rf 1440.00000000 53011.96166131914720765 1.00000 7 
 fake.rf 1440.00000000 53021.93732897145326177 1.00000 7 
 fake.rf 1440.00000000 53031.94134424843741371 1.00000 7 
 fake.rf 1440.00000000 53041.90753526585145039 1.00000 7 
 fake.rf 1440.00000000 53051.91468450142986413 1.00000 7 
 fake.rf 1440.00000000 53061.87811727286942087 1.00000 7 
 fake.rf 1440.00000000 53071.80159066146203273 1.00000 7 
 fake.rf 1440.00000000 53081.80530131220469769 1.00000 7 
 fake.rf 1440.00000000 53091.78039168966481753 1.00000 7 
 fake.rf 1440.00000000 53101.72098070104641465 1.00000 7 
 fake.rf 1440.00000000 53111.72309011275773116 1.00000 7 
 fake.rf 1440.00000000 53121.71286278766416800 1.00000 7 
 fake.rf 1440.00000000 53131.69477780039236947 1.00000 7 
 fake.rf 1440.00000000 53141.62549369762033891 1.00000 7 
 fake.rf 1440.00000000 53151.59457504090180180 1.00000 7 
 fake.rf 1440.00000000 53161.61631171356266279 1.00000 7 
 fake.rf 1440.00000000 53171.55033646951878623 1.00000 7 
 fake.rf 1440.00000000 53181.53225609625088310 1.00000 7 
 fake.rf 1440.00000000 53191.47614244315041532 1.00000 7 
 fake.rf 1440.00000000 53201.45832820542335995 1.00000 7 
 fake.rf 1440.00000000 53211.47652759288229518 1.00000 7 
 fake.rf 1440.00000000 53221.44557675075223457 1.00000 7 
 fake.rf 1440.00000000 53231.39522578548001874 1.00000 7 
 fake.rf 1440.00000000 53241.39936032177075731 1.00000 7 
 fake.rf 1440.00000000 53251.37064100987897675 1.00000 7 
 fake.rf 1440.00000000 53261.32481967044050108 1.00000 7 
 fake.rf 1440.00000000 53271.30048495579704948 1.00000 7 
 fake.rf 1440.00000000 53281.22258994679347666 1.00000 7 
 fake.rf 1440.00000000 53291.19723650462780640 1.00000 7 
 fake.rf 1440.00000000 53301.19379796004567140 1.00000 7 
 fake.rf 1440.00000000 53311.14859926074202789 1.00000 7 
 fake.rf 1440.00000000 53321.12285324983166035 1.00000 7 
 fake.rf 1440.00000000 53331.12238668266832420 1.00000 7 
 fake.rf 1440.00000000 53341.10850759114773467 1.00000 7 
 fake.rf 1440.00000000 53351.07625695911847075 1.00000 7 
 fake.rf 1440.00000000 53361.02691060879523022 1.00000 7 
 fake.rf 1440.00000000 53371.00376866531628295 1.00000 7 
 fake.rf 1440.00000000 53381.00562903903557554 1.00000 7 
 fake.rf 1440.00000000 53390.98729772868597721 1.00000 7 
 fake.rf 1440.00000000 53400.96655048315050252 1.00000 7 
 fake.rf 1440.00000000 53410.93630418996659159 1.00000 7 
 fake.rf 1440.00000000 53420.86405328075339227 1.00000 7 
 fake.rf 1440.00000000 53430.86038304639962959 1.00000 7 
 fake.rf 1440.00000000 53440.83935609423205904 1.00000 7 
 fake.rf 1440.00000000 53450.80845874882980695 1.00000 7 
 fake.rf 1440.00000000 53460.80117417208248298 1.00000 7 
 fake.rf 1440.00000000 53470.74585489676275785 1.00000 7 
 fake.rf 1440.00000000 53480.67628665352613027 1.00000 7 
 fake.rf 1440.00000000 53490.67822603866485665 1.00000 7 
 fake.rf 1440.00000000 53500.67743080110729537 1.00000 7 
 fake.rf 1440.00000000 53510.61735267142206496 1.00000 7 
 fake.rf 1440.00000000 53520.58146239646051256 1.00000 7 
 fake.rf 1440.00000000 53530.57702067565948312 1.00000 7 
 fake.rf 1440.00000000 53540.57722920295842783 1.00000 7 
 fake.rf 1440.00000000 53550.48944452894470558 1.00000 7 
 fake.rf 1440.00000000 53560.48358778912523803 1.00000 7 
 fake.rf 1440.00000000 53570.46527932525898308 1.00000 7 
 fake.rf 1440.00000000 53580.46379759150090294 1.00000 7 
 fake.rf 1440.00000000 53590.40735015768979110 1.00000 7 
 fake.rf 1440.00000000 53600.39099263599717204 1.00000 7 
 fake.rf 1440.00000000 53610.33004329053408554 1.00000 7 
 fake.rf 1440.00000000 53620.33903488444893171 1.00000 7 
 fake.rf 1440.00000000 53630.32423566869914566 1.00000 7 
 fake.rf 1440.00000000 53640.29012408910493903 1.00000 7 
 fake.rf 1440.00000000 53650.22920756171074075 1.00000 7 
 fake.rf 1440.00000000 53660.20946205032877430 1.00000 7 
