FORMAT 1
MODE 1
 fake.rf 1440.00000000 50000.21754444878267876 1.00000 7 
 fake.rf 1440.00000000 50010.22739050278256911 1.00000 7 
 fake.rf 1440.00000000 50020.16769314488464460 1.00000 7 
 fake.rf 1440.00000000 50030.13911041954910885 1.00000 7 
 fake.rf 1440.00000000 50040.10237213933513800 1.00000 7 
 fake.rf 1440.00000000 50050.13457581525070950 1.00000 7 
 fake.rf 1440.00000000 50060.09579886329685294 1.00000 7 
 fake.rf 1440.00000000 50070.03241062051671761 1.00000 7 
 fake.rf 1440.00000000 50080.04597752844727410 1.00000 7 
 fake.rf 1440.00000000 50089.99565692945417084 1.00000 7 
 fake.rf 1440.00000000 50099.97473367062073990 1.00000 7 
 fake.rf 1440.00000000 50109.93480650762091244 1.00000 7 
 fake.rf 1440.00000000 50119.92950939043353387 1.00000 7 
 fake.rf 1440.00000000 50129.88982036176551915 1.00000 7 
 fake.rf 1440.00000000 50139.82594695464128876 1.00000 7 
 fake.rf 1440.00000000 50149.80164549553340692 1.00000 7 
 fake.rf 1440.00000000 50159.79771479588229255 1.00000 7 
 fake.rf 1440.00000000 50169.76361168212207886 1.00000 7 
 fake.rf 1440.00000000 50179.78428187952044937 1.00000 7 
 fake.rf 1440.00000000 50189.71819701674210989 1.00000 7 
 fake.rf 1440.00000000 50199.74011504288200314 1.00000 7 
 fake.rf 1440.00000000 50209.69392852842491592 1.00000 7 
 fake.rf 1440.00000000 50219.67542879507280418 1.00000 7 
 fake.rf 1440.00000000 50229.59254569940353718 1.00000 7 
 fake.rf 1440.00000000 50239.61919950678181479 1.00000 7 
 fake.rf 1440.00000000 50249.57153971714065577 1.00000 7 
 fake.rf 1440.00000000 50259.56683157071621082 1.00000 7 
 fake.rf 1440.00000000 50269.54127570318646789 1.00000 7 
 fake.rf 1440.00000000 50279.43979506144125580 1.00000 7 
 fake.rf 1440.00000000 50289.47754634114306072 1.00000 7 
 fake.rf 1440.00000000 50299.42568572668026050 1.00000 7 
 fake.rf 1440.00000000 50309.37119972962242898 1.00000 7 
 fake.rf 1440.00000000 50319.36276810904638879 1.00000 7 
 fake.rf 1440.00000000 50329.36184780433723418 1.00000 7 
 fake.rf 1440.00000000 50339.30608340516411658 1.00000 7 
 fake.rf 1440.00000000 50349.28821783297735593 1.00000 7 
 fake.rf 1440.00000000 50359.26347216792948913 1.00000 7 
 fake.rf 1440.00000000 50369.19623517712500060 1.00000 7 
 fake.rf 1440.00000000 50379.22561902025059410 1.00000 7 
 fake.rf 1440.00000000 50389.15841127926237064 1.00000 7 
 fake.rf 1440.00000000 50399.15149134452905955 1.00000 7 
 fake.rf 1440.00000000 50409.10392293528825292 1.00000 7 
 fake.rf 1440.00000000 50419.10742570219338177 1.00000 7 
 fake.rf 1440.00000000 50429.03917964245779260 1.00000 7 
 fake.rf 1440.00000000 50439.06255987133176788 1.00000 7 
 fake.rf 1440.00000000 50449.02949356123122371 1.00000 7 
 fake.rf 1440.00000000 50458.96425038353219250 1.00000 7 
 fake.rf 1440.00000000 50468.92767090391102869 1.00000 7 
 fake.rf 1440.00000000 50478.97113914626371312 1.00000 7 
 fake.rf 1440.00000000 50488.87053718580979833 1.00000 7 
 fake.rf 1440.00000000 50498.87851048801463349 1.00000 7 
 fake.rf 1440.00000000 50508.88786776947895163 1.00000 7 
 fake.rf 1440.00000000 50518.85171694542244225 1.00000 7 
 fake.rf 1440.00000000 50528.78516151860909389 1.00000 7 
 fake.rf 1440.00000000 50538.73894003521792939 1.00000 7 
 fake.rf 1440.00000000 50548.75674734897071616 1.00000 7 
 fake.rf 1440.00000000 50558.75316982683099454 1.00000 7 
 fake.rf 1440.00000000 50568.72954452379649126 1.00000 7 
 fake.rf 1440.00000000 50578.66576696716998995 1.00000 7 
 fake.rf 1440.00000000 50588.67134643543171180 1.00000 7 
 fake.rf 1440.00000000 50598.62944343548088710 1.00000 7 
 fake.rf 1440.00000000 50608.54110959125901203 1.00000 7 
 fake.rf 1440.00000000 50618.51950742794538129 1.00000 7 
 fake.rf 1440.00000000 50628.49647711263888539 1.00000 7 
 fake.rf 1440.00000000 50638.51786061732545363 1.00000 7 
 fake.rf 1440.00000000 50648.46779839336050344 1.00000 7 
 fake.rf 1440.00000000 50658.45420684414206036 1.00000 7 
 fake.rf 1440.00000000 50668.39481570894120921 1.00000 7 
 fake.rf 1440.00000000 50678.38815414220962197 1.00000 7 
 fake.rf 1440.00000000 50688.34791746495749720 1.00000 7 
 fake.rf 1440.00000000 50698.33195621899322347 1.00000 7 
 fake.rf 1440.00000000 50708.34567908330168606 1.00000 7 
 fake.rf 1440.00000000 50718.28517829519258697 1.00000 7 
 fake.rf 1440.00000000 50728.21669084840246455 1.00000 7 
 fake.rf 1440.00000000 50738.18947195564467023 1.00000 7 
 fake.rf 1440.00000000 50748.17965572790633288 1.00000 7 
 fake.rf 1440.00000000 50758.18873965576472429 1.00000 7 
 fake.rf 1440.00000000 50768.12358190489835508 1.00000 7 
 fake.rf 1440.00000000 50778.10449054027852611 1.00000 7 
 fake.rf 1440.00000000 50788.10101371170943807 1.00000 7 
 fake.rf 1440.00000000 50798.04589165462048328 1.00000 7 
 fake.rf 1440.00000000 50808.06207792198637208 1.00000 7 
 fake.rf 1440.00000000 50818.01192940200586179 1.00000 7 
 fake.rf 1440.00000000 50827.94796084030834038 1.00000 7 
 fake.rf 1440.00000000 50837.92489601343778105 1.00000 7 
 fake.rf 1440.00000000 50847.93916366466091006 1.00000 7 
 fake.rf 1440.00000000 50857.92030675747548685 1.00000 7 
 fake.rf 1440.00000000 50867.83763540830418037 1.00000 7 
 fake.rf 1440.00000000 50877.85558207828198363 1.00000 7 
 fake.rf 1440.00000000 50887.80025193226255453 1.00000 7 
 fake.rf 1440.00000000 50897.75046442008807190 1.00000 7 
 fake.rf 1440.00000000 50907.75381241695811596 1.00000 7 
 fake.rf 1440.00000000 50917.72078608546416589 1.00000 7 
 fake.rf 1440.00000000 50927.67670074369747368 1.00000 7 
 fake.rf 1440.00000000 50937.68432278286350723 1.00000 7 
 fake.rf 1440.00000000 50947.61665095467965614 1.00000 7 
 fake.rf 1440.00000000 50957.63314103596379923 1.00000 7 
 fake.rf 1440.00000000 50967.57114251914908820 1.00000 7 
 fake.rf 1440.00000000 50977.55471723364869163 1.00000 7 
 fake.rf 1440.00000000 50987.50851678077610885 1.00000 7 
 fake.rf 1440.00000000 50997.51691921919566752 1.00000 7 
 fake.rf 1440.00000000 51007.51183701547267546 1.00000 7 
 fake.rf 1440.00000000 51017.42333040720703607 1.00000 7 
 fake.rf 1440.00000000 51027.39853641355962921 1.00000 7 
 fake.rf 1440.00000000 51037.43560444212712923 1.00000 7 
 fake.rf 1440.00000000 51047.34718326600899729 1.00000 7 
 fake.rf 1440.00000000 51057.33987739860132038 1.00000 7 
 fake.rf 1440.00000000 51067.33000031591966206 1.00000 7 
 fake.rf 1440.00000000 51077.28705905601157156 1.00000 7 
 fake.rf 1440.00000000 51087.28796615406592352 1.00000 7 
 fake.rf 1440.00000000 51097.21858325753180452 1.00000 7 
 fake.rf 1440.00000000 51107.23115762169956255 1.00000 7 
 fake.rf 1440.00000000 51117.19222198237891064 1.00000 7 
 fake.rf 1440.00000000 51127.18332822548554262 1.00000 7 
 fake.rf 1440.00000000 51137.15923833355260442 1.00000 7 
 fake.rf 1440.00000000 51147.12454220566457153 1.00000 7 
 fake.rf 1440.00000000 51157.07388711147832794 1.00000 7 
 fake.rf 1440.00000000 51167.05824465967311809 1.00000 7 
 fake.rf 1440.00000000 51177.05151483969098081 1.00000 7 
 fake.rf 1440.00000000 51186.96277745128040948 1.00000 7 
 fake.rf 1440.00000000 51197.00244251666644146 1.00000 7 
 fake.rf 1440.00000000 51206.97322949013919313 1.00000 7 
 fake.rf 1440.00000000 51216.91514442525153328 1.00000 7 
 fake.rf 1440.00000000 51226.86575415647586951 1.00000 7 
 fake.rf 1440.00000000 51236.81976012584489766 1.00000 7 
 fake.rf 1440.00000000 51246.79660142904530318 1.00000 7 
 fake.rf 1440.00000000 51256.79017702401555212 1.00000 7 
 fake.rf 1440.00000000 51266.78797740773774549 1.00000 7 
 fake.rf 1440.00000000 51276.73012453723391957 1.00000 7 
 fake.rf 1440.00000000 51286.73457915307464816 1.00000 7 
 fake.rf 1440.00000000 51296.71348339612223555 1.00000 7 
 fake.rf 1440.00000000 51306.69133731061346992 1.00000 7 
 fake.rf 1440.00000000 51316.63468073454161100 1.00000 7 
 fake.rf 1440.00000000 51326.63571604212330968 1.00000 7 
 fake.rf 1440.00000000 51336.61608030053488250 1.00000 7 
 fake.rf 1440.00000000 51346.54046273426556013 1.00000 7 
 fake.rf 1440.00000000 51356.56371452983146142 1.00000 7 
 fake.rf 1440.00000000 51366.48074390886277030 1.00000 7 
 fake.rf 1440.00000000 51376.50588694504869380 1.00000 7 
 fake.rf 1440.00000000 51386.43016848931084439 1.00000 7 
 fake.rf 1440.00000000 51396.45874263636324386 1.00000 7 
 fake.rf 1440.00000000 51406.35847377732229901 1.00000 7 
 fake.rf 1440.00000000 51416.40596732367475141 1.00000 7 
 fake.rf 1440.00000000 51426.33957683939585692 1.00000 7 
 fake.rf 1440.00000000 51436.34105188061700886 1.00000 7 
 fake.rf 1440.00000000 51446.30842657981121491 1.00000 7 
 fake.rf 1440.00000000 51456.23464426663717575 1.00000 7 
 fake.rf 1440.00000000 51466.21276857987223607 1.00000 7 
 fake.rf 1440.00000000 51476.19180513170207192 1.00000 7 
 fake.rf 1440.00000000 51486.13859733948859798 1.00000 7 
 fake.rf 1440.00000000 51496.13862190231719040 1.00000 7 
 fake.rf 1440.00000000 51506.10129453692949397 1.00000 7 
 fake.rf 1440.00000000 51516.12951140901211389 1.00000 7 
 fake.rf 1440.00000000 51526.09875525393397666 1.00000 7 
 fake.rf 1440.00000000 51536.03934195058539203 1.00000 7 
 fake.rf 1440.00000000 51546.04886908739785056 1.00000 7 
 fake.rf 1440.00000000 51556.02225858322591634 1.00000 7 
 fake.rf 1440.00000000 51565.98372517744579113 1.00000 7 
 fake.rf 1440.00000000 51575.93502372379360565 1.00000 7 
 fake.rf 1440.00000000 51585.87786466820121234 1.00000 7 
 fake.rf 1440.00000000 51595.87109022322258056 1.00000 7 
 fake.rf 1440.00000000 51605.82859736275539930 1.00000 7 
 fake.rf 1440.00000000 51615.85992987579717450 1.00000 7 
 fake.rf 1440.00000000 51625.82380317425048588 1.00000 7 
 fake.rf 1440.00000000 51635.72631663700502358 1.00000 7 
 fake.rf 1440.00000000 51645.76531772905024553 1.00000 7 
 fake.rf 1440.00000000 51655.68087780154948874 1.00000 7 
 fake.rf 1440.00000000 51665.71728072473677784 1.00000 7 
 fake.rf 1440.00000000 51675.61728219122564099 1.00000 7 
 fake.rf 1440.00000000 51685.66862298628786832 1.00000 7 
 fake.rf 1440.00000000 51695.57327845666287658 1.00000 7 
 fake.rf 1440.00000000 51705.61249170601208291 1.00000 7 
 fake.rf 1440.00000000 51715.59086798559055609 1.00000 7 
 fake.rf 1440.00000000 51725.48698801274793979 1.00000 7 
 fake.rf 1440.00000000 51735.48711510382808498 1.00000 7 
 fake.rf 1440.00000000 51745.49427074229408063 1.00000 7 
 fake.rf 1440.00000000 51755.46840315565400203 1.00000 7 
 fake.rf 1440.00000000 51765.42205226521981132 1.00000 7 
 fake.rf 1440.00000000 51775.35130321322165514 1.00000 7 
 fake.rf 1440.00000000 51785.33177652991992446 1.00000 7 
 fake.rf 1440.00000000 51795.34285551077751464 1.00000 7 
 fake.rf 1440.00000000 51805.29943536927032355 1.00000 7 
 fake.rf 1440.00000000 51815.26988560120235050 1.00000 7 
 fake.rf 1440.00000000 51825.25315246496342070 1.00000 7 
 fake.rf 1440.00000000 51835.20628049720711417 1.00000 7 
 fake.rf 1440.00000000 51845.22795511205352170 1.00000 7 
 fake.rf 1440.00000000 51855.16472011759061544 1.00000 7 
 fake.rf 1440.00000000 51865.11854195978458293 1.00000 7 
 fake.rf 1440.00000000 51875.12898751334920178 1.00000 7 
 fake.rf 1440.00000000 51885.04435541174781221 1.00000 7 
 fake.rf 1440.00000000 51895.05165584534356071 1.00000 7 
 fake.rf 1440.00000000 51904.99929795773362429 1.00000 7 
 fake.rf 1440.00000000 51914.98281067423162938 1.00000 7 
 fake.rf 1440.00000000 51924.96541463010928297 1.00000 7 
 fake.rf 1440.00000000 51934.98756769491837915 1.00000 7 
 fake.rf 1440.00000000 51944.90089819842171082 1.00000 7 
 fake.rf 1440.00000000 51954.86647422300757881 1.00000 7 
 fake.rf 1440.00000000 51964.83149173580811819 1.00000 7 
 fake.rf 1440.00000000 51974.80852951496759218 1.00000 7 
 fake.rf 1440.00000000 51984.78474466645680607 1.00000 7 
 fake.rf 1440.00000000 51994.74507394604645683 1.00000 7 
 fake.rf 1440.00000000 52004.73740485273130574 1.00000 7 
 fake.rf 1440.00000000 52014.69680425116762024 1.00000 7 
 fake.rf 1440.00000000 52024.66281412907931525 1.00000 7 
 fake.rf 1440.00000000 52034.66190274902611890 1.00000 7 
 fake.rf 1440.00000000 52044.64873357568042422 1.00000 7 
 fake.rf 1440.00000000 52054.64920343616485710 1.00000 7 
 fake.rf 1440.00000000 52064.56639546485928349 1.00000 7 
 fake.rf 1440.00000000 52074.53417972515260814 1.00000 7 
 fake.rf 1440.00000000 52084.57453822547015676 1.00000 7 
 fake.rf 1440.00000000 52094.49950785398644726 1.00000 7 
 fake.rf 1440.00000000 52104.50567544593559433 1.00000 7 
 fake.rf 1440.00000000 52114.44658481815320172 1.00000 7 
 fake.rf 1440.00000000 52124.45264236049057516 1.00000 7 
 fake.rf 1440.00000000 52134.38604778591361466 1.00000 7 
 fake.rf 1440.00000000 52144.39072284819232905 1.00000 7 
 fake.rf 1440.00000000 52154.36242603869589729 1.00000 7 
 fake.rf 1440.00000000 52164.34323410912614349 1.00000 7 
 fake.rf 1440.00000000 52174.32903535829895603 1.00000 7 
 fake.rf 1440.00000000 52184.25515509489040156 1.00000 7 
 fake.rf 1440.00000000 52194.26196875677487341 1.00000 7 
 fake.rf 1440.00000000 52204.19904145349472557 1.00000 7 
 fake.rf 1440.00000000 52214.18344095897973034 1.00000 7 
 fake.rf 1440.00000000 52224.11773832072731949 1.00000 7 
 fake.rf 1440.00000000 52234.14805262755679038 1.00000 7 
 fake.rf 1440.00000000 52244.09857621713851827 1.00000 7 
 fake.rf 1440.00000000 52254.05684172397551635 1.00000 7 
 fake.rf 1440.00000000 52264.08003640955215374 1.00000 7 
 fake.rf 1440.00000000 52274.02288182150233453 1.00000 7 
 fake.rf 1440.00000000 52283.98548945979817049 1.00000 7 
 fake.rf 1440.00000000 52293.92887026378473081 1.00000 7 
 fake.rf 1440.00000000 52303.94268265926867656 1.00000 7 
 fake.rf 1440.00000000 52313.92492552107612269 1.00000 7 
 fake.rf 1440.00000000 52323.85501007856730737 1.00000 7 
 fake.rf 1440.00000000 52333.86213666955830348 1.00000 7 
 fake.rf 1440.00000000 52343.87077250646328963 1.00000 7 
 fake.rf 1440.00000000 52353.81499219749039042 1.00000 7 
 fake.rf 1440.00000000 52363.76655969089425469 1.00000 7 
 fake.rf 1440.00000000 52373.71969183889214250 1.00000 7 
 fake.rf 1440.00000000 52383.74233347964039709 1.00000 7 
 fake.rf 1440.00000000 52393.67823044233879770 1.00000 7 
 fake.rf 1440.00000000 52403.66696992790718213 1.00000 7 
 fake.rf 1440.00000000 52413.63975013257454449 1.00000 7 
 fake.rf 1440.00000000 52423.62719414753857805 1.00000 7 
 fake.rf 1440.00000000 52433.56596219280206483 1.00000 7 
 fake.rf 1440.00000000 52443.58278546435389345 1.00000 7 
 fake.rf 1440.00000000 52453.51887555359923709 1.00000 7 
 fake.rf 1440.00000000 52463.53998443168006816 1.00000 7 
 fake.rf 1440.00000000 52473.48158682122343066 1.00000 7 
 fake.rf 1440.00000000 52483.43078248150477805 1.00000 7 
 fake.rf 1440.00000000 52493.40531541439089125 1.00000 7 
 fake.rf 1440.00000000 52503.38103577457887639 1.00000 7 
 fake.rf 1440.00000000 52513.37794180816540646 1.00000 7 
 fake.rf 1440.00000000 52523.36417858417580362 1.00000 7 
 fake.rf 1440.00000000 52533.30150064224296358 1.00000 7 
 fake.rf 1440.00000000 52543.27269195426261916 1.00000 7 
 fake.rf 1440.00000000 52553.23675666665379325 1.00000 7 
 fake.rf 1440.00000000 52563.24298192389617412 1.00000 7 
 fake.rf 1440.00000000 52573.18133892769836280 1.00000 7 
 fake.rf 1440.00000000 52583.19888672823735121 1.00000 7 
 fake.rf 1440.00000000 52593.11169060188422009 1.00000 7 
 fake.rf 1440.00000000 52603.10406607303053761 1.00000 7 
 fake.rf 1440.00000000 52613.07939726079196419 1.00000 7 
 fake.rf 1440.00000000 52623.08508167066923988 1.00000 7 
 fake.rf 1440.00000000 52633.03484603022300092 1.00000 7 
 fake.rf 1440.00000000 52643.04460813928987761 1.00000 7 
 fake.rf 1440.00000000 52653.00289937881396796 1.00000 7 
 fake.rf 1440.00000000 52662.92418780704946002 1.00000 7 
 fake.rf 1440.00000000 52672.91282169855385931 1.00000 7 
 fake.rf 1440.00000000 52682.93488277061214831 1.00000 7 
 fake.rf 1440.00000000 52692.90611714935695886 1.00000 7 
 fake.rf 1440.00000000 52702.85795237807207414 1.00000 7 
 fake.rf 1440.00000000 52712.81272390160539487 1.00000 7 
 fake.rf 1440.00000000 52722.78404284706180505 1.00000 7 
 fake.rf 1440.00000000 52732.75062639590136015 1.00000 7 
 fake.rf 1440.00000000 52742.75480363732667755 1.00000 7 
 fake.rf 1440.00000000 52752.68691684130558883 1.00000 7 
 fake.rf 1440.00000000 52762.70022817713764951 1.00000 7 
 fake.rf 1440.00000000 52772.66948528546491914 1.00000 7 
 fake.rf 1440.00000000 52782.65383853118658664 1.00000 7 
 fake.rf 1440.00000000 52792.56031650946408718 1.00000 7 
 fake.rf 1440.00000000 52802.61474424202560485 1.00000 7 
 fake.rf 1440.00000000 52812.51878887307841026 1.00000 7 
 fake.rf 1440.00000000 52822.53281054032592223 1.00000 7 
 fake.rf 1440.00000000 52832.51744602428383502 1.00000 7 
 fake.rf 1440.00000000 52842.46945037918159116 1.00000 7 
 fake.rf 1440.00000000 52852.39863436856748891 1.00000 7 
 fake.rf 1440.00000000 52862.37463893485800170 1.00000 7 
 fake.rf 1440.00000000 52872.36017284645115311 1.00000 7 
 fake.rf 1440.00000000 52882.33835151230809402 1.00000 7 
 fake.rf 1440.00000000 52892.35920820524523123 1.00000 7 
 fake.rf 1440.00000000 52902.28485031889827894 1.00000 7 
 fake.rf 1440.00000000 52912.28270880632640427 1.00000 7 
 fake.rf 1440.00000000 52922.22286766630517363 1.00000 7 
 fake.rf 1440.00000000 52932.18149853006171313 1.00000 7 
 fake.rf 1440.00000000 52942.15642570831199976 1.00000 7 
 fake.rf 1440.00000000 52952.13365103014392687 1.00000 7 
 fake.rf 1440.00000000 52962.16121076385769939 1.00000 7 
 fake.rf 1440.00000000 52972.08473073005587750 1.00000 7 
 fake.rf 1440.00000000 52982.07789427531101722 1.00000 7 
 fake.rf 1440.00000000 52992.07148608640076048 1.00000 7 
 fake.rf 1440.00000000 53001.99354475799171738 1.00000 7 
 fake.rf 1440.00000000 53011.96584787938540728 1.00000 7 
 fake.rf 1440.00000000 53021.94151555177237967 1.00000 7 
 fake.rf 1440.00000000 53031.94553079706538057 1.00000 7 
 fake.rf 1440.00000000 53041.91172181664780894 1.00000 7 
 fake.rf 1440.00000000 53051.91887106432261945 1.00000 7 
 fake.rf 1440.00000000 53061.88230385315994653 1.00000 7 
 fake.rf 1440.00000000 53071.80577721480561948 1.00000 7 
 fake.rf 1440.00000000 53081.80948787810940104 1.00000 7 
 fake.rf 1440.00000000 53091.78457826842894463 1.00000 7 
 fake.rf 1440.00000000 53101.72516729043794825 1.00000 7 
 fake.rf 1440.00000000 53111.72727668923330668 1.00000 7 
 fake.rf 1440.00000000 53121.71704934115048857 1.00000 7 
 fake.rf 1440.00000000 53131.69896435779181587 1.00000 7 
 fake.rf 1440.00000000 53141.62968024950285084 1.00000 7 
 fake.rf 1440.00000000 53151.59876161744876910 1.00000 7 
 fake.rf 1440.00000000 53161.62049828830430087 1.00000 7 
 fake.rf 1440.00000000 53171.55452305888883302 1.00000 7 
 fake.rf 1440.00000000 53181.53644266359766490 1.00000 7 
 fake.rf 1440.00000000 53191.48032900115202892 1.00000 7 
 fake.rf 1440.00000000 53201.46251478412733960 1.00000 7 
 fake.rf 1440.00000000 53211.48071415635787673 1.00000 7 
 fake.rf 1440.00000000 53221.44976333124578716 1.00000 7 
 fake.rf 1440.00000000 53231.39941235196247504 1.00000 7 
 fake.rf 1440.00000000 53241.40354689846648739 1.00000 7 
 fake.rf 1440.00000000 53251.37482758383490022 1.00000 7 
 fake.rf 1440.00000000 53261.32900625146434592 1.00000 7 
 fake.rf 1440.00000000 53271.30467153465319541 1.00000 7 
 fake.rf 1440.00000000 53281.22677651407153121 1.00000 7 
 fake.rf 1440.00000000 53291.20142307619699906 1.00000 7 
 fake.rf 1440.00000000 53301.19798452054029880 1.00000 7 
 fake.rf 1440.00000000 53311.15278582826453047 1.00000 7 
 fake.rf 1440.00000000 53321.12703983312116662 1.00000 7 
 fake.rf 1440.00000000 53331.12657325731830582 1.00000 7 
 fake.rf 1440.00000000 53341.11269415026136542 1.00000 7 
 fake.rf 1440.00000000 53351.08044354651877939 1.00000 7 
 fake.rf 1440.00000000 53361.03109720313091913 1.00000 7 
 fake.rf 1440.00000000 53371.00795521644236530 1.00000 7 
 fake.rf 1440.00000000 53381.00981561273686538 1.00000 7 
 fake.rf 1440.00000000 53390.99148430979272462 1.00000 7 
 fake.rf 1440.00000000 53400.97073705420408984 1.00000 7 
 fake.rf 1440.00000000 53410.94049076090175987 1.00000 7 
 fake.rf 1440.00000000 53420.86823986083389215 1.00000 7 
 fake.rf 1440.00000000 53430.86456960610805567 1.00000 7 
 fake.rf 1440.00000000 53440.84354267860299004 1.00000 7 
 fake.rf 1440.00000000 53450.81264530660296685 1.00000 7 
 fake.rf 1440.00000000 53460.80536074170598937 1.00000 7 
 fake.rf 1440.00000000 53470.75004149949954169 1.00000 7 
 fake.rf 1440.00000000 53480.68047323029893292 1.00000 7 
 fake.rf 1440.00000000 53490.68241261909690110 1.00000 7 
 fake.rf 1440.00000000 53500.68161735852398309 1.00000 7 
 fake.rf 1440.00000000 53510.62153925678478572 1.00000 7 
 fake.rf 1440.00000000 53520.58564898020967959 1.00000 7 
 fake.rf 1440.00000000 53530.58120722794371460 1.00000 7 
 fake.rf 1440.00000000 53540.58141578118121373 1.00000 7 
 fake.rf 1440.00000000 53550.49363108006277656 1.00000 7 
 fake.rf 1440.00000000 53560.48777436058202994 1.00000 7 
 fake.rf 1440.00000000 53570.46946589598045918 1.00000 7 
 fake.rf 1440.00000000 53580.46798416772101348 1.00000 7 
 fake.rf 1440.00000000 53590.41153673616679853 1.00000 7 
 fake.rf 1440.00000000 53600.39517917205261099 1.00000 7 
 fake.rf 1440.00000000 53610.33422988356030459 1.00000 7 
 fake.rf 1440.00000000 53620.34322142857160287 1.00000 7 
 fake.rf 1440.00000000 53630.32842220560976187 1.00000 7 
 fake.rf 1440.00000000 53640.29431067781122522 1.00000 7 
 fake.rf 1440.00000000 53650.23339412795906256 1.00000 7 
 fake.rf 1440.00000000 53660.21364862328386280 1.00000 7 
