FORMAT 1
MODE 1
 fake.rf 1440.00000000 50000.22423742753151998 1.00000 7 
 fake.rf 1440.00000000 50010.23408347166769516 1.00000 7 
 fake.rf 1440.00000000 50020.17438612364160733 1.00000 7 
 fake.rf 1440.00000000 50030.14580339412384546 1.00000 7 
 fake.rf 1440.00000000 50040.10906513435964627 1.00000 7 
 fake.rf 1440.00000000 50050.14126879088972899 1.00000 7 
 fake.rf 1440.00000000 50060.10249181766554472 1.00000 7 
 fake.rf 1440.00000000 50070.03910359119460338 1.00000 7 
 fake.rf 1440.00000000 50080.05267052370576764 1.00000 7 
 fake.rf 1440.00000000 50090.00234990524331025 1.00000 7 
 fake.rf 1440.00000000 50099.98142664621960307 1.00000 7 
 fake.rf 1440.00000000 50109.94149949418030232 1.00000 7 
 fake.rf 1440.00000000 50119.93620236383508271 1.00000 7 
 fake.rf 1440.00000000 50129.89651334019696094 1.00000 7 
 fake.rf 1440.00000000 50139.83263993808585468 1.00000 7 
 fake.rf 1440.00000000 50149.80833849482642961 1.00000 7 
 fake.rf 1440.00000000 50159.80440777580016487 1.00000 7 
 fake.rf 1440.00000000 50169.77030467868458885 1.00000 7 
 fake.rf 1440.00000000 50179.79097487241118358 1.00000 7 
 fake.rf 1440.00000000 50189.72488999357890904 1.00000 7 
 fake.rf 1440.00000000 50199.74680804089277331 1.00000 7 
 fake.rf 1440.00000000 50209.70062151048965404 1.00000 7 
 fake.rf 1440.00000000 50219.68212176065113184 1.00000 7 
 fake.rf 1440.00000000 50229.59923868849945805 1.00000 7 
 fake.rf 1440.00000000 50239.62589250344411695 1.00000 7 
 fake.rf 1440.00000000 50249.57823270332859877 1.00000 7 
 fake.rf 1440.00000000 50259.57352451568023355 1.00000 7 
 fake.rf 1440.00000000 50269.54796867521369208 1.00000 7 
 fake.rf 1440.00000000 50279.44648800995575755 1.00000 7 
 fake.rf 1440.00000000 50289.48423935706623666 1.00000 7 
 fake.rf 1440.00000000 50299.43237871602651978 1.00000 7 
 fake.rf 1440.00000000 50309.37789273144050739 1.00000 7 
 fake.rf 1440.00000000 50319.36946110036809543 1.00000 7 
 fake.rf 1440.00000000 50329.36854078742431540 1.00000 7 
 fake.rf 1440.00000000 50339.31277640968227871 1.00000 7 
 fake.rf 1440.00000000 50349.29491080504893574 1.00000 7 
 fake.rf 1440.00000000 50359.27016514638964395 1.00000 7 
 fake.rf 1440.00000000 50369.20292814045463459 1.00000 7 
 fake.rf 1440.00000000 50379.23231200105940175 1.00000 7 
 fake.rf 1440.00000000 50389.16510428766692442 1.00000 7 
 fake.rf 1440.00000000 50399.15818432362522472 1.00000 7 
 fake.rf 1440.00000000 50409.11061592516332297 1.00000 7 
 fake.rf 1440.00000000 50419.11411867388937935 1.00000 7 
 fake.rf 1440.00000000 50429.04587263505334604 1.00000 7 
 fake.rf 1440.00000000 50439.06925285772614131 1.00000 7 
 fake.rf 1440.00000000 50449.03618656086383609 1.00000 7 
 fake.rf 1440.00000000 50458.97094334644470592 1.00000 7 
 fake.rf 1440.00000000 50468.93436388841439921 1.00000 7 
 fake.rf 1440.00000000 50478.97783212584636914 1.00000 7 
 fake.rf 1440.00000000 50488.87723017481260257 1.00000 7 
 fake.rf 1440.00000000 50498.88520345462130123 1.00000 7 
 fake.rf 1440.00000000 50508.89456077019001867 1.00000 7 
 fake.rf 1440.00000000 50518.85840993366597473 1.00000 7 
 fake.rf 1440.00000000 50528.79185452011740409 1.00000 7 
 fake.rf 1440.00000000 50538.74563302833113454 1.00000 7 
 fake.rf 1440.00000000 50548.76344031802064194 1.00000 7 
 fake.rf 1440.00000000 50558.75986281107475051 1.00000 7 
 fake.rf 1440.00000000 50568.73623747554771768 1.00000 7 
 fake.rf 1440.00000000 50578.67245993089507294 1.00000 7 
 fake.rf 1440.00000000 50588.67803941038483728 1.00000 7 
 fake.rf 1440.00000000 50598.63613641239163599 1.00000 7 
 fake.rf 1440.00000000 50608.54780254560090214 1.00000 7 
 fake.rf 1440.00000000 50618.52620040287899172 1.00000 7 
 fake.rf 1440.00000000 50628.50317009804164670 1.00000 7 
 fake.rf 1440.00000000 50638.52455357668469205 1.00000 7 
 fake.rf 1440.00000000 50648.47449135996720315 1.00000 7 
 fake.rf 1440.00000000 50658.46089981731356744 1.00000 7 
 fake.rf 1440.00000000 50668.40150867864496220 1.00000 7 
 fake.rf 1440.00000000 50678.39484714076701977 1.00000 7 
 fake.rf 1440.00000000 50688.35461044707679434 1.00000 7 
 fake.rf 1440.00000000 50698.33864920895301509 1.00000 7 
 fake.rf 1440.00000000 50708.35237205965317031 1.00000 7 
 fake.rf 1440.00000000 50718.29187126249935957 1.00000 7 
 fake.rf 1440.00000000 50728.22338383133559248 1.00000 7 
 fake.rf 1440.00000000 50738.19616490464408898 1.00000 7 
 fake.rf 1440.00000000 50748.18634871194498004 1.00000 7 
 fake.rf 1440.00000000 50758.19543264409343664 1.00000 7 
 fake.rf 1440.00000000 50768.13027489922177793 1.00000 7 
 fake.rf 1440.00000000 50778.11118348859842442 1.00000 7 
 fake.rf 1440.00000000 50788.10770669892313478 1.00000 7 
 fake.rf 1440.00000000 50798.05258462732402336 1.00000 7 
 fake.rf 1440.00000000 50808.06877091774380517 1.00000 7 
 fake.rf 1440.00000000 50818.01862235345639007 1.00000 7 
 fake.rf 1440.00000000 50827.95465382071288474 1.00000 7 
 fake.rf 1440.00000000 50837.93158899998903522 1.00000 7 
 fake.rf 1440.00000000 50847.94585666822144532 1.00000 7 
 fake.rf 1440.00000000 50857.92699974176426636 1.00000 7 
 fake.rf 1440.00000000 50867.84432839695051598 1.00000 7 
 fake.rf 1440.00000000 50877.86227507280446147 1.00000 7 
 fake.rf 1440.00000000 50887.80694494417954132 1.00000 7 
 fake.rf 1440.00000000 50897.75715738116559095 1.00000 7 
 fake.rf 1440.00000000 50907.76050542078615280 1.00000 7 
 fake.rf 1440.00000000 50917.72747908992191412 1.00000 7 
 fake.rf 1440.00000000 50927.68339370839306568 1.00000 7 
 fake.rf 1440.00000000 50937.69101577231680622 1.00000 7 
 fake.rf 1440.00000000 50947.62334394582547503 1.00000 7 
 fake.rf 1440.00000000 50957.63983403839417363 1.00000 7 
 fake.rf 1440.00000000 50967.57783548267613583 1.00000 7 
 fake.rf 1440.00000000 50977.56141019923091307 1.00000 7 
 fake.rf 1440.00000000 50987.51520972433344525 1.00000 7 
 fake.rf 1440.00000000 50997.52361218427627421 1.00000 7 
 fake.rf 1440.00000000 51007.51853002157043093 1.00000 7 
 fake.rf 1440.00000000 51017.43002338381136340 1.00000 7 
 fake.rf 1440.00000000 51027.40522941671580881 1.00000 7 
 fake.rf 1440.00000000 51037.44229742563167562 1.00000 7 
 fake.rf 1440.00000000 51047.35387623449567585 1.00000 7 
 fake.rf 1440.00000000 51057.34657038207900470 1.00000 7 
 fake.rf 1440.00000000 51067.33669331620656351 1.00000 7 
 fake.rf 1440.00000000 51077.29375205229299794 1.00000 7 
 fake.rf 1440.00000000 51087.29465915581223356 1.00000 7 
 fake.rf 1440.00000000 51097.22527621994425573 1.00000 7 
 fake.rf 1440.00000000 51107.23785060981738582 1.00000 7 
 fake.rf 1440.00000000 51117.19891494069806370 1.00000 7 
 fake.rf 1440.00000000 51127.19002117895532322 1.00000 7 
 fake.rf 1440.00000000 51137.16593133846594554 1.00000 7 
 fake.rf 1440.00000000 51147.13123521933750126 1.00000 7 
 fake.rf 1440.00000000 51157.08058011364594719 1.00000 7 
 fake.rf 1440.00000000 51167.06493766043002225 1.00000 7 
 fake.rf 1440.00000000 51177.05820783410548813 1.00000 7 
 fake.rf 1440.00000000 51186.96947043131331867 1.00000 7 
 fake.rf 1440.00000000 51197.00913549067535158 1.00000 7 
 fake.rf 1440.00000000 51206.97992246772907876 1.00000 7 
 fake.rf 1440.00000000 51216.92183739222040018 1.00000 7 
 fake.rf 1440.00000000 51226.87244713790818196 1.00000 7 
 fake.rf 1440.00000000 51236.82645311056916171 1.00000 7 
 fake.rf 1440.00000000 51246.80329443599691430 1.00000 7 
 fake.rf 1440.00000000 51256.79687001389780221 1.00000 7 
 fake.rf 1440.00000000 51266.79467039291638741 1.00000 7 
 fake.rf 1440.00000000 51276.73681751120236427 1.00000 7 
 fake.rf 1440.00000000 51286.74127209874612277 1.00000 7 
 fake.rf 1440.00000000 51296.72017636288586573 1.00000 7 
 fake.rf 1440.00000000 51306.69803031293642093 1.00000 7 
 fake.rf 1440.00000000 51316.64137371101996976 1.00000 7 
 fake.rf 1440.00000000 51326.64240900949648605 1.00000 7 
 fake.rf 1440.00000000 51336.62277328218875994 1.00000 7 
 fake.rf 1440.00000000 51346.54715572280925073 1.00000 7 
 fake.rf 1440.00000000 51356.57040748544805098 1.00000 7 
 fake.rf 1440.00000000 51366.48743687790553025 1.00000 7 
 fake.rf 1440.00000000 51376.51257994613080982 1.00000 7 
 fake.rf 1440.00000000 51386.43686147165608347 1.00000 7 
 fake.rf 1440.00000000 51396.46543560828207475 1.00000 7 
 fake.rf 1440.00000000 51406.36516676822527572 1.00000 7 
 fake.rf 1440.00000000 51416.41266029575147911 1.00000 7 
 fake.rf 1440.00000000 51426.34626980027636378 1.00000 7 
 fake.rf 1440.00000000 51436.34774485945003164 1.00000 7 
 fake.rf 1440.00000000 51446.31511956074557190 1.00000 7 
 fake.rf 1440.00000000 51456.24133726548140189 1.00000 7 
 fake.rf 1440.00000000 51466.21946153627698450 1.00000 7 
 fake.rf 1440.00000000 51476.19849810263589518 1.00000 7 
 fake.rf 1440.00000000 51486.14529031360462596 1.00000 7 
 fake.rf 1440.00000000 51496.14531488923223890 1.00000 7 
 fake.rf 1440.00000000 51506.10798749955860387 1.00000 7 
 fake.rf 1440.00000000 51516.13620438847238958 1.00000 7 
 fake.rf 1440.00000000 51526.10544823317242447 1.00000 7 
 fake.rf 1440.00000000 51536.04603493976792095 1.00000 7 
 fake.rf 1440.00000000 51546.05556208159228859 1.00000 7 
 fake.rf 1440.00000000 51556.02895157333708909 1.00000 7 
 fake.rf 1440.00000000 51565.99041816015568784 1.00000 7 
 fake.rf 1440.00000000 51575.94171673324964900 1.00000 7 
 fake.rf 1440.00000000 51585.88455767297519117 1.00000 7 
 fake.rf 1440.00000000 51595.87778322453352686 1.00000 7 
 fake.rf 1440.00000000 51605.83529033763464966 1.00000 7 
 fake.rf 1440.00000000 51615.86662284950743995 1.00000 7 
 fake.rf 1440.00000000 51625.83049617432010336 1.00000 7 
 fake.rf 1440.00000000 51635.73300962229772537 1.00000 7 
 fake.rf 1440.00000000 51645.77201069667590971 1.00000 7 
 fake.rf 1440.00000000 51655.68757077617443230 1.00000 7 
 fake.rf 1440.00000000 51665.72397372064893872 1.00000 7 
 fake.rf 1440.00000000 51675.62397516460491786 1.00000 7 
 fake.rf 1440.00000000 51685.67531594865873501 1.00000 7 
 fake.rf 1440.00000000 51695.57997143068499568 1.00000 7 
 fake.rf 1440.00000000 51705.61918470352206612 1.00000 7 
 fake.rf 1440.00000000 51715.59756094127175885 1.00000 7 
 fake.rf 1440.00000000 51725.49368099303135082 1.00000 7 
 fake.rf 1440.00000000 51735.49380808402785448 1.00000 7 
 fake.rf 1440.00000000 51745.50096372731557537 1.00000 7 
 fake.rf 1440.00000000 51755.47509614881838047 1.00000 7 
 fake.rf 1440.00000000 51765.42874522800925874 1.00000 7 
 fake.rf 1440.00000000 51775.35799619722996212 1.00000 7 
 fake.rf 1440.00000000 51785.33846947174597375 1.00000 7 
 fake.rf 1440.00000000 51795.34954847868354477 1.00000 7 
 fake.rf 1440.00000000 51805.30612832878724561 1.00000 7 
 fake.rf 1440.00000000 51815.27657861535776718 1.00000 7 
 fake.rf 1440.00000000 51825.25984543429780871 1.00000 7 
 fake.rf 1440.00000000 51835.21297345123023348 1.00000 7 
 fake.rf 1440.00000000 51845.23464806179161712 1.00000 7 
 fake.rf 1440.00000000 51855.17141307098617986 1.00000 7 
 fake.rf 1440.00000000 51865.12523491530950537 1.00000 7 
 fake.rf 1440.00000000 51875.13568048183188708 1.00000 7 
 fake.rf 1440.00000000 51885.05104838540665213 1.00000 7 
 fake.rf 1440.00000000 51895.05834883723825612 1.00000 7 
 fake.rf 1440.00000000 51905.00599093985320920 1.00000 7 
 fake.rf 1440.00000000 51914.98950364762502829 1.00000 7 
 fake.rf 1440.00000000 51924.97210757311069784 1.00000 7 
 fake.rf 1440.00000000 51934.99426066235383459 1.00000 7 
 fake.rf 1440.00000000 51944.90759117476823548 1.00000 7 
 fake.rf 1440.00000000 51954.87316721372236827 1.00000 7 
 fake.rf 1440.00000000 51964.83818469278227781 1.00000 7 
 fake.rf 1440.00000000 51974.81522247585797203 1.00000 7 
 fake.rf 1440.00000000 51984.79143763025438929 1.00000 7 
 fake.rf 1440.00000000 51994.75176691349270897 1.00000 7 
 fake.rf 1440.00000000 52004.74409784030218873 1.00000 7 
 fake.rf 1440.00000000 52014.70349723094279071 1.00000 7 
 fake.rf 1440.00000000 52024.66950711380301797 1.00000 7 
 fake.rf 1440.00000000 52034.66859573347510093 1.00000 7 
 fake.rf 1440.00000000 52044.65542654653625476 1.00000 7 
 fake.rf 1440.00000000 52054.65589644735507591 1.00000 7 
 fake.rf 1440.00000000 52064.57308841725275528 1.00000 7 
 fake.rf 1440.00000000 52074.54087267367295055 1.00000 7 
 fake.rf 1440.00000000 52084.58123120701715791 1.00000 7 
 fake.rf 1440.00000000 52094.50620086733933789 1.00000 7 
 fake.rf 1440.00000000 52104.51236840408288131 1.00000 7 
 fake.rf 1440.00000000 52114.45327780662547923 1.00000 7 
 fake.rf 1440.00000000 52124.45933532922914466 1.00000 7 
 fake.rf 1440.00000000 52134.39274078974151649 1.00000 7 
 fake.rf 1440.00000000 52144.39741582198140435 1.00000 7 
 fake.rf 1440.00000000 52154.36911898838613766 1.00000 7 
 fake.rf 1440.00000000 52164.34992707333005768 1.00000 7 
 fake.rf 1440.00000000 52174.33572836081451385 1.00000 7 
 fake.rf 1440.00000000 52184.26184807250844244 1.00000 7 
 fake.rf 1440.00000000 52194.26866172560335499 1.00000 7 
 fake.rf 1440.00000000 52204.20573440251661879 1.00000 7 
 fake.rf 1440.00000000 52214.19013392082062808 1.00000 7 
 fake.rf 1440.00000000 52224.12443128634210510 1.00000 7 
 fake.rf 1440.00000000 52234.15474561757196525 1.00000 7 
 fake.rf 1440.00000000 52244.10526920545198948 1.00000 7 
 fake.rf 1440.00000000 52254.06353470172365405 1.00000 7 
 fake.rf 1440.00000000 52264.08672940414409780 1.00000 7 
 fake.rf 1440.00000000 52274.02957480538831803 1.00000 7 
 fake.rf 1440.00000000 52283.99218244051734672 1.00000 7 
 fake.rf 1440.00000000 52293.93556323721119838 1.00000 7 
 fake.rf 1440.00000000 52303.94937563454529084 1.00000 7 
 fake.rf 1440.00000000 52313.93161851938370788 1.00000 7 
 fake.rf 1440.00000000 52323.86170308622592273 1.00000 7 
 fake.rf 1440.00000000 52333.86882965561681047 1.00000 7 
 fake.rf 1440.00000000 52343.87746546141219639 1.00000 7 
 fake.rf 1440.00000000 52353.82168519117894689 1.00000 7 
 fake.rf 1440.00000000 52363.77325266071682108 1.00000 7 
 fake.rf 1440.00000000 52373.72638483633995676 1.00000 7 
 fake.rf 1440.00000000 52383.74902647306068459 1.00000 7 
 fake.rf 1440.00000000 52393.68492340859610934 1.00000 7 
 fake.rf 1440.00000000 52403.67366291370784026 1.00000 7 
 fake.rf 1440.00000000 52413.64644309792830157 1.00000 7 
 fake.rf 1440.00000000 52423.63388710322944775 1.00000 7 
 fake.rf 1440.00000000 52433.57265514275555773 1.00000 7 
 fake.rf 1440.00000000 52443.58947846422570294 1.00000 7 
 fake.rf 1440.00000000 52453.52556851146105643 1.00000 7 
 fake.rf 1440.00000000 52463.54667739766647117 1.00000 7 
 fake.rf 1440.00000000 52473.48827978896757784 1.00000 7 
 fake.rf 1440.00000000 52483.43747546857528619 1.00000 7 
 fake.rf 1440.00000000 52493.41200837760394293 1.00000 7 
 fake.rf 1440.00000000 52503.38772875364125881 1.00000 7 
 fake.rf 1440.00000000 52513.38463476299824251 1.00000 7 
 fake.rf 1440.00000000 52523.37087158030181300 1.00000 7 
 fake.rf 1440.00000000 52533.30819359246753919 1.00000 7 
 fake.rf 1440.00000000 52543.27938496198898122 1.00000 7 
 fake.rf 1440.00000000 52553.24344966798490120 1.00000 7 
 fake.rf 1440.00000000 52563.24967490375834345 1.00000 7 
 fake.rf 1440.00000000 52573.18803187287762668 1.00000 7 
 fake.rf 1440.00000000 52583.20557970484892252 1.00000 7 
 fake.rf 1440.00000000 52593.11838355408662693 1.00000 7 
 fake.rf 1440.00000000 52603.11075907693351184 1.00000 7 
 fake.rf 1440.00000000 52613.08609022288890245 1.00000 7 
 fake.rf 1440.00000000 52623.09177465914865479 1.00000 7 
 fake.rf 1440.00000000 52633.04153904261244890 1.00000 7 
 fake.rf 1440.00000000 52643.05130114117983453 1.00000 7 
 fake.rf 1440.00000000 52653.00959234424207978 1.00000 7 
 fake.rf 1440.00000000 52662.93088078974036748 1.00000 7 
 fake.rf 1440.00000000 52672.91951467727459146 1.00000 7 
 fake.rf 1440.00000000 52682.94157573604162081 1.00000 7 
 fake.rf 1440.00000000 52692.91281010654344641 1.00000 7 
 fake.rf 1440.00000000 52702.86464537269720410 1.00000 7 
 fake.rf 1440.00000000 52712.81941690482908669 1.00000 7 
 fake.rf 1440.00000000 52722.79073583088001698 1.00000 7 
 fake.rf 1440.00000000 52732.75731936414440071 1.00000 7 
 fake.rf 1440.00000000 52742.76149664614890256 1.00000 7 
 fake.rf 1440.00000000 52752.69360980682107254 1.00000 7 
 fake.rf 1440.00000000 52762.70692116364341118 1.00000 7 
 fake.rf 1440.00000000 52772.67617827070029790 1.00000 7 
 fake.rf 1440.00000000 52782.66053153931168751 1.00000 7 
 fake.rf 1440.00000000 52792.56700951239435682 1.00000 7 
 fake.rf 1440.00000000 52802.62143721042849975 1.00000 7 
 fake.rf 1440.00000000 52812.52548185317256468 1.00000 7 
 fake.rf 1440.00000000 52822.53950350133318992 1.00000 7 
 fake.rf 1440.00000000 52832.52413900418003578 1.00000 7 
 fake.rf 1440.00000000 52842.47614337160932507 1.00000 7 
 fake.rf 1440.00000000 52852.40532734035465978 1.00000 7 
 fake.rf 1440.00000000 52862.38133192309865294 1.00000 7 
 fake.rf 1440.00000000 52872.36686579841748923 1.00000 7 
 fake.rf 1440.00000000 52882.34504447680487971 1.00000 7 
 fake.rf 1440.00000000 52892.36590116177087495 1.00000 7 
 fake.rf 1440.00000000 52902.29154331357164409 1.00000 7 
 fake.rf 1440.00000000 52912.28940179027128465 1.00000 7 
 fake.rf 1440.00000000 52922.22956062139470390 1.00000 7 
 fake.rf 1440.00000000 52932.18819152076139289 1.00000 7 
 fake.rf 1440.00000000 52942.16311867506210831 1.00000 7 
 fake.rf 1440.00000000 52952.14034399242701667 1.00000 7 
 fake.rf 1440.00000000 52962.16790375534827362 1.00000 7 
 fake.rf 1440.00000000 52972.09142368254511979 1.00000 7 
 fake.rf 1440.00000000 52982.08458728876163235 1.00000 7 
 fake.rf 1440.00000000 52992.07817908320556199 1.00000 7 
 fake.rf 1440.00000000 53002.00023771429162522 1.00000 7 
 fake.rf 1440.00000000 53011.97254088340355693 1.00000 7 
 fake.rf 1440.00000000 53021.94820854311619840 1.00000 7 
 fake.rf 1440.00000000 53031.95222376910889750 1.00000 7 
 fake.rf 1440.00000000 53041.91841483447096550 1.00000 7 
 fake.rf 1440.00000000 53051.92556403787576258 1.00000 7 
 fake.rf 1440.00000000 53061.88899682295799920 1.00000 7 
 fake.rf 1440.00000000 53071.81247017461309312 1.00000 7 
 fake.rf 1440.00000000 53081.81618088579871895 1.00000 7 
 fake.rf 1440.00000000 53091.79127126410174142 1.00000 7 
 fake.rf 1440.00000000 53101.73186024012357365 1.00000 7 
 fake.rf 1440.00000000 53111.73396965196288377 1.00000 7 
 fake.rf 1440.00000000 53121.72374234630770573 1.00000 7 
 fake.rf 1440.00000000 53131.70565733327228131 1.00000 7 
 fake.rf 1440.00000000 53141.63637321611639308 1.00000 7 
 fake.rf 1440.00000000 53151.60545460533636231 1.00000 7 
 fake.rf 1440.00000000 53161.62719127562479926 1.00000 7 
 fake.rf 1440.00000000 53171.56121605033057165 1.00000 7 
 fake.rf 1440.00000000 53181.54313564842736994 1.00000 7 
 fake.rf 1440.00000000 53191.48702197637110700 1.00000 7 
 fake.rf 1440.00000000 53201.46920776395992547 1.00000 7 
 fake.rf 1440.00000000 53211.48740715492494857 1.00000 7 
 fake.rf 1440.00000000 53221.45645630389326186 1.00000 7 
 fake.rf 1440.00000000 53231.40610532827846768 1.00000 7 
 fake.rf 1440.00000000 53241.41023988863120309 1.00000 7 
 fake.rf 1440.00000000 53251.38152058623696661 1.00000 7 
 fake.rf 1440.00000000 53261.33569920660806929 1.00000 7 
 fake.rf 1440.00000000 53271.31136454419246817 1.00000 7 
 fake.rf 1440.00000000 53281.23346948005267265 1.00000 7 
 fake.rf 1440.00000000 53291.20811603044706928 1.00000 7 
 fake.rf 1440.00000000 53301.20467746400827735 1.00000 7 
 fake.rf 1440.00000000 53311.15947877500807550 1.00000 7 
 fake.rf 1440.00000000 53321.13373279957591322 1.00000 7 
 fake.rf 1440.00000000 53331.13326623057786335 1.00000 7 
 fake.rf 1440.00000000 53341.11938713240641263 1.00000 7 
 fake.rf 1440.00000000 53351.08713652861626286 1.00000 7 
 fake.rf 1440.00000000 53361.03779015485499571 1.00000 7 
 fake.rf 1440.00000000 53371.01464819543724261 1.00000 7 
 fake.rf 1440.00000000 53381.01650857861508115 1.00000 7 
 fake.rf 1440.00000000 53390.99817729178883852 1.00000 7 
 fake.rf 1440.00000000 53400.97743001764122894 1.00000 7 
 fake.rf 1440.00000000 53410.94718376577593588 1.00000 7 
 fake.rf 1440.00000000 53420.87493282400499339 1.00000 7 
 fake.rf 1440.00000000 53430.87126257903830506 1.00000 7 
 fake.rf 1440.00000000 53440.85023563234069854 1.00000 7 
 fake.rf 1440.00000000 53450.81933827889662325 1.00000 7 
 fake.rf 1440.00000000 53460.81205374767474225 1.00000 7 
 fake.rf 1440.00000000 53470.75673446457329874 1.00000 7 
 fake.rf 1440.00000000 53480.68716623809014621 1.00000 7 
 fake.rf 1440.00000000 53490.68910558675163713 1.00000 7 
 fake.rf 1440.00000000 53500.68831034076948328 1.00000 7 
 fake.rf 1440.00000000 53510.62823222049392768 1.00000 7 
 fake.rf 1440.00000000 53520.59234197441269387 1.00000 7 
 fake.rf 1440.00000000 53530.58790023103030009 1.00000 7 
 fake.rf 1440.00000000 53540.58810879353577761 1.00000 7 
 fake.rf 1440.00000000 53550.50032404510222150 1.00000 7 
 fake.rf 1440.00000000 53560.49446735021887278 1.00000 7 
 fake.rf 1440.00000000 53570.47615888451712962 1.00000 7 
 fake.rf 1440.00000000 53580.47467713050635396 1.00000 7 
 fake.rf 1440.00000000 53590.41822972520244761 1.00000 7 
 fake.rf 1440.00000000 53600.40187216344165577 1.00000 7 
 fake.rf 1440.00000000 53610.34092283904148246 1.00000 7 
 fake.rf 1440.00000000 53620.34991439996306184 1.00000 7 
 fake.rf 1440.00000000 53630.33511517515725942 1.00000 7 
 fake.rf 1440.00000000 53640.30100365457805722 1.00000 7 
 fake.rf 1440.00000000 53650.24008708644314325 1.00000 7 
 fake.rf 1440.00000000 53660.22034159502320705 1.00000 7 
