FORMAT 1
MODE 1
 fake.rf 1440.00000000 50000.22245770201315196 1.00000 7 
 fake.rf 1440.00000000 50010.23230377681991499 1.00000 7 
 fake.rf 1440.00000000 50020.17260642334321474 1.00000 7 
 fake.rf 1440.00000000 50030.14402368897932050 1.00000 7 
 fake.rf 1440.00000000 50040.10728540062739711 1.00000 7 
 fake.rf 1440.00000000 50050.13948907677505318 1.00000 7 
 fake.rf 1440.00000000 50060.10071211956034176 1.00000 7 
 fake.rf 1440.00000000 50070.03732389230993149 1.00000 7 
 fake.rf 1440.00000000 50080.05089078452290252 1.00000 7 
 fake.rf 1440.00000000 50090.00057018523027352 1.00000 7 
 fake.rf 1440.00000000 50099.97964693847983852 1.00000 7 
 fake.rf 1440.00000000 50109.93971977679300522 1.00000 7 
 fake.rf 1440.00000000 50119.93442263616982402 1.00000 7 
 fake.rf 1440.00000000 50129.89473359372018635 1.00000 7 
 fake.rf 1440.00000000 50139.83086019367270936 1.00000 7 
 fake.rf 1440.00000000 50149.80655875583608605 1.00000 7 
 fake.rf 1440.00000000 50159.80262804848608127 1.00000 7 
 fake.rf 1440.00000000 50169.76852494782063019 1.00000 7 
 fake.rf 1440.00000000 50179.78919514392181966 1.00000 7 
 fake.rf 1440.00000000 50189.72311028763873253 1.00000 7 
 fake.rf 1440.00000000 50199.74502829898738909 1.00000 7 
 fake.rf 1440.00000000 50209.69884178504651118 1.00000 7 
 fake.rf 1440.00000000 50219.68034205243290202 1.00000 7 
 fake.rf 1440.00000000 50229.59745894828050439 1.00000 7 
 fake.rf 1440.00000000 50239.62411276637344670 1.00000 7 
 fake.rf 1440.00000000 50249.57645299506716086 1.00000 7 
 fake.rf 1440.00000000 50259.57174480857534249 1.00000 7 
 fake.rf 1440.00000000 50269.54618896021443319 1.00000 7 
 fake.rf 1440.00000000 50279.44470830999338418 1.00000 7 
 fake.rf 1440.00000000 50289.48245961041159902 1.00000 7 
 fake.rf 1440.00000000 50299.43059899300698845 1.00000 7 
 fake.rf 1440.00000000 50309.37611298623415124 1.00000 7 
 fake.rf 1440.00000000 50319.36768136718318445 1.00000 7 
 fake.rf 1440.00000000 50329.36676104821668076 1.00000 7 
 fake.rf 1440.00000000 50339.31099664974839669 1.00000 7 
 fake.rf 1440.00000000 50349.29313107719559639 1.00000 7 
 fake.rf 1440.00000000 50359.26838543236350887 1.00000 7 
 fake.rf 1440.00000000 50369.20114843734167209 1.00000 7 
 fake.rf 1440.00000000 50379.23053228369089851 1.00000 7 
 fake.rf 1440.00000000 50389.16332454714573075 1.00000 7 
 fake.rf 1440.00000000 50399.15640460722037375 1.00000 7 
 fake.rf 1440.00000000 50409.10883620166485741 1.00000 7 
 fake.rf 1440.00000000 50419.11233896836002444 1.00000 7 
 fake.rf 1440.00000000 50429.04409290220894846 1.00000 7 
 fake.rf 1440.00000000 50439.06747310743597268 1.00000 7 
 fake.rf 1440.00000000 50449.03440681697506776 1.00000 7 
 fake.rf 1440.00000000 50458.96916365030266860 1.00000 7 
 fake.rf 1440.00000000 50468.93258415190057420 1.00000 7 
 fake.rf 1440.00000000 50478.97605240759696699 1.00000 7 
 fake.rf 1440.00000000 50488.87545043214709040 1.00000 7 
 fake.rf 1440.00000000 50498.88342373642969463 1.00000 7 
 fake.rf 1440.00000000 50508.89278102164925954 1.00000 7 
 fake.rf 1440.00000000 50518.85663020988771166 1.00000 7 
 fake.rf 1440.00000000 50528.79007476379340602 1.00000 7 
 fake.rf 1440.00000000 50538.74385331207473726 1.00000 7 
 fake.rf 1440.00000000 50548.76166061191586820 1.00000 7 
 fake.rf 1440.00000000 50558.75808307852158308 1.00000 7 
 fake.rf 1440.00000000 50568.73445775755757836 1.00000 7 
 fake.rf 1440.00000000 50578.67068020675356621 1.00000 7 
 fake.rf 1440.00000000 50588.67625969619573922 1.00000 7 
 fake.rf 1440.00000000 50598.63435669599122235 1.00000 7 
 fake.rf 1440.00000000 50608.54602284101538245 1.00000 7 
 fake.rf 1440.00000000 50618.52442069004504432 1.00000 7 
 fake.rf 1440.00000000 50628.50139038290883775 1.00000 7 
 fake.rf 1440.00000000 50638.52277387401242592 1.00000 7 
 fake.rf 1440.00000000 50648.47271165357589950 1.00000 7 
 fake.rf 1440.00000000 50658.45912011060467606 1.00000 7 
 fake.rf 1440.00000000 50668.39972895049324109 1.00000 7 
 fake.rf 1440.00000000 50678.39306740725957567 1.00000 7 
 fake.rf 1440.00000000 50688.35283071251041420 1.00000 7 
 fake.rf 1440.00000000 50698.33686947461450245 1.00000 7 
 fake.rf 1440.00000000 50708.35059231560673254 1.00000 7 
 fake.rf 1440.00000000 50718.29009155912606488 1.00000 7 
 fake.rf 1440.00000000 50728.22160410862764834 1.00000 7 
 fake.rf 1440.00000000 50738.19438519738260140 1.00000 7 
 fake.rf 1440.00000000 50748.18456899761280354 1.00000 7 
 fake.rf 1440.00000000 50758.19365289695533505 1.00000 7 
 fake.rf 1440.00000000 50768.12849517082152673 1.00000 7 
 fake.rf 1440.00000000 50778.10940379799142974 1.00000 7 
 fake.rf 1440.00000000 50788.10592697311344779 1.00000 7 
 fake.rf 1440.00000000 50798.05080490939718985 1.00000 7 
 fake.rf 1440.00000000 50808.06699118017369798 1.00000 7 
 fake.rf 1440.00000000 50818.01684263099735972 1.00000 7 
 fake.rf 1440.00000000 50827.95287408807863017 1.00000 7 
 fake.rf 1440.00000000 50837.92980927375124267 1.00000 7 
 fake.rf 1440.00000000 50847.94407693359275058 1.00000 7 
 fake.rf 1440.00000000 50857.92522000846215846 1.00000 7 
 fake.rf 1440.00000000 50867.84254865956039637 1.00000 7 
 fake.rf 1440.00000000 50877.86049534175977271 1.00000 7 
 fake.rf 1440.00000000 50887.80516518993742636 1.00000 7 
 fake.rf 1440.00000000 50897.75537767678451218 1.00000 7 
 fake.rf 1440.00000000 50907.75872566417751131 1.00000 7 
 fake.rf 1440.00000000 50917.72569936127510104 1.00000 7 
 fake.rf 1440.00000000 50927.68161400275219819 1.00000 7 
 fake.rf 1440.00000000 50937.68923603893253116 1.00000 7 
 fake.rf 1440.00000000 50947.62156422011531021 1.00000 7 
 fake.rf 1440.00000000 50957.63805429683349502 1.00000 7 
 fake.rf 1440.00000000 50967.57605576727373276 1.00000 7 
 fake.rf 1440.00000000 50977.55963047127813326 1.00000 7 
 fake.rf 1440.00000000 50987.51343001893161500 1.00000 7 
 fake.rf 1440.00000000 50997.52183246514852399 1.00000 7 
 fake.rf 1440.00000000 51007.51675028259534628 1.00000 7 
 fake.rf 1440.00000000 51017.42824364674232029 1.00000 7 
 fake.rf 1440.00000000 51027.40344966650400238 1.00000 7 
 fake.rf 1440.00000000 51037.44051769922882045 1.00000 7 
 fake.rf 1440.00000000 51047.35209652126225421 1.00000 7 
 fake.rf 1440.00000000 51057.34479064026015394 1.00000 7 
 fake.rf 1440.00000000 51067.33491358068770083 1.00000 7 
 fake.rf 1440.00000000 51077.29197231315172090 1.00000 7 
 fake.rf 1440.00000000 51087.29287941931967154 1.00000 7 
 fake.rf 1440.00000000 51097.22349651410317151 1.00000 7 
 fake.rf 1440.00000000 51107.23607086954276468 1.00000 7 
 fake.rf 1440.00000000 51117.19713522421231744 1.00000 7 
 fake.rf 1440.00000000 51127.18824147300353999 1.00000 7 
 fake.rf 1440.00000000 51137.16415160542261376 1.00000 7 
 fake.rf 1440.00000000 51147.12945546458090007 1.00000 7 
 fake.rf 1440.00000000 51157.07880039258116867 1.00000 7 
 fake.rf 1440.00000000 51167.06315792496321393 1.00000 7 
 fake.rf 1440.00000000 51177.05642810581660029 1.00000 7 
 fake.rf 1440.00000000 51186.96769070096788923 1.00000 7 
 fake.rf 1440.00000000 51197.00735575532885235 1.00000 7 
 fake.rf 1440.00000000 51206.97814275026837905 1.00000 7 
 fake.rf 1440.00000000 51216.92005767365336055 1.00000 7 
 fake.rf 1440.00000000 51226.87066743383556044 1.00000 7 
 fake.rf 1440.00000000 51236.82467339472426460 1.00000 7 
 fake.rf 1440.00000000 51246.80151469388935936 1.00000 7 
 fake.rf 1440.00000000 51256.79509026525104787 1.00000 7 
 fake.rf 1440.00000000 51266.79289067535327007 1.00000 7 
 fake.rf 1440.00000000 51276.73503777954678640 1.00000 7 
 fake.rf 1440.00000000 51286.73949240916277859 1.00000 7 
 fake.rf 1440.00000000 51296.71839667205253477 1.00000 7 
 fake.rf 1440.00000000 51306.69625055601029473 1.00000 7 
 fake.rf 1440.00000000 51316.63959398753431174 1.00000 7 
 fake.rf 1440.00000000 51326.64062929387445067 1.00000 7 
 fake.rf 1440.00000000 51336.62099355766640585 1.00000 7 
 fake.rf 1440.00000000 51346.54537598233655160 1.00000 7 
 fake.rf 1440.00000000 51356.56862777121855856 1.00000 7 
 fake.rf 1440.00000000 51366.48565717329255520 1.00000 7 
 fake.rf 1440.00000000 51376.51080018619065015 1.00000 7 
 fake.rf 1440.00000000 51386.43508173109887238 1.00000 7 
 fake.rf 1440.00000000 51396.46365587097337624 1.00000 7 
 fake.rf 1440.00000000 51406.36338701988998778 1.00000 7 
 fake.rf 1440.00000000 51416.41088060178292096 1.00000 7 
 fake.rf 1440.00000000 51426.34449007760468575 1.00000 7 
 fake.rf 1440.00000000 51436.34596512570268345 1.00000 7 
 fake.rf 1440.00000000 51446.31333983787619957 1.00000 7 
 fake.rf 1440.00000000 51456.23955752742451963 1.00000 7 
 fake.rf 1440.00000000 51466.21768183056788715 1.00000 7 
 fake.rf 1440.00000000 51476.19671839718316164 1.00000 7 
 fake.rf 1440.00000000 51486.14351059604382144 1.00000 7 
 fake.rf 1440.00000000 51496.14353515370007131 1.00000 7 
 fake.rf 1440.00000000 51506.10620779748589726 1.00000 7 
 fake.rf 1440.00000000 51516.13442466225382432 1.00000 7 
 fake.rf 1440.00000000 51526.10366850641294789 1.00000 7 
 fake.rf 1440.00000000 51536.04425518397897932 1.00000 7 
 fake.rf 1440.00000000 51546.05378235601474302 1.00000 7 
 fake.rf 1440.00000000 51556.02717181958592718 1.00000 7 
 fake.rf 1440.00000000 51565.98863843006497376 1.00000 7 
 fake.rf 1440.00000000 51575.93993697593952774 1.00000 7 
 fake.rf 1440.00000000 51585.88277793399894833 1.00000 7 
 fake.rf 1440.00000000 51595.87600348278664342 1.00000 7 
 fake.rf 1440.00000000 51605.83351061270390403 1.00000 7 
 fake.rf 1440.00000000 51615.86484311776456479 1.00000 7 
 fake.rf 1440.00000000 51625.82871642977730176 1.00000 7 
 fake.rf 1440.00000000 51635.73122988654266408 1.00000 7 
 fake.rf 1440.00000000 51645.77023096694481197 1.00000 7 
 fake.rf 1440.00000000 51655.68579105329806822 1.00000 7 
 fake.rf 1440.00000000 51665.72219397756728654 1.00000 7 
 fake.rf 1440.00000000 51675.62219544224450729 1.00000 7 
 fake.rf 1440.00000000 51685.67353623273280405 1.00000 7 
 fake.rf 1440.00000000 51695.57819170546887122 1.00000 7 
 fake.rf 1440.00000000 51705.61740495672485451 1.00000 7 
 fake.rf 1440.00000000 51715.59578122405939737 1.00000 7 
 fake.rf 1440.00000000 51725.49190125931536599 1.00000 7 
 fake.rf 1440.00000000 51735.49202834447839194 1.00000 7 
 fake.rf 1440.00000000 51745.49918400646143013 1.00000 7 
 fake.rf 1440.00000000 51755.47331639725666008 1.00000 7 
 fake.rf 1440.00000000 51765.42696550697649371 1.00000 7 
 fake.rf 1440.00000000 51775.35621646319301448 1.00000 7 
 fake.rf 1440.00000000 51785.33668977008856160 1.00000 7 
 fake.rf 1440.00000000 51795.34776875506742755 1.00000 7 
 fake.rf 1440.00000000 51805.30434859945808412 1.00000 7 
 fake.rf 1440.00000000 51815.27479885690488359 1.00000 7 
 fake.rf 1440.00000000 51825.25806572606883904 1.00000 7 
 fake.rf 1440.00000000 51835.21119374552014492 1.00000 7 
 fake.rf 1440.00000000 51845.23286835250551974 1.00000 7 
 fake.rf 1440.00000000 51855.16963335991728812 1.00000 7 
 fake.rf 1440.00000000 51865.12345521688584782 1.00000 7 
 fake.rf 1440.00000000 51875.13390076537305973 1.00000 7 
 fake.rf 1440.00000000 51885.04926867245175259 1.00000 7 
 fake.rf 1440.00000000 51895.05656911284673072 1.00000 7 
 fake.rf 1440.00000000 51905.00421122901065729 1.00000 7 
 fake.rf 1440.00000000 51914.98772391766650358 1.00000 7 
 fake.rf 1440.00000000 51924.97032787480891614 1.00000 7 
 fake.rf 1440.00000000 51934.99248096803655983 1.00000 7 
 fake.rf 1440.00000000 51944.90581145490220294 1.00000 7 
 fake.rf 1440.00000000 51954.87138748265901711 1.00000 7 
 fake.rf 1440.00000000 51964.83640498100323057 1.00000 7 
 fake.rf 1440.00000000 51974.81344276579735819 1.00000 7 
 fake.rf 1440.00000000 51984.78965790465755248 1.00000 7 
 fake.rf 1440.00000000 51994.74998719627917865 1.00000 7 
 fake.rf 1440.00000000 52004.74231811315873841 1.00000 7 
 fake.rf 1440.00000000 52014.70171750744136929 1.00000 7 
 fake.rf 1440.00000000 52024.66772738756545280 1.00000 7 
 fake.rf 1440.00000000 52034.66681599572579842 1.00000 7 
 fake.rf 1440.00000000 52044.65364682944052888 1.00000 7 
 fake.rf 1440.00000000 52054.65411671365628976 1.00000 7 
 fake.rf 1440.00000000 52064.57130872664946963 1.00000 7 
 fake.rf 1440.00000000 52074.53909297991388883 1.00000 7 
 fake.rf 1440.00000000 52084.57945147300116773 1.00000 7 
 fake.rf 1440.00000000 52094.50442112554255658 1.00000 7 
 fake.rf 1440.00000000 52104.51058868598972396 1.00000 7 
 fake.rf 1440.00000000 52114.45149805304592050 1.00000 7 
 fake.rf 1440.00000000 52124.45755562998807875 1.00000 7 
 fake.rf 1440.00000000 52134.39096103977847818 1.00000 7 
 fake.rf 1440.00000000 52144.39563609889041373 1.00000 7 
 fake.rf 1440.00000000 52154.36733929081233185 1.00000 7 
 fake.rf 1440.00000000 52164.34814736695985715 1.00000 7 
 fake.rf 1440.00000000 52174.33394861227570516 1.00000 7 
 fake.rf 1440.00000000 52184.26006834894375785 1.00000 7 
 fake.rf 1440.00000000 52194.26688200771184611 1.00000 7 
 fake.rf 1440.00000000 52204.20395468234253045 1.00000 7 
 fake.rf 1440.00000000 52214.18835421678865671 1.00000 7 
 fake.rf 1440.00000000 52224.12265154874385331 1.00000 7 
 fake.rf 1440.00000000 52234.15296585899173820 1.00000 7 
 fake.rf 1440.00000000 52244.10348946141261095 1.00000 7 
 fake.rf 1440.00000000 52254.06175498042548000 1.00000 7 
 fake.rf 1440.00000000 52264.08494964788807025 1.00000 7 
 fake.rf 1440.00000000 52274.02779507688473259 1.00000 7 
 fake.rf 1440.00000000 52283.99040270254279150 1.00000 7 
 fake.rf 1440.00000000 52293.93378354146361531 1.00000 7 
 fake.rf 1440.00000000 52303.94759590122743020 1.00000 7 
 fake.rf 1440.00000000 52313.92983877565791317 1.00000 7 
 fake.rf 1440.00000000 52323.85992334574239138 1.00000 7 
 fake.rf 1440.00000000 52333.86704991742271176 1.00000 7 
 fake.rf 1440.00000000 52343.87568574910491392 1.00000 7 
 fake.rf 1440.00000000 52353.81990545864023190 1.00000 7 
 fake.rf 1440.00000000 52363.77147291846319277 1.00000 7 
 fake.rf 1440.00000000 52373.72460509890722236 1.00000 7 
 fake.rf 1440.00000000 52383.74724672246101065 1.00000 7 
 fake.rf 1440.00000000 52393.68314371450049194 1.00000 7 
 fake.rf 1440.00000000 52403.67188318102289912 1.00000 7 
 fake.rf 1440.00000000 52413.64466339647107063 1.00000 7 
 fake.rf 1440.00000000 52423.63210738556844248 1.00000 7 
 fake.rf 1440.00000000 52433.57087542773081168 1.00000 7 
 fake.rf 1440.00000000 52443.58769871627520232 1.00000 7 
 fake.rf 1440.00000000 52453.52378879420546198 1.00000 7 
 fake.rf 1440.00000000 52463.54489769355607365 1.00000 7 
 fake.rf 1440.00000000 52473.48650006889724651 1.00000 7 
 fake.rf 1440.00000000 52483.43569573552005991 1.00000 7 
 fake.rf 1440.00000000 52493.41022867903392424 1.00000 7 
 fake.rf 1440.00000000 52503.38594902086461502 1.00000 7 
 fake.rf 1440.00000000 52513.38285504537847714 1.00000 7 
 fake.rf 1440.00000000 52523.36909184664913397 1.00000 7 
 fake.rf 1440.00000000 52533.30641388438091255 1.00000 7 
 fake.rf 1440.00000000 52543.27760522969741430 1.00000 7 
 fake.rf 1440.00000000 52553.24166994075293147 1.00000 7 
 fake.rf 1440.00000000 52563.24789516407725642 1.00000 7 
 fake.rf 1440.00000000 52573.18625218377792763 1.00000 7 
 fake.rf 1440.00000000 52583.20379998021180157 1.00000 7 
 fake.rf 1440.00000000 52593.11660384007837266 1.00000 7 
 fake.rf 1440.00000000 52603.10897932083717166 1.00000 7 
 fake.rf 1440.00000000 52613.08431052758526647 1.00000 7 
 fake.rf 1440.00000000 52623.08999491302150275 1.00000 7 
 fake.rf 1440.00000000 52633.03975928044322430 1.00000 7 
 fake.rf 1440.00000000 52643.04952140391821658 1.00000 7 
 fake.rf 1440.00000000 52653.00781261883345152 1.00000 7 
 fake.rf 1440.00000000 52662.92910103716458892 1.00000 7 
 fake.rf 1440.00000000 52672.91773497219936928 1.00000 7 
 fake.rf 1440.00000000 52682.93979603601292183 1.00000 7 
 fake.rf 1440.00000000 52692.91103042043022242 1.00000 7 
 fake.rf 1440.00000000 52702.86286564516448294 1.00000 7 
 fake.rf 1440.00000000 52712.81763715520868274 1.00000 7 
 fake.rf 1440.00000000 52722.78895608910283244 1.00000 7 
 fake.rf 1440.00000000 52732.75553966567334641 1.00000 7 
 fake.rf 1440.00000000 52742.75971688658697190 1.00000 7 
 fake.rf 1440.00000000 52752.69183011428502184 1.00000 7 
 fake.rf 1440.00000000 52762.70514142434847571 1.00000 7 
 fake.rf 1440.00000000 52772.67439852997561189 1.00000 7 
 fake.rf 1440.00000000 52782.65875178760972375 1.00000 7 
 fake.rf 1440.00000000 52792.56522978723671713 1.00000 7 
 fake.rf 1440.00000000 52802.61965750528320029 1.00000 7 
 fake.rf 1440.00000000 52812.52370212079722478 1.00000 7 
 fake.rf 1440.00000000 52822.53772378904263718 1.00000 7 
 fake.rf 1440.00000000 52832.52235928435250756 1.00000 7 
 fake.rf 1440.00000000 52842.47436361691130102 1.00000 7 
 fake.rf 1440.00000000 52852.40354762852634707 1.00000 7 
 fake.rf 1440.00000000 52862.37955218491492104 1.00000 7 
 fake.rf 1440.00000000 52872.36508608159529388 1.00000 7 
 fake.rf 1440.00000000 52882.34326475635003817 1.00000 7 
 fake.rf 1440.00000000 52892.36412144150668979 1.00000 7 
 fake.rf 1440.00000000 52902.28976356105572876 1.00000 7 
 fake.rf 1440.00000000 52912.28762203592103219 1.00000 7 
 fake.rf 1440.00000000 52922.22778092666445460 1.00000 7 
 fake.rf 1440.00000000 52932.18641177955796095 1.00000 7 
 fake.rf 1440.00000000 52942.16133898026950177 1.00000 7 
 fake.rf 1440.00000000 52952.13856428819923750 1.00000 7 
 fake.rf 1440.00000000 52962.16612404046038165 1.00000 7 
 fake.rf 1440.00000000 52972.08964396421420417 1.00000 7 
 fake.rf 1440.00000000 52982.08280754903676879 1.00000 7 
 fake.rf 1440.00000000 52992.07639934914017843 1.00000 7 
 fake.rf 1440.00000000 53001.99845800831469234 1.00000 7 
 fake.rf 1440.00000000 53011.97076112024143768 1.00000 7 
 fake.rf 1440.00000000 53021.94642878997468927 1.00000 7 
 fake.rf 1440.00000000 53031.95044405396667031 1.00000 7 
 fake.rf 1440.00000000 53041.91663509762286921 1.00000 7 
 fake.rf 1440.00000000 53051.92378430954805424 1.00000 7 
 fake.rf 1440.00000000 53061.88721711168942718 1.00000 7 
 fake.rf 1440.00000000 53071.81069046700280012 1.00000 7 
 fake.rf 1440.00000000 53081.81440114017422971 1.00000 7 
 fake.rf 1440.00000000 53091.78949154349221118 1.00000 7 
 fake.rf 1440.00000000 53101.73008053678424645 1.00000 7 
 fake.rf 1440.00000000 53111.73218994374428803 1.00000 7 
 fake.rf 1440.00000000 53121.72196260950623525 1.00000 7 
 fake.rf 1440.00000000 53131.70387761140761640 1.00000 7 
 fake.rf 1440.00000000 53141.63459349797617648 1.00000 7 
 fake.rf 1440.00000000 53151.60367484467186827 1.00000 7 
 fake.rf 1440.00000000 53161.62541153475727285 1.00000 7 
 fake.rf 1440.00000000 53171.55943629911378778 1.00000 7 
 fake.rf 1440.00000000 53181.54135590572417058 1.00000 7 
 fake.rf 1440.00000000 53191.48524225245292030 1.00000 7 
 fake.rf 1440.00000000 53201.46742805541215660 1.00000 7 
 fake.rf 1440.00000000 53211.48562741161524414 1.00000 7 
 fake.rf 1440.00000000 53221.45467659733660781 1.00000 7 
 fake.rf 1440.00000000 53231.40432560239424120 1.00000 7 
 fake.rf 1440.00000000 53241.40846014215199489 1.00000 7 
 fake.rf 1440.00000000 53251.37974084413332321 1.00000 7 
 fake.rf 1440.00000000 53261.33391951212800919 1.00000 7 
 fake.rf 1440.00000000 53271.30958478542502377 1.00000 7 
 fake.rf 1440.00000000 53281.23168978264348894 1.00000 7 
 fake.rf 1440.00000000 53291.20633632057301554 1.00000 7 
 fake.rf 1440.00000000 53301.20289775230100560 1.00000 7 
 fake.rf 1440.00000000 53311.15769907077183376 1.00000 7 
 fake.rf 1440.00000000 53321.13195309186325233 1.00000 7 
 fake.rf 1440.00000000 53331.13148652228953139 1.00000 7 
 fake.rf 1440.00000000 53341.11760741868220848 1.00000 7 
 fake.rf 1440.00000000 53351.08535678900334176 1.00000 7 
 fake.rf 1440.00000000 53361.03601045909447365 1.00000 7 
 fake.rf 1440.00000000 53371.01286847742215969 1.00000 7 
 fake.rf 1440.00000000 53381.01472888014760443 1.00000 7 
 fake.rf 1440.00000000 53390.99639755836562216 1.00000 7 
 fake.rf 1440.00000000 53400.97565029552066207 1.00000 7 
 fake.rf 1440.00000000 53410.94540402354665076 1.00000 7 
 fake.rf 1440.00000000 53420.87315309607595282 1.00000 7 
 fake.rf 1440.00000000 53430.86948285267263614 1.00000 7 
 fake.rf 1440.00000000 53440.84845592894204813 1.00000 7 
 fake.rf 1440.00000000 53450.81755856962284312 1.00000 7 
 fake.rf 1440.00000000 53460.81027399946876599 1.00000 7 
 fake.rf 1440.00000000 53470.75495473920628342 1.00000 7 
 fake.rf 1440.00000000 53480.68538648317990081 1.00000 7 
 fake.rf 1440.00000000 53490.68732587012832980 1.00000 7 
 fake.rf 1440.00000000 53500.68653061579588126 1.00000 7 
 fake.rf 1440.00000000 53510.62645248737917569 1.00000 7 
 fake.rf 1440.00000000 53520.59056223826176435 1.00000 7 
 fake.rf 1440.00000000 53530.58612048887303558 1.00000 7 
 fake.rf 1440.00000000 53540.58632904294180577 1.00000 7 
 fake.rf 1440.00000000 53550.49854432447621733 1.00000 7 
 fake.rf 1440.00000000 53560.49268759664400719 1.00000 7 
 fake.rf 1440.00000000 53570.47437916948485181 1.00000 7 
 fake.rf 1440.00000000 53580.47289742826612624 1.00000 7 
 fake.rf 1440.00000000 53590.41645000547079292 1.00000 7 
 fake.rf 1440.00000000 53600.40009244301089097 1.00000 7 
 fake.rf 1440.00000000 53610.33914313179073829 1.00000 7 
 fake.rf 1440.00000000 53620.34813470154382387 1.00000 7 
 fake.rf 1440.00000000 53630.33333546389153312 1.00000 7 
 fake.rf 1440.00000000 53640.29922392254686869 1.00000 7 
 fake.rf 1440.00000000 53650.23830737125193124 1.00000 7 
 fake.rf 1440.00000000 53660.21856188547000244 1.00000 7 
