FORMAT 1
MODE 1
 fake.rf 1440.00000000 50000.23178903858823219 1.00000 7 
 fake.rf 1440.00000000 50010.24163512868629056 1.00000 7 
 fake.rf 1440.00000000 50020.18193775615258545 1.00000 7 
 fake.rf 1440.00000000 50030.15335501487796321 1.00000 7 
 fake.rf 1440.00000000 50040.11661675201807142 1.00000 7 
 fake.rf 1440.00000000 50050.14882043313120974 1.00000 7 
 fake.rf 1440.00000000 50060.11004347045275509 1.00000 7 
 fake.rf 1440.00000000 50070.04665522791490417 1.00000 7 
 fake.rf 1440.00000000 50080.06022214887754274 1.00000 7 
 fake.rf 1440.00000000 50090.00990153413560790 1.00000 7 
 fake.rf 1440.00000000 50099.98897824123366362 1.00000 7 
 fake.rf 1440.00000000 50109.94905107883014495 1.00000 7 
 fake.rf 1440.00000000 50119.94375395591877265 1.00000 7 
 fake.rf 1440.00000000 50129.90406496263383573 1.00000 7 
 fake.rf 1440.00000000 50139.84019152067532943 1.00000 7 
 fake.rf 1440.00000000 50149.81589009126521006 1.00000 7 
 fake.rf 1440.00000000 50159.81195938283855185 1.00000 7 
 fake.rf 1440.00000000 50169.77785630276326145 1.00000 7 
 fake.rf 1440.00000000 50179.79852649184885749 1.00000 7 
 fake.rf 1440.00000000 50189.73244159223822791 1.00000 7 
 fake.rf 1440.00000000 50199.75435966202790539 1.00000 7 
 fake.rf 1440.00000000 50209.70817312708011926 1.00000 7 
 fake.rf 1440.00000000 50219.68967339393620719 1.00000 7 
 fake.rf 1440.00000000 50229.60679028622026721 1.00000 7 
 fake.rf 1440.00000000 50239.63344412066815536 1.00000 7 
 fake.rf 1440.00000000 50249.58578430205402654 1.00000 7 
 fake.rf 1440.00000000 50259.58107613275842240 1.00000 7 
 fake.rf 1440.00000000 50269.55552030302897393 1.00000 7 
 fake.rf 1440.00000000 50279.45403961904350254 1.00000 7 
 fake.rf 1440.00000000 50289.49179097188461895 1.00000 7 
 fake.rf 1440.00000000 50299.43993032883017946 1.00000 7 
 fake.rf 1440.00000000 50309.38544430048774458 1.00000 7 
 fake.rf 1440.00000000 50319.37701273154348769 1.00000 7 
 fake.rf 1440.00000000 50329.37609238035640047 1.00000 7 
 fake.rf 1440.00000000 50339.32032799305694937 1.00000 7 
 fake.rf 1440.00000000 50349.30246238905958123 1.00000 7 
 fake.rf 1440.00000000 50359.27771676246861077 1.00000 7 
 fake.rf 1440.00000000 50369.21047979218685597 1.00000 7 
 fake.rf 1440.00000000 50379.23986359389846612 1.00000 7 
 fake.rf 1440.00000000 50389.17265586997402593 1.00000 7 
 fake.rf 1440.00000000 50399.16573590483463363 1.00000 7 
 fake.rf 1440.00000000 50409.11816755389351030 1.00000 7 
 fake.rf 1440.00000000 50419.12167031644649384 1.00000 7 
 fake.rf 1440.00000000 50429.05342422114648215 1.00000 7 
 fake.rf 1440.00000000 50439.07680444746359782 1.00000 7 
 fake.rf 1440.00000000 50449.04373819111081190 1.00000 7 
 fake.rf 1440.00000000 50458.97849499580043897 1.00000 7 
 fake.rf 1440.00000000 50468.94191548473959585 1.00000 7 
 fake.rf 1440.00000000 50478.98538371511943623 1.00000 7 
 fake.rf 1440.00000000 50488.88478174740655291 1.00000 7 
 fake.rf 1440.00000000 50498.89275506255466297 1.00000 7 
 fake.rf 1440.00000000 50508.90211238747491862 1.00000 7 
 fake.rf 1440.00000000 50518.86596155869616354 1.00000 7 
 fake.rf 1440.00000000 50528.79940612783021692 1.00000 7 
 fake.rf 1440.00000000 50538.75318462613837411 1.00000 7 
 fake.rf 1440.00000000 50548.77099195308574764 1.00000 7 
 fake.rf 1440.00000000 50558.76741441890867534 1.00000 7 
 fake.rf 1440.00000000 50568.74378906832075486 1.00000 7 
 fake.rf 1440.00000000 50578.68001154522806928 1.00000 7 
 fake.rf 1440.00000000 50588.68559102429848551 1.00000 7 
 fake.rf 1440.00000000 50598.64368805135356411 1.00000 7 
 fake.rf 1440.00000000 50608.55535419778611939 1.00000 7 
 fake.rf 1440.00000000 50618.53375199110219995 1.00000 7 
 fake.rf 1440.00000000 50628.51072168145604735 1.00000 7 
 fake.rf 1440.00000000 50638.53210524101450929 1.00000 7 
 fake.rf 1440.00000000 50648.48204298878497198 1.00000 7 
 fake.rf 1440.00000000 50658.46845145372241248 1.00000 7 
 fake.rf 1440.00000000 50668.40906032403166037 1.00000 7 
 fake.rf 1440.00000000 50678.40239875149329052 1.00000 7 
 fake.rf 1440.00000000 50688.36216203603072117 1.00000 7 
 fake.rf 1440.00000000 50698.34620084317253585 1.00000 7 
 fake.rf 1440.00000000 50708.35992364801060361 1.00000 7 
 fake.rf 1440.00000000 50718.29942291757634010 1.00000 7 
 fake.rf 1440.00000000 50728.23093541646324312 1.00000 7 
 fake.rf 1440.00000000 50738.20371654947324558 1.00000 7 
 fake.rf 1440.00000000 50748.19390035354217616 1.00000 7 
 fake.rf 1440.00000000 50758.20298422484856005 1.00000 7 
 fake.rf 1440.00000000 50768.13782646846100732 1.00000 7 
 fake.rf 1440.00000000 50778.11873515569576298 1.00000 7 
 fake.rf 1440.00000000 50788.11525827215965734 1.00000 7 
 fake.rf 1440.00000000 50798.06013622828086085 1.00000 7 
 fake.rf 1440.00000000 50808.07632248136238218 1.00000 7 
 fake.rf 1440.00000000 50818.02617395823077118 1.00000 7 
 fake.rf 1440.00000000 50827.96220543932027880 1.00000 7 
 fake.rf 1440.00000000 50837.93914062487298011 1.00000 7 
 fake.rf 1440.00000000 50847.95340825122979567 1.00000 7 
 fake.rf 1440.00000000 50857.93455135863405658 1.00000 7 
 fake.rf 1440.00000000 50867.85188000991959356 1.00000 7 
 fake.rf 1440.00000000 50877.86982668634222549 1.00000 7 
 fake.rf 1440.00000000 50887.81449651228149023 1.00000 7 
 fake.rf 1440.00000000 50897.76470902569001353 1.00000 7 
 fake.rf 1440.00000000 50907.76805699998723043 1.00000 7 
 fake.rf 1440.00000000 50917.73503069584769065 1.00000 7 
 fake.rf 1440.00000000 50927.69094534008296549 1.00000 7 
 fake.rf 1440.00000000 50937.69856733621265121 1.00000 7 
 fake.rf 1440.00000000 50947.63089557345116631 1.00000 7 
 fake.rf 1440.00000000 50957.64738562695856672 1.00000 7 
 fake.rf 1440.00000000 50967.58538711431003776 1.00000 7 
 fake.rf 1440.00000000 50977.56896182194277500 1.00000 7 
 fake.rf 1440.00000000 50987.52276136013190211 1.00000 7 
 fake.rf 1440.00000000 50997.53116379420528403 1.00000 7 
 fake.rf 1440.00000000 51007.52608160845734986 1.00000 7 
 fake.rf 1440.00000000 51017.43757499367019648 1.00000 7 
 fake.rf 1440.00000000 51027.41278101256098410 1.00000 7 
 fake.rf 1440.00000000 51037.44984904948089266 1.00000 7 
 fake.rf 1440.00000000 51047.36142781784286271 1.00000 7 
 fake.rf 1440.00000000 51057.35412201074382565 1.00000 7 
 fake.rf 1440.00000000 51067.34424487765739897 1.00000 7 
 fake.rf 1440.00000000 51077.30130365288128758 1.00000 7 
 fake.rf 1440.00000000 51087.30221075474632286 1.00000 7 
 fake.rf 1440.00000000 51097.23282786996985649 1.00000 7 
 fake.rf 1440.00000000 51107.24540220785674904 1.00000 7 
 fake.rf 1440.00000000 51117.20646655821706972 1.00000 7 
 fake.rf 1440.00000000 51127.19757279381356696 1.00000 7 
 fake.rf 1440.00000000 51137.17348293133199633 1.00000 7 
 fake.rf 1440.00000000 51147.13878682268134312 1.00000 7 
 fake.rf 1440.00000000 51157.08813173716296419 1.00000 7 
 fake.rf 1440.00000000 51167.07248922399427116 1.00000 7 
 fake.rf 1440.00000000 51177.06575940946643755 1.00000 7 
 fake.rf 1440.00000000 51186.97702201979717884 1.00000 7 
 fake.rf 1440.00000000 51197.01668710334584134 1.00000 7 
 fake.rf 1440.00000000 51206.98747409600174763 1.00000 7 
 fake.rf 1440.00000000 51216.92938899692212473 1.00000 7 
 fake.rf 1440.00000000 51226.87999874670053657 1.00000 7 
 fake.rf 1440.00000000 51236.83400474498986199 1.00000 7 
 fake.rf 1440.00000000 51246.81084601467771122 1.00000 7 
 fake.rf 1440.00000000 51256.80442162406469819 1.00000 7 
 fake.rf 1440.00000000 51266.80222203067098974 1.00000 7 
 fake.rf 1440.00000000 51276.74436909831426945 1.00000 7 
 fake.rf 1440.00000000 51286.74882373713966288 1.00000 7 
 fake.rf 1440.00000000 51296.72772797138375722 1.00000 7 
 fake.rf 1440.00000000 51306.70558192093358585 1.00000 7 
 fake.rf 1440.00000000 51316.64892530049550246 1.00000 7 
 fake.rf 1440.00000000 51326.64996066582318335 1.00000 7 
 fake.rf 1440.00000000 51336.63032484771018815 1.00000 7 
 fake.rf 1440.00000000 51346.55470732766132969 1.00000 7 
 fake.rf 1440.00000000 51356.57795913753878736 1.00000 7 
 fake.rf 1440.00000000 51366.49498851121614962 1.00000 7 
 fake.rf 1440.00000000 51376.52013156596253651 1.00000 7 
 fake.rf 1440.00000000 51386.44441310971363635 1.00000 7 
 fake.rf 1440.00000000 51396.47298724611929188 1.00000 7 
 fake.rf 1440.00000000 51406.37271838627000520 1.00000 7 
 fake.rf 1440.00000000 51416.42021191984843753 1.00000 7 
 fake.rf 1440.00000000 51426.35382143792493892 1.00000 7 
 fake.rf 1440.00000000 51436.35529644693579243 1.00000 7 
 fake.rf 1440.00000000 51446.32267119065842564 1.00000 7 
 fake.rf 1440.00000000 51456.24888883126188333 1.00000 7 
 fake.rf 1440.00000000 51466.22701316382241998 1.00000 7 
 fake.rf 1440.00000000 51476.20604971647967929 1.00000 7 
 fake.rf 1440.00000000 51486.15284194213897351 1.00000 7 
 fake.rf 1440.00000000 51496.15286652609556839 1.00000 7 
 fake.rf 1440.00000000 51506.11553915743635201 1.00000 7 
 fake.rf 1440.00000000 51516.14375599353184398 1.00000 7 
 fake.rf 1440.00000000 51526.11299986446307386 1.00000 7 
 fake.rf 1440.00000000 51536.05358649758455414 1.00000 7 
 fake.rf 1440.00000000 51546.06311367738051388 1.00000 7 
 fake.rf 1440.00000000 51556.03650314553560818 1.00000 7 
 fake.rf 1440.00000000 51565.99796976646303648 1.00000 7 
 fake.rf 1440.00000000 51575.94926834309642416 1.00000 7 
 fake.rf 1440.00000000 51585.89210927752316493 1.00000 7 
 fake.rf 1440.00000000 51595.88533479449150931 1.00000 7 
 fake.rf 1440.00000000 51605.84284197025338514 1.00000 7 
 fake.rf 1440.00000000 51615.87417449235163502 1.00000 7 
 fake.rf 1440.00000000 51625.83804775444972535 1.00000 7 
 fake.rf 1440.00000000 51635.74056122658507562 1.00000 7 
 fake.rf 1440.00000000 51645.77956233271108388 1.00000 7 
 fake.rf 1440.00000000 51655.69512237074165739 1.00000 7 
 fake.rf 1440.00000000 51665.73152533325346525 1.00000 7 
 fake.rf 1440.00000000 51675.63152677679103775 1.00000 7 
 fake.rf 1440.00000000 51685.68286760195084995 1.00000 7 
 fake.rf 1440.00000000 51695.58752304874192873 1.00000 7 
 fake.rf 1440.00000000 51705.62673629559016675 1.00000 7 
 fake.rf 1440.00000000 51715.60511253702979673 1.00000 7 
 fake.rf 1440.00000000 51725.50123257796304088 1.00000 7 
 fake.rf 1440.00000000 51735.50135968865145486 1.00000 7 
 fake.rf 1440.00000000 51745.50851537041643269 1.00000 7 
 fake.rf 1440.00000000 51755.48264772128157674 1.00000 7 
 fake.rf 1440.00000000 51765.43629682684717608 1.00000 7 
 fake.rf 1440.00000000 51775.36554782084404280 1.00000 7 
 fake.rf 1440.00000000 51785.34602109519546786 1.00000 7 
 fake.rf 1440.00000000 51795.35710010372918077 1.00000 7 
 fake.rf 1440.00000000 51805.31367997776600021 1.00000 7 
 fake.rf 1440.00000000 51815.28413018996029749 1.00000 7 
 fake.rf 1440.00000000 51825.26739703965853323 1.00000 7 
 fake.rf 1440.00000000 51835.22052506397743343 1.00000 7 
 fake.rf 1440.00000000 51845.24219969633168503 1.00000 7 
 fake.rf 1440.00000000 51855.17896472602295788 1.00000 7 
 fake.rf 1440.00000000 51865.13278651780017725 1.00000 7 
 fake.rf 1440.00000000 51875.14323207860621068 1.00000 7 
 fake.rf 1440.00000000 51885.05859997662796346 1.00000 7 
 fake.rf 1440.00000000 51895.06590046249998593 1.00000 7 
 fake.rf 1440.00000000 51905.01354257053407792 1.00000 7 
 fake.rf 1440.00000000 51914.99705526618137341 1.00000 7 
 fake.rf 1440.00000000 51924.97965921289044999 1.00000 7 
 fake.rf 1440.00000000 51935.00181228848667558 1.00000 7 
 fake.rf 1440.00000000 51944.91514280448323504 1.00000 7 
 fake.rf 1440.00000000 51954.88071879203378600 1.00000 7 
 fake.rf 1440.00000000 51964.84573635357977395 1.00000 7 
 fake.rf 1440.00000000 51974.82277408213093040 1.00000 7 
 fake.rf 1440.00000000 51984.79898923768856278 1.00000 7 
 fake.rf 1440.00000000 51994.75931851541692907 1.00000 7 
 fake.rf 1440.00000000 52004.75164940778316236 1.00000 7 
 fake.rf 1440.00000000 52014.71104882029855077 1.00000 7 
 fake.rf 1440.00000000 52024.67705874483358386 1.00000 7 
 fake.rf 1440.00000000 52034.67614734770947749 1.00000 7 
 fake.rf 1440.00000000 52044.66297816335589488 1.00000 7 
 fake.rf 1440.00000000 52054.66344806237451337 1.00000 7 
 fake.rf 1440.00000000 52064.58064004074375930 1.00000 7 
 fake.rf 1440.00000000 52074.54842430609089732 1.00000 7 
 fake.rf 1440.00000000 52084.58878278289491703 1.00000 7 
 fake.rf 1440.00000000 52094.51375245812731762 1.00000 7 
 fake.rf 1440.00000000 52104.51992004294124783 1.00000 7 
 fake.rf 1440.00000000 52114.46082938333984202 1.00000 7 
 fake.rf 1440.00000000 52124.46688694393392893 1.00000 7 
 fake.rf 1440.00000000 52134.40029238451505478 1.00000 7 
 fake.rf 1440.00000000 52144.40496742160222965 1.00000 7 
 fake.rf 1440.00000000 52154.37667062998153256 1.00000 7 
 fake.rf 1440.00000000 52164.35747867677609335 1.00000 7 
 fake.rf 1440.00000000 52174.34327994680023721 1.00000 7 
 fake.rf 1440.00000000 52184.26939971220117798 1.00000 7 
 fake.rf 1440.00000000 52194.27621336504207150 1.00000 7 
 fake.rf 1440.00000000 52204.21328605942754564 1.00000 7 
 fake.rf 1440.00000000 52214.19768553755344342 1.00000 7 
 fake.rf 1440.00000000 52224.13198289563010590 1.00000 7 
 fake.rf 1440.00000000 52234.16229720137710046 1.00000 7 
 fake.rf 1440.00000000 52244.11282081602169924 1.00000 7 
 fake.rf 1440.00000000 52254.07108634617375031 1.00000 7 
 fake.rf 1440.00000000 52264.09428097860403284 1.00000 7 
 fake.rf 1440.00000000 52274.03712645346967136 1.00000 7 
 fake.rf 1440.00000000 52283.99973406410368071 1.00000 7 
 fake.rf 1440.00000000 52293.94311487548860740 1.00000 7 
 fake.rf 1440.00000000 52303.95692722994666823 1.00000 7 
 fake.rf 1440.00000000 52313.93917010082099495 1.00000 7 
 fake.rf 1440.00000000 52323.86925469133150912 1.00000 7 
 fake.rf 1440.00000000 52333.87638127338556870 1.00000 7 
 fake.rf 1440.00000000 52343.88501706647117118 1.00000 7 
 fake.rf 1440.00000000 52353.82923676200556073 1.00000 7 
 fake.rf 1440.00000000 52363.78080423698784429 1.00000 7 
 fake.rf 1440.00000000 52373.73393642928521885 1.00000 7 
 fake.rf 1440.00000000 52383.75657808428896089 1.00000 7 
 fake.rf 1440.00000000 52393.69247506934987513 1.00000 7 
 fake.rf 1440.00000000 52403.68121454316843710 1.00000 7 
 fake.rf 1440.00000000 52413.65399473455186552 1.00000 7 
 fake.rf 1440.00000000 52423.64143872606053165 1.00000 7 
 fake.rf 1440.00000000 52433.58020673786481680 1.00000 7 
 fake.rf 1440.00000000 52443.59703003810523825 1.00000 7 
 fake.rf 1440.00000000 52453.53312010793984754 1.00000 7 
 fake.rf 1440.00000000 52463.55422904330652756 1.00000 7 
 fake.rf 1440.00000000 52473.49583142839138361 1.00000 7 
 fake.rf 1440.00000000 52483.44502707959048138 1.00000 7 
 fake.rf 1440.00000000 52493.41955997342276419 1.00000 7 
 fake.rf 1440.00000000 52503.39528033179029620 1.00000 7 
 fake.rf 1440.00000000 52513.39218641505956597 1.00000 7 
 fake.rf 1440.00000000 52523.37842319245829970 1.00000 7 
 fake.rf 1440.00000000 52533.31574523954694911 1.00000 7 
 fake.rf 1440.00000000 52543.28693652854139629 1.00000 7 
 fake.rf 1440.00000000 52553.25100124044449856 1.00000 7 
 fake.rf 1440.00000000 52563.25722647773572760 1.00000 7 
 fake.rf 1440.00000000 52573.19558353431404285 1.00000 7 
 fake.rf 1440.00000000 52583.21313132480590724 1.00000 7 
 fake.rf 1440.00000000 52593.12593518642972867 1.00000 7 
 fake.rf 1440.00000000 52603.11831067344969881 1.00000 7 
 fake.rf 1440.00000000 52613.09364187699070925 1.00000 7 
 fake.rf 1440.00000000 52623.09932623711375044 1.00000 7 
 fake.rf 1440.00000000 52633.04909062121496888 1.00000 7 
 fake.rf 1440.00000000 52643.05885275528394018 1.00000 7 
 fake.rf 1440.00000000 52653.01714397878703622 1.00000 7 
 fake.rf 1440.00000000 52662.93843236095722204 1.00000 7 
 fake.rf 1440.00000000 52672.92706629340030133 1.00000 7 
 fake.rf 1440.00000000 52682.94912736717159518 1.00000 7 
 fake.rf 1440.00000000 52692.92036173451483094 1.00000 7 
 fake.rf 1440.00000000 52702.87219700187953109 1.00000 7 
 fake.rf 1440.00000000 52712.82696853056772568 1.00000 7 
 fake.rf 1440.00000000 52722.79828739322985953 1.00000 7 
 fake.rf 1440.00000000 52732.76487100172995426 1.00000 7 
 fake.rf 1440.00000000 52742.76904824398573624 1.00000 7 
 fake.rf 1440.00000000 52752.70116147213752456 1.00000 7 
 fake.rf 1440.00000000 52762.71447279267695052 1.00000 7 
 fake.rf 1440.00000000 52772.68372985485996196 1.00000 7 
 fake.rf 1440.00000000 52782.66808312809386550 1.00000 7 
 fake.rf 1440.00000000 52792.57456114224345356 1.00000 7 
 fake.rf 1440.00000000 52802.62898885194485743 1.00000 7 
 fake.rf 1440.00000000 52812.53303347516790822 1.00000 7 
 fake.rf 1440.00000000 52822.54705514204480821 1.00000 7 
 fake.rf 1440.00000000 52832.53169064620398032 1.00000 7 
 fake.rf 1440.00000000 52842.48369498072942463 1.00000 7 
 fake.rf 1440.00000000 52852.41287895358388127 1.00000 7 
 fake.rf 1440.00000000 52862.38888351079821248 1.00000 7 
 fake.rf 1440.00000000 52872.37441743798820681 1.00000 7 
 fake.rf 1440.00000000 52882.35259608934967446 1.00000 7 
 fake.rf 1440.00000000 52892.37345277314600267 1.00000 7 
 fake.rf 1440.00000000 52902.29909492577732877 1.00000 7 
 fake.rf 1440.00000000 52912.29695337533244270 1.00000 7 
 fake.rf 1440.00000000 52922.23711223294530726 1.00000 7 
 fake.rf 1440.00000000 52932.19574308396954265 1.00000 7 
 fake.rf 1440.00000000 52942.17067033366299711 1.00000 7 
 fake.rf 1440.00000000 52952.14789563872511735 1.00000 7 
 fake.rf 1440.00000000 52962.17545537099270092 1.00000 7 
 fake.rf 1440.00000000 52972.09897530509750396 1.00000 7 
 fake.rf 1440.00000000 52982.09213886652524650 1.00000 7 
 fake.rf 1440.00000000 52992.08573066346641056 1.00000 7 
 fake.rf 1440.00000000 53002.00778931267259608 1.00000 7 
 fake.rf 1440.00000000 53011.98009249868578863 1.00000 7 
 fake.rf 1440.00000000 53021.95576016532333696 1.00000 7 
 fake.rf 1440.00000000 53031.95977537260415957 1.00000 7 
 fake.rf 1440.00000000 53041.92596644728875788 1.00000 7 
 fake.rf 1440.00000000 53051.93311567636531478 1.00000 7 
 fake.rf 1440.00000000 53061.89654847762151491 1.00000 7 
 fake.rf 1440.00000000 53071.82002178686641258 1.00000 7 
 fake.rf 1440.00000000 53081.82373246043409409 1.00000 7 
 fake.rf 1440.00000000 53091.79882284114395219 1.00000 7 
 fake.rf 1440.00000000 53101.73941190095658627 1.00000 7 
 fake.rf 1440.00000000 53111.74152123375650802 1.00000 7 
 fake.rf 1440.00000000 53121.73129394383400026 1.00000 7 
 fake.rf 1440.00000000 53131.71320895249097305 1.00000 7 
 fake.rf 1440.00000000 53141.64392487330464832 1.00000 7 
 fake.rf 1440.00000000 53151.61300616528742324 1.00000 7 
 fake.rf 1440.00000000 53161.63474286747595343 1.00000 7 
 fake.rf 1440.00000000 53171.56876765761185766 1.00000 7 
 fake.rf 1440.00000000 53181.55068726650181432 1.00000 7 
 fake.rf 1440.00000000 53191.49457360449138221 1.00000 7 
 fake.rf 1440.00000000 53201.47675941705190894 1.00000 7 
 fake.rf 1440.00000000 53211.49495875545579082 1.00000 7 
 fake.rf 1440.00000000 53221.46400791707917222 1.00000 7 
 fake.rf 1440.00000000 53231.41365694453274315 1.00000 7 
 fake.rf 1440.00000000 53241.41779151578207419 1.00000 7 
 fake.rf 1440.00000000 53251.38907216259050514 1.00000 7 
 fake.rf 1440.00000000 53261.34325086062682786 1.00000 7 
 fake.rf 1440.00000000 53271.31891612525078727 1.00000 7 
 fake.rf 1440.00000000 53281.24102110373815222 1.00000 7 
 fake.rf 1440.00000000 53291.21566768286970373 1.00000 7 
 fake.rf 1440.00000000 53301.21222910949109419 1.00000 7 
 fake.rf 1440.00000000 53311.16703042105300980 1.00000 7 
 fake.rf 1440.00000000 53321.14128442592231139 1.00000 7 
 fake.rf 1440.00000000 53331.14081785958239479 1.00000 7 
 fake.rf 1440.00000000 53341.12693873420767687 1.00000 7 
 fake.rf 1440.00000000 53351.09468811228200025 1.00000 7 
 fake.rf 1440.00000000 53361.04534181425989203 1.00000 7 
 fake.rf 1440.00000000 53371.02219983590054397 1.00000 7 
 fake.rf 1440.00000000 53381.02406018252876763 1.00000 7 
 fake.rf 1440.00000000 53391.00572888940829230 1.00000 7 
 fake.rf 1440.00000000 53400.98498160288026426 1.00000 7 
 fake.rf 1440.00000000 53410.95473539562487986 1.00000 7 
 fake.rf 1440.00000000 53420.88248443367028528 1.00000 7 
 fake.rf 1440.00000000 53430.87881421408600602 1.00000 7 
 fake.rf 1440.00000000 53440.85778723272530755 1.00000 7 
 fake.rf 1440.00000000 53450.82688987432017313 1.00000 7 
 fake.rf 1440.00000000 53460.81960534415248887 1.00000 7 
 fake.rf 1440.00000000 53470.76428609019768246 1.00000 7 
 fake.rf 1440.00000000 53480.69471781372889652 1.00000 7 
 fake.rf 1440.00000000 53490.69665721205149822 1.00000 7 
 fake.rf 1440.00000000 53500.69586192273075298 1.00000 7 
 fake.rf 1440.00000000 53510.63578385080940336 1.00000 7 
 fake.rf 1440.00000000 53520.59989360240145828 1.00000 7 
 fake.rf 1440.00000000 53530.59545179432751283 1.00000 7 
 fake.rf 1440.00000000 53540.59566038586716274 1.00000 7 
 fake.rf 1440.00000000 53550.50787565955507219 1.00000 7 
 fake.rf 1440.00000000 53560.50201892268638204 1.00000 7 
 fake.rf 1440.00000000 53570.48371047605570183 1.00000 7 
 fake.rf 1440.00000000 53580.48222875870090931 1.00000 7 
 fake.rf 1440.00000000 53590.42578134945296497 1.00000 7 
 fake.rf 1440.00000000 53600.40942376872717290 1.00000 7 
 fake.rf 1440.00000000 53610.34847447724339986 1.00000 7 
 fake.rf 1440.00000000 53620.35746604088406286 1.00000 7 
 fake.rf 1440.00000000 53630.34266681980374258 1.00000 7 
 fake.rf 1440.00000000 53640.30855527351769396 1.00000 7 
 fake.rf 1440.00000000 53650.24763869151880158 1.00000 7 
 fake.rf 1440.00000000 53660.22789319485695714 1.00000 7 
