FORMAT 1
MODE 1
 fake.rf 1440.00000000 50000.22311328264613195 1.00000 7 
 fake.rf 1440.00000000 50010.23295932935425512 1.00000 7 
 fake.rf 1440.00000000 50020.17326197171609081 1.00000 7 
 fake.rf 1440.00000000 50030.14467923231075019 1.00000 7 
 fake.rf 1440.00000000 50040.10794098982842115 1.00000 7 
 fake.rf 1440.00000000 50050.14014465445880120 1.00000 7 
 fake.rf 1440.00000000 50060.10136768774659544 1.00000 7 
 fake.rf 1440.00000000 50070.03797944617509685 1.00000 7 
 fake.rf 1440.00000000 50080.05154635111993500 1.00000 7 
 fake.rf 1440.00000000 50090.00122577853510819 1.00000 7 
 fake.rf 1440.00000000 50099.98030252229109749 1.00000 7 
 fake.rf 1440.00000000 50109.94037536337819105 1.00000 7 
 fake.rf 1440.00000000 50119.93507819683409465 1.00000 7 
 fake.rf 1440.00000000 50129.89538917916947369 1.00000 7 
 fake.rf 1440.00000000 50139.83151578882013411 1.00000 7 
 fake.rf 1440.00000000 50149.80721435829085664 1.00000 7 
 fake.rf 1440.00000000 50159.80328360427204615 1.00000 7 
 fake.rf 1440.00000000 50169.76918052699246431 1.00000 7 
 fake.rf 1440.00000000 50179.78985069598535773 1.00000 7 
 fake.rf 1440.00000000 50189.72376586543589738 1.00000 7 
 fake.rf 1440.00000000 50199.74568387654127477 1.00000 7 
 fake.rf 1440.00000000 50209.69949734496218241 1.00000 7 
 fake.rf 1440.00000000 50219.68099761940097636 1.00000 7 
 fake.rf 1440.00000000 50229.59811455401098002 1.00000 7 
 fake.rf 1440.00000000 50239.62476831719119730 1.00000 7 
 fake.rf 1440.00000000 50249.57710853602091206 1.00000 7 
 fake.rf 1440.00000000 50259.57240040938750880 1.00000 7 
 fake.rf 1440.00000000 50269.54684452313940923 1.00000 7 
 fake.rf 1440.00000000 50279.44536387366597552 1.00000 7 
 fake.rf 1440.00000000 50289.48311519642156142 1.00000 7 
 fake.rf 1440.00000000 50299.43125454989521472 1.00000 7 
 fake.rf 1440.00000000 50309.37676859991259093 1.00000 7 
 fake.rf 1440.00000000 50319.36833695798552313 1.00000 7 
 fake.rf 1440.00000000 50329.36741664022759224 1.00000 7 
 fake.rf 1440.00000000 50339.31165225892176451 1.00000 7 
 fake.rf 1440.00000000 50349.29378667096033340 1.00000 7 
 fake.rf 1440.00000000 50359.26904101540511149 1.00000 7 
 fake.rf 1440.00000000 50369.20180402648649931 1.00000 7 
 fake.rf 1440.00000000 50379.23118788759424902 1.00000 7 
 fake.rf 1440.00000000 50389.16398011437738802 1.00000 7 
 fake.rf 1440.00000000 50399.15706019776632729 1.00000 7 
 fake.rf 1440.00000000 50409.10949177848022984 1.00000 7 
 fake.rf 1440.00000000 50419.11299455537873371 1.00000 7 
 fake.rf 1440.00000000 50429.04474849721957241 1.00000 7 
 fake.rf 1440.00000000 50439.06812871639614571 1.00000 7 
 fake.rf 1440.00000000 50449.03506242625212153 1.00000 7 
 fake.rf 1440.00000000 50458.96981919559422636 1.00000 7 
 fake.rf 1440.00000000 50468.93323970830414638 1.00000 7 
 fake.rf 1440.00000000 50478.97670797074469107 1.00000 7 
 fake.rf 1440.00000000 50488.87610599142781709 1.00000 7 
 fake.rf 1440.00000000 50498.88407933173543185 1.00000 7 
 fake.rf 1440.00000000 50508.89343662668319013 1.00000 7 
 fake.rf 1440.00000000 50518.85728576217247010 1.00000 7 
 fake.rf 1440.00000000 50528.79073034357018557 1.00000 7 
 fake.rf 1440.00000000 50538.74450890462849628 1.00000 7 
 fake.rf 1440.00000000 50548.76231616669770830 1.00000 7 
 fake.rf 1440.00000000 50558.75873863420988741 1.00000 7 
 fake.rf 1440.00000000 50568.73511334234481041 1.00000 7 
 fake.rf 1440.00000000 50578.67133579305998126 1.00000 7 
 fake.rf 1440.00000000 50588.67691529680325857 1.00000 7 
 fake.rf 1440.00000000 50598.63501228811491117 1.00000 7 
 fake.rf 1440.00000000 50608.54667842328956695 1.00000 7 
 fake.rf 1440.00000000 50618.52507623762035749 1.00000 7 
 fake.rf 1440.00000000 50628.50204594989959261 1.00000 7 
 fake.rf 1440.00000000 50638.52342944992539842 1.00000 7 
 fake.rf 1440.00000000 50648.47336725969153548 1.00000 7 
 fake.rf 1440.00000000 50658.45977568189507423 1.00000 7 
 fake.rf 1440.00000000 50668.40038451251736262 1.00000 7 
 fake.rf 1440.00000000 50678.39372298769355396 1.00000 7 
 fake.rf 1440.00000000 50688.35348626545011541 1.00000 7 
 fake.rf 1440.00000000 50698.33752503810411483 1.00000 7 
 fake.rf 1440.00000000 50708.35124788647191707 1.00000 7 
 fake.rf 1440.00000000 50718.29074713497858085 1.00000 7 
 fake.rf 1440.00000000 50728.22225967082077602 1.00000 7 
 fake.rf 1440.00000000 50738.19504079039021605 1.00000 7 
 fake.rf 1440.00000000 50748.18522456614189764 1.00000 7 
 fake.rf 1440.00000000 50758.19430846684194591 1.00000 7 
 fake.rf 1440.00000000 50768.12915073986772541 1.00000 7 
 fake.rf 1440.00000000 50778.11005938645934066 1.00000 7 
 fake.rf 1440.00000000 50788.10658256998540239 1.00000 7 
 fake.rf 1440.00000000 50798.05146050250570866 1.00000 7 
 fake.rf 1440.00000000 50808.06764675153078770 1.00000 7 
 fake.rf 1440.00000000 50818.01749824862974236 1.00000 7 
 fake.rf 1440.00000000 50827.95352966028571373 1.00000 7 
 fake.rf 1440.00000000 50837.93046483477291986 1.00000 7 
 fake.rf 1440.00000000 50847.94473250600269409 1.00000 7 
 fake.rf 1440.00000000 50857.92587561210707747 1.00000 7 
 fake.rf 1440.00000000 50867.84320421902431875 1.00000 7 
 fake.rf 1440.00000000 50877.86115092612923760 1.00000 7 
 fake.rf 1440.00000000 50887.80582075769784467 1.00000 7 
 fake.rf 1440.00000000 50897.75603324395419946 1.00000 7 
 fake.rf 1440.00000000 50907.75938128144788308 1.00000 7 
 fake.rf 1440.00000000 50917.72635494128014955 1.00000 7 
 fake.rf 1440.00000000 50927.68226958546879146 1.00000 7 
 fake.rf 1440.00000000 50937.68989162078560540 1.00000 7 
 fake.rf 1440.00000000 50947.62221979959322482 1.00000 7 
 fake.rf 1440.00000000 50957.63870988096925885 1.00000 7 
 fake.rf 1440.00000000 50967.57671136798396461 1.00000 7 
 fake.rf 1440.00000000 50977.56028605855301805 1.00000 7 
 fake.rf 1440.00000000 50987.51408559368995199 1.00000 7 
 fake.rf 1440.00000000 50997.52248804801328674 1.00000 7 
 fake.rf 1440.00000000 51007.51740586114559761 1.00000 7 
 fake.rf 1440.00000000 51017.42889925522176497 1.00000 7 
 fake.rf 1440.00000000 51027.40410523330646342 1.00000 7 
 fake.rf 1440.00000000 51037.44117326610213681 1.00000 7 
 fake.rf 1440.00000000 51047.35275211558301933 1.00000 7 
 fake.rf 1440.00000000 51057.34544621494087480 1.00000 7 
 fake.rf 1440.00000000 51067.33556917823629462 1.00000 7 
 fake.rf 1440.00000000 51077.29262787144204339 1.00000 7 
 fake.rf 1440.00000000 51087.29353496825886793 1.00000 7 
 fake.rf 1440.00000000 51097.22415212010708174 1.00000 7 
 fake.rf 1440.00000000 51107.23672642458812732 1.00000 7 
 fake.rf 1440.00000000 51117.19779083065018455 1.00000 7 
 fake.rf 1440.00000000 51127.18889706034848075 1.00000 7 
 fake.rf 1440.00000000 51137.16480720565241569 1.00000 7 
 fake.rf 1440.00000000 51147.13011103693584758 1.00000 7 
 fake.rf 1440.00000000 51157.07945593930569927 1.00000 7 
 fake.rf 1440.00000000 51167.06381349722384044 1.00000 7 
 fake.rf 1440.00000000 51177.05708366352920180 1.00000 7 
 fake.rf 1440.00000000 51186.96834625351987924 1.00000 7 
 fake.rf 1440.00000000 51197.00801135169070122 1.00000 7 
 fake.rf 1440.00000000 51206.97879835129495874 1.00000 7 
 fake.rf 1440.00000000 51216.92071325797595804 1.00000 7 
 fake.rf 1440.00000000 51226.87132302767809122 1.00000 7 
 fake.rf 1440.00000000 51236.82532898394983789 1.00000 7 
 fake.rf 1440.00000000 51246.80217029534608741 1.00000 7 
 fake.rf 1440.00000000 51256.79574583242795072 1.00000 7 
 fake.rf 1440.00000000 51266.79354623573015459 1.00000 7 
 fake.rf 1440.00000000 51276.73569337594153339 1.00000 7 
 fake.rf 1440.00000000 51286.74014800333329234 1.00000 7 
 fake.rf 1440.00000000 51296.71905226993943927 1.00000 7 
 fake.rf 1440.00000000 51306.69690617108872033 1.00000 7 
 fake.rf 1440.00000000 51316.64024956957420898 1.00000 7 
 fake.rf 1440.00000000 51326.64128485952329584 1.00000 7 
 fake.rf 1440.00000000 51336.62164912048403309 1.00000 7 
 fake.rf 1440.00000000 51346.54603157971967420 1.00000 7 
 fake.rf 1440.00000000 51356.56928335410101383 1.00000 7 
 fake.rf 1440.00000000 51366.48631273484232196 1.00000 7 
 fake.rf 1440.00000000 51376.51145578235110989 1.00000 7 
 fake.rf 1440.00000000 51386.43573731667264326 1.00000 7 
 fake.rf 1440.00000000 51396.46431146928068046 1.00000 7 
 fake.rf 1440.00000000 51406.36404262262763609 1.00000 7 
 fake.rf 1440.00000000 51416.41153616894240486 1.00000 7 
 fake.rf 1440.00000000 51426.34514566438693350 1.00000 7 
 fake.rf 1440.00000000 51436.34662070774087894 1.00000 7 
 fake.rf 1440.00000000 51446.31399541867729042 1.00000 7 
 fake.rf 1440.00000000 51456.24021308319509771 1.00000 7 
 fake.rf 1440.00000000 51466.21833740926980383 1.00000 7 
 fake.rf 1440.00000000 51476.19737398756898372 1.00000 7 
 fake.rf 1440.00000000 51486.14416619376498829 1.00000 7 
 fake.rf 1440.00000000 51496.14419076802540332 1.00000 7 
 fake.rf 1440.00000000 51506.10686335763206145 1.00000 7 
 fake.rf 1440.00000000 51516.13508022662295005 1.00000 7 
 fake.rf 1440.00000000 51526.10432407811844868 1.00000 7 
 fake.rf 1440.00000000 51536.04491079364187556 1.00000 7 
 fake.rf 1440.00000000 51546.05443791613826221 1.00000 7 
 fake.rf 1440.00000000 51556.02782742532260229 1.00000 7 
 fake.rf 1440.00000000 51565.98929401616226897 1.00000 7 
 fake.rf 1440.00000000 51575.94059257820966380 1.00000 7 
 fake.rf 1440.00000000 51585.88343350004363330 1.00000 7 
 fake.rf 1440.00000000 51595.87665905165173896 1.00000 7 
 fake.rf 1440.00000000 51605.83416618138055654 1.00000 7 
 fake.rf 1440.00000000 51615.86549870842093668 1.00000 7 
 fake.rf 1440.00000000 51625.82937201848785236 1.00000 7 
 fake.rf 1440.00000000 51635.73188550200422142 1.00000 7 
 fake.rf 1440.00000000 51645.77088653970266563 1.00000 7 
 fake.rf 1440.00000000 51655.68644661957184994 1.00000 7 
 fake.rf 1440.00000000 51665.72284955566850329 1.00000 7 
 fake.rf 1440.00000000 51675.62285105093758020 1.00000 7 
 fake.rf 1440.00000000 51685.67419180304136361 1.00000 7 
 fake.rf 1440.00000000 51695.57884730936917705 1.00000 7 
 fake.rf 1440.00000000 51705.61806053372511371 1.00000 7 
 fake.rf 1440.00000000 51715.59643681902065282 1.00000 7 
 fake.rf 1440.00000000 51725.49255682783671517 1.00000 7 
 fake.rf 1440.00000000 51735.49268395076555294 1.00000 7 
 fake.rf 1440.00000000 51745.49983957881840979 1.00000 7 
 fake.rf 1440.00000000 51755.47397196893091831 1.00000 7 
 fake.rf 1440.00000000 51765.42762111607384767 1.00000 7 
 fake.rf 1440.00000000 51775.35687202998637346 1.00000 7 
 fake.rf 1440.00000000 51785.33734534947564754 1.00000 7 
 fake.rf 1440.00000000 51795.34842432648591171 1.00000 7 
 fake.rf 1440.00000000 51805.30500420120997873 1.00000 7 
 fake.rf 1440.00000000 51815.27545443480757825 1.00000 7 
 fake.rf 1440.00000000 51825.25872129709061653 1.00000 7 
 fake.rf 1440.00000000 51835.21184934868120564 1.00000 7 
 fake.rf 1440.00000000 51845.23352395573365925 1.00000 7 
 fake.rf 1440.00000000 51855.17028894277881435 1.00000 7 
 fake.rf 1440.00000000 51865.12411081575013583 1.00000 7 
 fake.rf 1440.00000000 51875.13455636166280982 1.00000 7 
 fake.rf 1440.00000000 51885.04992426123061833 1.00000 7 
 fake.rf 1440.00000000 51895.05722467431920819 1.00000 7 
 fake.rf 1440.00000000 51905.00486680853892452 1.00000 7 
 fake.rf 1440.00000000 51914.98837950631660121 1.00000 7 
 fake.rf 1440.00000000 51924.97098346507438293 1.00000 7 
 fake.rf 1440.00000000 51934.99313656004431650 1.00000 7 
 fake.rf 1440.00000000 51944.90646702305913607 1.00000 7 
 fake.rf 1440.00000000 51954.87204305521071745 1.00000 7 
 fake.rf 1440.00000000 51964.83706057397856171 1.00000 7 
 fake.rf 1440.00000000 51974.81409835022255450 1.00000 7 
 fake.rf 1440.00000000 51984.79031347212723446 1.00000 7 
 fake.rf 1440.00000000 51994.75064276221477044 1.00000 7 
 fake.rf 1440.00000000 52004.74297367527961455 1.00000 7 
 fake.rf 1440.00000000 52014.70237308232108120 1.00000 7 
 fake.rf 1440.00000000 52024.66838296852428769 1.00000 7 
 fake.rf 1440.00000000 52034.66747158511512339 1.00000 7 
 fake.rf 1440.00000000 52044.65430242699191865 1.00000 7 
 fake.rf 1440.00000000 52054.65477227281795791 1.00000 7 
 fake.rf 1440.00000000 52064.57196429110932812 1.00000 7 
 fake.rf 1440.00000000 52074.53974853110698007 1.00000 7 
 fake.rf 1440.00000000 52084.58010705321855482 1.00000 7 
 fake.rf 1440.00000000 52094.50507668453621335 1.00000 7 
 fake.rf 1440.00000000 52104.51124428503137764 1.00000 7 
 fake.rf 1440.00000000 52114.45215363794318009 1.00000 7 
 fake.rf 1440.00000000 52124.45821120064042375 1.00000 7 
 fake.rf 1440.00000000 52134.39161660354764294 1.00000 7 
 fake.rf 1440.00000000 52144.39629170486115939 1.00000 7 
 fake.rf 1440.00000000 52154.36799487829275179 1.00000 7 
 fake.rf 1440.00000000 52164.34880293834658360 1.00000 7 
 fake.rf 1440.00000000 52174.33460422644257903 1.00000 7 
 fake.rf 1440.00000000 52184.26072395839695872 1.00000 7 
 fake.rf 1440.00000000 52194.26753759238527053 1.00000 7 
 fake.rf 1440.00000000 52204.20461030026023508 1.00000 7 
 fake.rf 1440.00000000 52214.18900979958615238 1.00000 7 
 fake.rf 1440.00000000 52224.12330714997651526 1.00000 7 
 fake.rf 1440.00000000 52234.15362143413029017 1.00000 7 
 fake.rf 1440.00000000 52244.10414503222618521 1.00000 7 
 fake.rf 1440.00000000 52254.06241058188586734 1.00000 7 
 fake.rf 1440.00000000 52264.08560522005312876 1.00000 7 
 fake.rf 1440.00000000 52274.02845065489301390 1.00000 7 
 fake.rf 1440.00000000 52283.99105828698914067 1.00000 7 
 fake.rf 1440.00000000 52293.93443911554170356 1.00000 7 
 fake.rf 1440.00000000 52303.94825147567070900 1.00000 7 
 fake.rf 1440.00000000 52313.93049433933422421 1.00000 7 
 fake.rf 1440.00000000 52323.86057894126549783 1.00000 7 
 fake.rf 1440.00000000 52333.86770550464717289 1.00000 7 
 fake.rf 1440.00000000 52343.87634134651583651 1.00000 7 
 fake.rf 1440.00000000 52353.82056102904008554 1.00000 7 
 fake.rf 1440.00000000 52363.77212853213940136 1.00000 7 
 fake.rf 1440.00000000 52373.72526069957613259 1.00000 7 
 fake.rf 1440.00000000 52383.74790229877100245 1.00000 7 
 fake.rf 1440.00000000 52393.68379927131108786 1.00000 7 
 fake.rf 1440.00000000 52403.67253877341429558 1.00000 7 
 fake.rf 1440.00000000 52413.64531898762675510 1.00000 7 
 fake.rf 1440.00000000 52423.63276297631800205 1.00000 7 
 fake.rf 1440.00000000 52433.57153099536473206 1.00000 7 
 fake.rf 1440.00000000 52443.58835427813284014 1.00000 7 
 fake.rf 1440.00000000 52453.52444439014278998 1.00000 7 
 fake.rf 1440.00000000 52463.54555323614332707 1.00000 7 
 fake.rf 1440.00000000 52473.48715566575816638 1.00000 7 
 fake.rf 1440.00000000 52483.43635127971219489 1.00000 7 
 fake.rf 1440.00000000 52493.41088424595372786 1.00000 7 
 fake.rf 1440.00000000 52503.38660462001131179 1.00000 7 
 fake.rf 1440.00000000 52513.38351064407260083 1.00000 7 
 fake.rf 1440.00000000 52523.36974740789027294 1.00000 7 
 fake.rf 1440.00000000 52533.30706944884646603 1.00000 7 
 fake.rf 1440.00000000 52543.27826082237443472 1.00000 7 
 fake.rf 1440.00000000 52553.24232548978289969 1.00000 7 
 fake.rf 1440.00000000 52563.24855073342991219 1.00000 7 
 fake.rf 1440.00000000 52573.18690776446936397 1.00000 7 
 fake.rf 1440.00000000 52583.20445553530205984 1.00000 7 
 fake.rf 1440.00000000 52593.11725941685247321 1.00000 7 
 fake.rf 1440.00000000 52603.10963492360030713 1.00000 7 
 fake.rf 1440.00000000 52613.08496610795739556 1.00000 7 
 fake.rf 1440.00000000 52623.09065049523768920 1.00000 7 
 fake.rf 1440.00000000 52633.04041486830332275 1.00000 7 
 fake.rf 1440.00000000 52643.05017697811712196 1.00000 7 
 fake.rf 1440.00000000 52653.00846820729098852 1.00000 7 
 fake.rf 1440.00000000 52662.92975661813764887 1.00000 7 
 fake.rf 1440.00000000 52672.91839056821526199 1.00000 7 
 fake.rf 1440.00000000 52682.94045159459231087 1.00000 7 
 fake.rf 1440.00000000 52692.91168597669544837 1.00000 7 
 fake.rf 1440.00000000 52702.86352123988253382 1.00000 7 
 fake.rf 1440.00000000 52712.81829272981897105 1.00000 7 
 fake.rf 1440.00000000 52722.78961165352124141 1.00000 7 
 fake.rf 1440.00000000 52732.75619525781962693 1.00000 7 
 fake.rf 1440.00000000 52742.76037247130020447 1.00000 7 
 fake.rf 1440.00000000 52752.69248566492896302 1.00000 7 
 fake.rf 1440.00000000 52762.70579699909962201 1.00000 7 
 fake.rf 1440.00000000 52772.67505409332421351 1.00000 7 
 fake.rf 1440.00000000 52782.65940738962773793 1.00000 7 
 fake.rf 1440.00000000 52792.56588533757963688 1.00000 7 
 fake.rf 1440.00000000 52802.62031306749589987 1.00000 7 
 fake.rf 1440.00000000 52812.52435771544483600 1.00000 7 
 fake.rf 1440.00000000 52822.53837938195703572 1.00000 7 
 fake.rf 1440.00000000 52832.52301488192189538 1.00000 7 
 fake.rf 1440.00000000 52842.47501920087042393 1.00000 7 
 fake.rf 1440.00000000 52852.40420323565036398 1.00000 7 
 fake.rf 1440.00000000 52862.38020773922395890 1.00000 7 
 fake.rf 1440.00000000 52872.36574165716999829 1.00000 7 
 fake.rf 1440.00000000 52882.34392033025438096 1.00000 7 
 fake.rf 1440.00000000 52892.36477704091646146 1.00000 7 
 fake.rf 1440.00000000 52902.29041912749311294 1.00000 7 
 fake.rf 1440.00000000 52912.28827762755188502 1.00000 7 
 fake.rf 1440.00000000 52922.22843651041690194 1.00000 7 
 fake.rf 1440.00000000 52932.18706736861753726 1.00000 7 
 fake.rf 1440.00000000 52942.16199456448942229 1.00000 7 
 fake.rf 1440.00000000 52952.13921988936280627 1.00000 7 
 fake.rf 1440.00000000 52962.16677960803482250 1.00000 7 
 fake.rf 1440.00000000 52972.09029957318453796 1.00000 7 
 fake.rf 1440.00000000 52982.08346311825062003 1.00000 7 
 fake.rf 1440.00000000 52992.07705494251138845 1.00000 7 
 fake.rf 1440.00000000 53001.99911356393896256 1.00000 7 
 fake.rf 1440.00000000 53011.97141672836771065 1.00000 7 
 fake.rf 1440.00000000 53021.94708439615184403 1.00000 7 
 fake.rf 1440.00000000 53031.95109965185507761 1.00000 7 
 fake.rf 1440.00000000 53041.91729066854711760 1.00000 7 
 fake.rf 1440.00000000 53051.92443991228632427 1.00000 7 
 fake.rf 1440.00000000 53061.88787268784194850 1.00000 7 
 fake.rf 1440.00000000 53071.81134603500002100 1.00000 7 
 fake.rf 1440.00000000 53081.81505671159581183 1.00000 7 
 fake.rf 1440.00000000 53091.79014712630927875 1.00000 7 
 fake.rf 1440.00000000 53101.73073611494903545 1.00000 7 
 fake.rf 1440.00000000 53111.73284553204523917 1.00000 7 
 fake.rf 1440.00000000 53121.72261818190787608 1.00000 7 
 fake.rf 1440.00000000 53131.70453321713568329 1.00000 7 
 fake.rf 1440.00000000 53141.63524907590021229 1.00000 7 
 fake.rf 1440.00000000 53151.60433044299989191 1.00000 7 
 fake.rf 1440.00000000 53161.62606709276722938 1.00000 7 
 fake.rf 1440.00000000 53171.56009187249725301 1.00000 7 
 fake.rf 1440.00000000 53181.54201145962189656 1.00000 7 
 fake.rf 1440.00000000 53191.48589781702514756 1.00000 7 
 fake.rf 1440.00000000 53201.46808364111116063 1.00000 7 
 fake.rf 1440.00000000 53211.48628299927227658 1.00000 7 
 fake.rf 1440.00000000 53221.45533218247918938 1.00000 7 
 fake.rf 1440.00000000 53231.40498115529615930 1.00000 7 
 fake.rf 1440.00000000 53241.40911573372321186 1.00000 7 
 fake.rf 1440.00000000 53251.38039644808658579 1.00000 7 
 fake.rf 1440.00000000 53261.33457506848754903 1.00000 7 
 fake.rf 1440.00000000 53271.31024037334609389 1.00000 7 
 fake.rf 1440.00000000 53281.23234533559391224 1.00000 7 
 fake.rf 1440.00000000 53291.20699188886982967 1.00000 7 
 fake.rf 1440.00000000 53301.20355335593346524 1.00000 7 
 fake.rf 1440.00000000 53311.15835462538940348 1.00000 7 
 fake.rf 1440.00000000 53321.13260865890361728 1.00000 7 
 fake.rf 1440.00000000 53331.13214208862779842 1.00000 7 
 fake.rf 1440.00000000 53341.11826301482741997 1.00000 7 
 fake.rf 1440.00000000 53351.08601238251733534 1.00000 7 
 fake.rf 1440.00000000 53361.03666604108285654 1.00000 7 
 fake.rf 1440.00000000 53371.01352408363078084 1.00000 7 
 fake.rf 1440.00000000 53381.01538446466030408 1.00000 7 
 fake.rf 1440.00000000 53390.99705311254796669 1.00000 7 
 fake.rf 1440.00000000 53400.97630586808157460 1.00000 7 
 fake.rf 1440.00000000 53410.94605961560001006 1.00000 7 
 fake.rf 1440.00000000 53420.87380866209063157 1.00000 7 
 fake.rf 1440.00000000 53430.87013841716082041 1.00000 7 
 fake.rf 1440.00000000 53440.84911151427253628 1.00000 7 
 fake.rf 1440.00000000 53450.81821417026365140 1.00000 7 
 fake.rf 1440.00000000 53460.81092955870938610 1.00000 7 
 fake.rf 1440.00000000 53470.75561031935891876 1.00000 7 
 fake.rf 1440.00000000 53480.68604209094766944 1.00000 7 
 fake.rf 1440.00000000 53490.68798142605507095 1.00000 7 
 fake.rf 1440.00000000 53500.68718620995756652 1.00000 7 
 fake.rf 1440.00000000 53510.62710806091654092 1.00000 7 
 fake.rf 1440.00000000 53520.59121778874879993 1.00000 7 
 fake.rf 1440.00000000 53530.58677607092774053 1.00000 7 
 fake.rf 1440.00000000 53540.58698463750528873 1.00000 7 
 fake.rf 1440.00000000 53550.49919989903979456 1.00000 7 
 fake.rf 1440.00000000 53560.49334316304282666 1.00000 7 
 fake.rf 1440.00000000 53570.47503475163463449 1.00000 7 
 fake.rf 1440.00000000 53580.47355298852758310 1.00000 7 
 fake.rf 1440.00000000 53590.41710556108532160 1.00000 7 
 fake.rf 1440.00000000 53600.40074801138699812 1.00000 7 
 fake.rf 1440.00000000 53610.33979870605569218 1.00000 7 
 fake.rf 1440.00000000 53620.34879027677049734 1.00000 7 
 fake.rf 1440.00000000 53630.33399105246104810 1.00000 7 
 fake.rf 1440.00000000 53640.29987949960869642 1.00000 7 
 fake.rf 1440.00000000 53650.23896296649910909 1.00000 7 
 fake.rf 1440.00000000 53660.21921743562201357 1.00000 7 
