FORMAT 1
MODE 1
 fake.rf 1440.00000000 50000.23312496411832484 1.00000 7 
 fake.rf 1440.00000000 50010.24297103644311591 1.00000 7 
 fake.rf 1440.00000000 50020.18327366405899070 1.00000 7 
 fake.rf 1440.00000000 50030.15469093118218069 1.00000 7 
 fake.rf 1440.00000000 50040.11795265208835204 1.00000 7 
 fake.rf 1440.00000000 50050.15015632806073498 1.00000 7 
 fake.rf 1440.00000000 50060.11137938269123282 1.00000 7 
 fake.rf 1440.00000000 50070.04799114017469819 1.00000 7 
 fake.rf 1440.00000000 50080.06155803250029734 1.00000 7 
 fake.rf 1440.00000000 50090.01123745537666210 1.00000 7 
 fake.rf 1440.00000000 50099.99031419515575791 1.00000 7 
 fake.rf 1440.00000000 50109.95038704570680466 1.00000 7 
 fake.rf 1440.00000000 50119.94508988665425875 1.00000 7 
 fake.rf 1440.00000000 50129.90540087668244951 1.00000 7 
 fake.rf 1440.00000000 50139.84152747298720598 1.00000 7 
 fake.rf 1440.00000000 50149.81722601660593597 1.00000 7 
 fake.rf 1440.00000000 50159.81329529222276520 1.00000 7 
 fake.rf 1440.00000000 50169.77919221171454467 1.00000 7 
 fake.rf 1440.00000000 50179.79986237920829950 1.00000 7 
 fake.rf 1440.00000000 50189.73377753333004492 1.00000 7 
 fake.rf 1440.00000000 50199.75569554593470656 1.00000 7 
 fake.rf 1440.00000000 50209.70950904984925245 1.00000 7 
 fake.rf 1440.00000000 50219.69100933079034377 1.00000 7 
 fake.rf 1440.00000000 50229.60812619614717889 1.00000 7 
 fake.rf 1440.00000000 50239.63478002742763806 1.00000 7 
 fake.rf 1440.00000000 50249.58712024406707641 1.00000 7 
 fake.rf 1440.00000000 50259.58241206051291883 1.00000 7 
 fake.rf 1440.00000000 50269.55685620751257048 1.00000 7 
 fake.rf 1440.00000000 50279.45537555730393819 1.00000 7 
 fake.rf 1440.00000000 50289.49312687611712036 1.00000 7 
 fake.rf 1440.00000000 50299.44126622824629536 1.00000 7 
 fake.rf 1440.00000000 50309.38678023846346576 1.00000 7 
 fake.rf 1440.00000000 50319.37834863242364491 1.00000 7 
 fake.rf 1440.00000000 50329.37742830303427155 1.00000 7 
 fake.rf 1440.00000000 50339.32166392616418094 1.00000 7 
 fake.rf 1440.00000000 50349.30379834939410699 1.00000 7 
 fake.rf 1440.00000000 50359.27905269212616801 1.00000 7 
 fake.rf 1440.00000000 50369.21181570990891174 1.00000 7 
 fake.rf 1440.00000000 50379.24119954114779318 1.00000 7 
 fake.rf 1440.00000000 50389.17399181960356103 1.00000 7 
 fake.rf 1440.00000000 50399.16707186828686460 1.00000 7 
 fake.rf 1440.00000000 50409.11950345059808143 1.00000 7 
 fake.rf 1440.00000000 50419.12300621685244195 1.00000 7 
 fake.rf 1440.00000000 50429.05476016222756996 1.00000 7 
 fake.rf 1440.00000000 50439.07814037021921294 1.00000 7 
 fake.rf 1440.00000000 50449.04507408341141783 1.00000 7 
 fake.rf 1440.00000000 50458.97983091256406851 1.00000 7 
 fake.rf 1440.00000000 50468.94325139637691890 1.00000 7 
 fake.rf 1440.00000000 50478.98671968617544437 1.00000 7 
 fake.rf 1440.00000000 50488.88611767728513868 1.00000 7 
 fake.rf 1440.00000000 50498.89409098697810663 1.00000 7 
 fake.rf 1440.00000000 50508.90344830763027062 1.00000 7 
 fake.rf 1440.00000000 50518.86729745193554209 1.00000 7 
 fake.rf 1440.00000000 50528.80074202270756345 1.00000 7 
 fake.rf 1440.00000000 50538.75452055931411977 1.00000 7 
 fake.rf 1440.00000000 50548.77232786790899866 1.00000 7 
 fake.rf 1440.00000000 50558.76875034803017428 1.00000 7 
 fake.rf 1440.00000000 50568.74512503029907506 1.00000 7 
 fake.rf 1440.00000000 50578.68134747447093602 1.00000 7 
 fake.rf 1440.00000000 50588.68692698014310238 1.00000 7 
 fake.rf 1440.00000000 50598.64502395861229189 1.00000 7 
 fake.rf 1440.00000000 50608.55669009881528808 1.00000 7 
 fake.rf 1440.00000000 50618.53508794840981366 1.00000 7 
 fake.rf 1440.00000000 50628.51205763608217225 1.00000 7 
 fake.rf 1440.00000000 50638.53344114940355070 1.00000 7 
 fake.rf 1440.00000000 50648.48337891388749554 1.00000 7 
 fake.rf 1440.00000000 50658.46978734685931300 1.00000 7 
 fake.rf 1440.00000000 50668.41039620361505058 1.00000 7 
 fake.rf 1440.00000000 50678.40373466679026393 1.00000 7 
 fake.rf 1440.00000000 50688.36349796421914604 1.00000 7 
 fake.rf 1440.00000000 50698.34753674714453098 1.00000 7 
 fake.rf 1440.00000000 50708.36125958526285373 1.00000 7 
 fake.rf 1440.00000000 50718.30075879784208581 1.00000 7 
 fake.rf 1440.00000000 50728.23227137415064547 1.00000 7 
 fake.rf 1440.00000000 50738.20505246069637195 1.00000 7 
 fake.rf 1440.00000000 50748.19523624936958228 1.00000 7 
 fake.rf 1440.00000000 50758.20432017972624550 1.00000 7 
 fake.rf 1440.00000000 50768.13916242925411382 1.00000 7 
 fake.rf 1440.00000000 50778.12007102916838619 1.00000 7 
 fake.rf 1440.00000000 50788.11659423304107364 1.00000 7 
 fake.rf 1440.00000000 50798.06147215006982876 1.00000 7 
 fake.rf 1440.00000000 50808.07765843961487207 1.00000 7 
 fake.rf 1440.00000000 50818.02750991309347484 1.00000 7 
 fake.rf 1440.00000000 50827.96354132699132933 1.00000 7 
 fake.rf 1440.00000000 50837.94047652279045479 1.00000 7 
 fake.rf 1440.00000000 50847.95474419036044367 1.00000 7 
 fake.rf 1440.00000000 50857.93588725217794533 1.00000 7 
 fake.rf 1440.00000000 50867.85321590761450850 1.00000 7 
 fake.rf 1440.00000000 50877.87116261799899419 1.00000 7 
 fake.rf 1440.00000000 50887.81583244455404014 1.00000 7 
 fake.rf 1440.00000000 50897.76604493467070967 1.00000 7 
 fake.rf 1440.00000000 50907.76939295335954583 1.00000 7 
 fake.rf 1440.00000000 50917.73636660115474584 1.00000 7 
 fake.rf 1440.00000000 50927.69228123744801451 1.00000 7 
 fake.rf 1440.00000000 50937.69990330921441668 1.00000 7 
 fake.rf 1440.00000000 50947.63223146109011452 1.00000 7 
 fake.rf 1440.00000000 50957.64872154554569050 1.00000 7 
 fake.rf 1440.00000000 50967.58672303003423210 1.00000 7 
 fake.rf 1440.00000000 50977.57029772561754655 1.00000 7 
 fake.rf 1440.00000000 50987.52409727401888873 1.00000 7 
 fake.rf 1440.00000000 50997.53249971621657366 1.00000 7 
 fake.rf 1440.00000000 51007.52741752391489527 1.00000 7 
 fake.rf 1440.00000000 51017.43891093656392499 1.00000 7 
 fake.rf 1440.00000000 51027.41411693184256748 1.00000 7 
 fake.rf 1440.00000000 51037.45118494035666501 1.00000 7 
 fake.rf 1440.00000000 51047.36276378472199866 1.00000 7 
 fake.rf 1440.00000000 51057.35545788590446392 1.00000 7 
 fake.rf 1440.00000000 51067.34558081482663638 1.00000 7 
 fake.rf 1440.00000000 51077.30263957461668056 1.00000 7 
 fake.rf 1440.00000000 51087.30354665643572787 1.00000 7 
 fake.rf 1440.00000000 51097.23416376823244178 1.00000 7 
 fake.rf 1440.00000000 51107.24673814834765295 1.00000 7 
 fake.rf 1440.00000000 51117.20780249802356110 1.00000 7 
 fake.rf 1440.00000000 51127.19890872797533632 1.00000 7 
 fake.rf 1440.00000000 51137.17481886421031234 1.00000 7 
 fake.rf 1440.00000000 51147.14012274179613371 1.00000 7 
 fake.rf 1440.00000000 51157.08946763377953459 1.00000 7 
 fake.rf 1440.00000000 51167.07382518226699375 1.00000 7 
 fake.rf 1440.00000000 51177.06709537086850048 1.00000 7 
 fake.rf 1440.00000000 51186.97835795692312999 1.00000 7 
 fake.rf 1440.00000000 51197.01802301275959550 1.00000 7 
 fake.rf 1440.00000000 51206.98881002194551471 1.00000 7 
 fake.rf 1440.00000000 51216.93072493352559249 1.00000 7 
 fake.rf 1440.00000000 51226.88133469602828285 1.00000 7 
 fake.rf 1440.00000000 51236.83534065711251060 1.00000 7 
 fake.rf 1440.00000000 51246.81218194827647849 1.00000 7 
 fake.rf 1440.00000000 51256.80575751959370834 1.00000 7 
 fake.rf 1440.00000000 51266.80355791452434744 1.00000 7 
 fake.rf 1440.00000000 51276.74570504715244468 1.00000 7 
 fake.rf 1440.00000000 51286.75015965437518517 1.00000 7 
 fake.rf 1440.00000000 51296.72906393959416960 1.00000 7 
 fake.rf 1440.00000000 51306.70691781278057064 1.00000 7 
 fake.rf 1440.00000000 51316.65026125722150852 1.00000 7 
 fake.rf 1440.00000000 51326.65129655607850268 1.00000 7 
 fake.rf 1440.00000000 51336.63166080629967070 1.00000 7 
 fake.rf 1440.00000000 51346.55604326001668980 1.00000 7 
 fake.rf 1440.00000000 51356.57929505386389124 1.00000 7 
 fake.rf 1440.00000000 51366.49632442533089005 1.00000 7 
 fake.rf 1440.00000000 51376.52146747586074937 1.00000 7 
 fake.rf 1440.00000000 51386.44574898709387512 1.00000 7 
 fake.rf 1440.00000000 51396.47432312398434817 1.00000 7 
 fake.rf 1440.00000000 51406.37405427701703076 1.00000 7 
 fake.rf 1440.00000000 51416.42154786817233258 1.00000 7 
 fake.rf 1440.00000000 51426.35515732479149165 1.00000 7 
 fake.rf 1440.00000000 51436.35663238911352124 1.00000 7 
 fake.rf 1440.00000000 51446.32400707510775106 1.00000 7 
 fake.rf 1440.00000000 51456.25022476763820478 1.00000 7 
 fake.rf 1440.00000000 51466.22834910222960758 1.00000 7 
 fake.rf 1440.00000000 51476.20738565492471395 1.00000 7 
 fake.rf 1440.00000000 51486.15417786769405240 1.00000 7 
 fake.rf 1440.00000000 51496.15420242406310791 1.00000 7 
 fake.rf 1440.00000000 51506.11687503494918161 1.00000 7 
 fake.rf 1440.00000000 51516.14509190224951851 1.00000 7 
 fake.rf 1440.00000000 51526.11433575191730583 1.00000 7 
 fake.rf 1440.00000000 51536.05492246397434286 1.00000 7 
 fake.rf 1440.00000000 51546.06444961530983662 1.00000 7 
 fake.rf 1440.00000000 51556.03783909731623325 1.00000 7 
 fake.rf 1440.00000000 51565.99930569274606995 1.00000 7 
 fake.rf 1440.00000000 51575.95060424440764990 1.00000 7 
 fake.rf 1440.00000000 51585.89344516768414550 1.00000 7 
 fake.rf 1440.00000000 51595.88667074453484318 1.00000 7 
 fake.rf 1440.00000000 51605.84417787066490035 1.00000 7 
 fake.rf 1440.00000000 51615.87551039537282094 1.00000 7 
 fake.rf 1440.00000000 51625.83938368234489502 1.00000 7 
 fake.rf 1440.00000000 51635.74189715507337439 1.00000 7 
 fake.rf 1440.00000000 51645.78089824162267618 1.00000 7 
 fake.rf 1440.00000000 51655.69645830523404939 1.00000 7 
 fake.rf 1440.00000000 51665.73286123954746429 1.00000 7 
 fake.rf 1440.00000000 51675.63286271007110528 1.00000 7 
 fake.rf 1440.00000000 51685.68420348951722687 1.00000 7 
 fake.rf 1440.00000000 51695.58885898079198640 1.00000 7 
 fake.rf 1440.00000000 51705.62807222118883033 1.00000 7 
 fake.rf 1440.00000000 51715.60644847282876313 1.00000 7 
 fake.rf 1440.00000000 51725.50256853665938550 1.00000 7 
 fake.rf 1440.00000000 51735.50269562945003088 1.00000 7 
 fake.rf 1440.00000000 51745.50985126405112879 1.00000 7 
 fake.rf 1440.00000000 51755.48398366896353195 1.00000 7 
 fake.rf 1440.00000000 51765.43763276483755220 1.00000 7 
 fake.rf 1440.00000000 51775.36688372461122754 1.00000 7 
 fake.rf 1440.00000000 51785.34735701514880901 1.00000 7 
 fake.rf 1440.00000000 51795.35843602739614511 1.00000 7 
 fake.rf 1440.00000000 51805.31501585578911317 1.00000 7 
 fake.rf 1440.00000000 51815.28546612931797455 1.00000 7 
 fake.rf 1440.00000000 51825.26873298943577950 1.00000 7 
 fake.rf 1440.00000000 51835.22186100377127005 1.00000 7 
 fake.rf 1440.00000000 51845.24353563861994942 1.00000 7 
 fake.rf 1440.00000000 51855.18030061037801204 1.00000 7 
 fake.rf 1440.00000000 51865.13412248480413780 1.00000 7 
 fake.rf 1440.00000000 51875.14456802392296453 1.00000 7 
 fake.rf 1440.00000000 51885.05993592453679142 1.00000 7 
 fake.rf 1440.00000000 51895.06723637332659393 1.00000 7 
 fake.rf 1440.00000000 51905.01487848427153438 1.00000 7 
 fake.rf 1440.00000000 51914.99839119427109679 1.00000 7 
 fake.rf 1440.00000000 51924.98099514406679944 1.00000 7 
 fake.rf 1440.00000000 51935.00314820905240865 1.00000 7 
 fake.rf 1440.00000000 51944.91647872696477961 1.00000 7 
 fake.rf 1440.00000000 51954.88205476923512549 1.00000 7 
 fake.rf 1440.00000000 51964.84707225739195380 1.00000 7 
 fake.rf 1440.00000000 51974.82411002995566918 1.00000 7 
 fake.rf 1440.00000000 51984.80032516449860580 1.00000 7 
 fake.rf 1440.00000000 51994.76065447095760419 1.00000 7 
 fake.rf 1440.00000000 52004.75298535316332860 1.00000 7 
 fake.rf 1440.00000000 52014.71238475694431713 1.00000 7 
 fake.rf 1440.00000000 52024.67839463431301894 1.00000 7 
 fake.rf 1440.00000000 52034.67748325964571166 1.00000 7 
 fake.rf 1440.00000000 52044.66431410538671543 1.00000 7 
 fake.rf 1440.00000000 52054.66478395002683754 1.00000 7 
 fake.rf 1440.00000000 52064.58197596785977979 1.00000 7 
 fake.rf 1440.00000000 52074.54976024080500352 1.00000 7 
 fake.rf 1440.00000000 52084.59011872657486464 1.00000 7 
 fake.rf 1440.00000000 52094.51508837189333789 1.00000 7 
 fake.rf 1440.00000000 52104.52125596706201804 1.00000 7 
 fake.rf 1440.00000000 52114.46216533442292018 1.00000 7 
 fake.rf 1440.00000000 52124.46822288443648574 1.00000 7 
 fake.rf 1440.00000000 52134.40162828920827565 1.00000 7 
 fake.rf 1440.00000000 52144.40630337979347786 1.00000 7 
 fake.rf 1440.00000000 52154.37800653991860855 1.00000 7 
 fake.rf 1440.00000000 52164.35881465487736364 1.00000 7 
 fake.rf 1440.00000000 52174.34461586690293089 1.00000 7 
 fake.rf 1440.00000000 52184.27073563232324105 1.00000 7 
 fake.rf 1440.00000000 52194.27754924845253015 1.00000 7 
 fake.rf 1440.00000000 52204.21462197786507531 1.00000 7 
 fake.rf 1440.00000000 52214.19902145059235465 1.00000 7 
 fake.rf 1440.00000000 52224.13331881412961977 1.00000 7 
 fake.rf 1440.00000000 52234.16363315002590539 1.00000 7 
 fake.rf 1440.00000000 52244.11415673870015297 1.00000 7 
 fake.rf 1440.00000000 52254.07242225383080481 1.00000 7 
 fake.rf 1440.00000000 52264.09561692416055934 1.00000 7 
 fake.rf 1440.00000000 52274.03846234322076825 1.00000 7 
 fake.rf 1440.00000000 52284.00106995903217211 1.00000 7 
 fake.rf 1440.00000000 52293.94445079142259658 1.00000 7 
 fake.rf 1440.00000000 52303.95826315932219330 1.00000 7 
 fake.rf 1440.00000000 52313.94050603567155733 1.00000 7 
 fake.rf 1440.00000000 52323.87059061269339466 1.00000 7 
 fake.rf 1440.00000000 52333.87771720260203878 1.00000 7 
 fake.rf 1440.00000000 52343.88635301860049154 1.00000 7 
 fake.rf 1440.00000000 52353.83057270238593972 1.00000 7 
 fake.rf 1440.00000000 52363.78214019531211676 1.00000 7 
 fake.rf 1440.00000000 52373.73527236134165008 1.00000 7 
 fake.rf 1440.00000000 52383.75791401015278126 1.00000 7 
 fake.rf 1440.00000000 52393.69381095513524471 1.00000 7 
 fake.rf 1440.00000000 52403.68255043155617301 1.00000 7 
 fake.rf 1440.00000000 52413.65533066038496557 1.00000 7 
 fake.rf 1440.00000000 52423.64277465470889439 1.00000 7 
 fake.rf 1440.00000000 52433.58154269571450357 1.00000 7 
 fake.rf 1440.00000000 52443.59836597912263301 1.00000 7 
 fake.rf 1440.00000000 52453.53445607759766034 1.00000 7 
 fake.rf 1440.00000000 52463.55556492780561939 1.00000 7 
 fake.rf 1440.00000000 52473.49716731019354299 1.00000 7 
 fake.rf 1440.00000000 52483.44636297634658462 1.00000 7 
 fake.rf 1440.00000000 52493.42089591048788222 1.00000 7 
 fake.rf 1440.00000000 52503.39661630646383372 1.00000 7 
 fake.rf 1440.00000000 52513.39352232726811209 1.00000 7 
 fake.rf 1440.00000000 52523.37975909435474620 1.00000 7 
 fake.rf 1440.00000000 52533.31708113900151602 1.00000 7 
 fake.rf 1440.00000000 52543.28827249417185286 1.00000 7 
 fake.rf 1440.00000000 52553.25233719430748991 1.00000 7 
 fake.rf 1440.00000000 52563.25856243087594422 1.00000 7 
 fake.rf 1440.00000000 52573.19691942765254566 1.00000 7 
 fake.rf 1440.00000000 52583.21446722907446514 1.00000 7 
 fake.rf 1440.00000000 52593.12727109699831374 1.00000 7 
 fake.rf 1440.00000000 52603.11964659897394014 1.00000 7 
 fake.rf 1440.00000000 52613.09497777632143922 1.00000 7 
 fake.rf 1440.00000000 52623.10066217900557817 1.00000 7 
 fake.rf 1440.00000000 52633.05042655346228742 1.00000 7 
 fake.rf 1440.00000000 52643.06018865184397271 1.00000 7 
 fake.rf 1440.00000000 52653.01847990849747561 1.00000 7 
 fake.rf 1440.00000000 52662.93976831078926182 1.00000 7 
 fake.rf 1440.00000000 52672.92840223726128812 1.00000 7 
 fake.rf 1440.00000000 52682.95046327864579894 1.00000 7 
 fake.rf 1440.00000000 52692.92169767964072946 1.00000 7 
 fake.rf 1440.00000000 52702.87353290280019991 1.00000 7 
 fake.rf 1440.00000000 52712.82830441500310670 1.00000 7 
 fake.rf 1440.00000000 52722.79962335154855069 1.00000 7 
 fake.rf 1440.00000000 52732.76620691011661535 1.00000 7 
 fake.rf 1440.00000000 52742.77038414979570291 1.00000 7 
 fake.rf 1440.00000000 52752.70249736492302617 1.00000 7 
 fake.rf 1440.00000000 52762.71580868074385151 1.00000 7 
 fake.rf 1440.00000000 52772.68506580296848796 1.00000 7 
 fake.rf 1440.00000000 52782.66941907432365966 1.00000 7 
 fake.rf 1440.00000000 52792.57589704297447852 1.00000 7 
 fake.rf 1440.00000000 52802.63032474897096691 1.00000 7 
 fake.rf 1440.00000000 52812.53436939198950739 1.00000 7 
 fake.rf 1440.00000000 52822.54839103363131869 1.00000 7 
 fake.rf 1440.00000000 52832.53302657237419737 1.00000 7 
 fake.rf 1440.00000000 52842.48503090448977915 1.00000 7 
 fake.rf 1440.00000000 52852.41421490360356117 1.00000 7 
 fake.rf 1440.00000000 52862.39021945193163532 1.00000 7 
 fake.rf 1440.00000000 52872.37575337342277138 1.00000 7 
 fake.rf 1440.00000000 52882.35393203741842427 1.00000 7 
 fake.rf 1440.00000000 52892.37478869539995685 1.00000 7 
 fake.rf 1440.00000000 52902.30043083518001623 1.00000 7 
 fake.rf 1440.00000000 52912.29828930395540354 1.00000 7 
 fake.rf 1440.00000000 52922.23844818142701030 1.00000 7 
 fake.rf 1440.00000000 52932.19707902956096035 1.00000 7 
 fake.rf 1440.00000000 52942.17200623339302723 1.00000 7 
 fake.rf 1440.00000000 52952.14923155272434130 1.00000 7 
 fake.rf 1440.00000000 52962.17679127407711093 1.00000 7 
 fake.rf 1440.00000000 52972.10031125610803926 1.00000 7 
 fake.rf 1440.00000000 52982.09347480721755019 1.00000 7 
 fake.rf 1440.00000000 52992.08706660465883687 1.00000 7 
 fake.rf 1440.00000000 53002.00912526958458670 1.00000 7 
 fake.rf 1440.00000000 53011.98142840397423825 1.00000 7 
 fake.rf 1440.00000000 53021.95709606331296371 1.00000 7 
 fake.rf 1440.00000000 53031.96111131932775251 1.00000 7 
 fake.rf 1440.00000000 53041.92730233165345766 1.00000 7 
 fake.rf 1440.00000000 53051.93445157721650318 1.00000 7 
 fake.rf 1440.00000000 53061.89788438465434339 1.00000 7 
 fake.rf 1440.00000000 53071.82135773305285298 1.00000 7 
 fake.rf 1440.00000000 53081.82506841750526405 1.00000 7 
 fake.rf 1440.00000000 53091.80015881040174719 1.00000 7 
 fake.rf 1440.00000000 53101.74074778182570711 1.00000 7 
 fake.rf 1440.00000000 53111.74285718942508794 1.00000 7 
 fake.rf 1440.00000000 53121.73262986319166856 1.00000 7 
 fake.rf 1440.00000000 53131.71454488786772430 1.00000 7 
 fake.rf 1440.00000000 53141.64526078848444257 1.00000 7 
 fake.rf 1440.00000000 53151.61434212184684966 1.00000 7 
 fake.rf 1440.00000000 53161.63607879281552471 1.00000 7 
 fake.rf 1440.00000000 53171.57010356452974165 1.00000 7 
 fake.rf 1440.00000000 53181.55202315191812446 1.00000 7 
 fake.rf 1440.00000000 53191.49590950918550192 1.00000 7 
 fake.rf 1440.00000000 53201.47809531831542174 1.00000 7 
 fake.rf 1440.00000000 53211.49629470202804171 1.00000 7 
 fake.rf 1440.00000000 53221.46534385700818603 1.00000 7 
 fake.rf 1440.00000000 53231.41499284819170157 1.00000 7 
 fake.rf 1440.00000000 53241.41912739366723883 1.00000 7 
 fake.rf 1440.00000000 53251.39040808710809216 1.00000 7 
 fake.rf 1440.00000000 53261.34458674570835512 1.00000 7 
 fake.rf 1440.00000000 53271.32025205677182811 1.00000 7 
 fake.rf 1440.00000000 53281.24235705364595717 1.00000 7 
 fake.rf 1440.00000000 53291.21700360876951308 1.00000 7 
 fake.rf 1440.00000000 53301.21356501383702664 1.00000 7 
 fake.rf 1440.00000000 53311.16836632486145220 1.00000 7 
 fake.rf 1440.00000000 53321.14262033747881731 1.00000 7 
 fake.rf 1440.00000000 53331.14215376477080710 1.00000 7 
 fake.rf 1440.00000000 53341.12827465796467763 1.00000 7 
 fake.rf 1440.00000000 53351.09602404070387038 1.00000 7 
 fake.rf 1440.00000000 53361.04667770198665266 1.00000 7 
 fake.rf 1440.00000000 53371.02353572703612983 1.00000 7 
 fake.rf 1440.00000000 53381.02539613576393762 1.00000 7 
 fake.rf 1440.00000000 53391.00706480416222632 1.00000 7 
 fake.rf 1440.00000000 53400.98631757986295554 1.00000 7 
 fake.rf 1440.00000000 53410.95607128312323653 1.00000 7 
 fake.rf 1440.00000000 53420.88382037353646581 1.00000 7 
 fake.rf 1440.00000000 53430.88015010974516628 1.00000 7 
 fake.rf 1440.00000000 53440.85912318230195339 1.00000 7 
 fake.rf 1440.00000000 53450.82822582243456111 1.00000 7 
 fake.rf 1440.00000000 53460.82094125290898035 1.00000 7 
 fake.rf 1440.00000000 53470.76562198947038596 1.00000 7 
 fake.rf 1440.00000000 53480.69605377534650259 1.00000 7 
 fake.rf 1440.00000000 53490.69799311692631605 1.00000 7 
 fake.rf 1440.00000000 53500.69719785198085305 1.00000 7 
 fake.rf 1440.00000000 53510.63711977484384974 1.00000 7 
 fake.rf 1440.00000000 53520.60122948457501835 1.00000 7 
 fake.rf 1440.00000000 53530.59678776087634944 1.00000 7 
 fake.rf 1440.00000000 53540.59699628645192249 1.00000 7 
 fake.rf 1440.00000000 53550.50921161142713345 1.00000 7 
 fake.rf 1440.00000000 53560.50335485617413056 1.00000 7 
 fake.rf 1440.00000000 53570.48504642655932528 1.00000 7 
 fake.rf 1440.00000000 53580.48356467299061023 1.00000 7 
 fake.rf 1440.00000000 53590.42711724594062517 1.00000 7 
 fake.rf 1440.00000000 53600.41075971615495988 1.00000 7 
 fake.rf 1440.00000000 53610.34981037491571954 1.00000 7 
 fake.rf 1440.00000000 53620.35880195375205659 1.00000 7 
 fake.rf 1440.00000000 53630.34400272549070365 1.00000 7 
 fake.rf 1440.00000000 53640.30989117866661786 1.00000 7 
 fake.rf 1440.00000000 53650.24897465860304990 1.00000 7 
 fake.rf 1440.00000000 53660.22922912498749781 1.00000 7 
