FORMAT 1
MODE 1
 fake.rf 1440.00000000 50000.24471766141462226 1.00000 7 
 fake.rf 1440.00000000 50010.25456371553807244 1.00000 7 
 fake.rf 1440.00000000 50020.19486638581786053 1.00000 7 
 fake.rf 1440.00000000 50030.16628365724227834 1.00000 7 
 fake.rf 1440.00000000 50040.12954534894719671 1.00000 7 
 fake.rf 1440.00000000 50050.16174902082940079 1.00000 7 
 fake.rf 1440.00000000 50060.12297205983196591 1.00000 7 
 fake.rf 1440.00000000 50070.05958382895911285 1.00000 7 
 fake.rf 1440.00000000 50080.07315072887406160 1.00000 7 
 fake.rf 1440.00000000 50090.02283014510370052 1.00000 7 
 fake.rf 1440.00000000 50100.00190686194224909 1.00000 7 
 fake.rf 1440.00000000 50109.96197972707072665 1.00000 7 
 fake.rf 1440.00000000 50119.95668261401176125 1.00000 7 
 fake.rf 1440.00000000 50129.91699355001260940 1.00000 7 
 fake.rf 1440.00000000 50139.85312017754279879 1.00000 7 
 fake.rf 1440.00000000 50149.82881872333922502 1.00000 7 
 fake.rf 1440.00000000 50159.82488798221414683 1.00000 7 
 fake.rf 1440.00000000 50169.79078487884030579 1.00000 7 
 fake.rf 1440.00000000 50179.81145508667905730 1.00000 7 
 fake.rf 1440.00000000 50189.74537023006348946 1.00000 7 
 fake.rf 1440.00000000 50199.76728828062312360 1.00000 7 
 fake.rf 1440.00000000 50209.72110172926534233 1.00000 7 
 fake.rf 1440.00000000 50219.70260202895473611 1.00000 7 
 fake.rf 1440.00000000 50229.61971891492256503 1.00000 7 
 fake.rf 1440.00000000 50239.64637270272028502 1.00000 7 
 fake.rf 1440.00000000 50249.59871294128450359 1.00000 7 
 fake.rf 1440.00000000 50259.59400476878932196 1.00000 7 
 fake.rf 1440.00000000 50269.56844889885577743 1.00000 7 
 fake.rf 1440.00000000 50279.46696826939000857 1.00000 7 
 fake.rf 1440.00000000 50289.50471955759254428 1.00000 7 
 fake.rf 1440.00000000 50299.45285892705726027 1.00000 7 
 fake.rf 1440.00000000 50309.39837294128756540 1.00000 7 
 fake.rf 1440.00000000 50319.38994130922863590 1.00000 7 
 fake.rf 1440.00000000 50329.38902102642866154 1.00000 7 
 fake.rf 1440.00000000 50339.33325660814246305 1.00000 7 
 fake.rf 1440.00000000 50349.31539103873059915 1.00000 7 
 fake.rf 1440.00000000 50359.29064539927350808 1.00000 7 
 fake.rf 1440.00000000 50369.22340838098713078 1.00000 7 
 fake.rf 1440.00000000 50379.25279225180398157 1.00000 7 
 fake.rf 1440.00000000 50389.18558450511534375 1.00000 7 
 fake.rf 1440.00000000 50399.17866454341022830 1.00000 7 
 fake.rf 1440.00000000 50409.13109615221709348 1.00000 7 
 fake.rf 1440.00000000 50419.13459891930763490 1.00000 7 
 fake.rf 1440.00000000 50429.06635287587249294 1.00000 7 
 fake.rf 1440.00000000 50439.08973306964632499 1.00000 7 
 fake.rf 1440.00000000 50449.05666675747557903 1.00000 7 
 fake.rf 1440.00000000 50458.99142359554043225 1.00000 7 
 fake.rf 1440.00000000 50468.95484410200679193 1.00000 7 
 fake.rf 1440.00000000 50478.99831237512839621 1.00000 7 
 fake.rf 1440.00000000 50488.89771040902881083 1.00000 7 
 fake.rf 1440.00000000 50498.90568369767250800 1.00000 7 
 fake.rf 1440.00000000 50508.91504098433573589 1.00000 7 
 fake.rf 1440.00000000 50518.87889015939855852 1.00000 7 
 fake.rf 1440.00000000 50528.81233475586394732 1.00000 7 
 fake.rf 1440.00000000 50538.76611326770451171 1.00000 7 
 fake.rf 1440.00000000 50548.78392057365452317 1.00000 7 
 fake.rf 1440.00000000 50558.78034301859483790 1.00000 7 
 fake.rf 1440.00000000 50568.75671770525094573 1.00000 7 
 fake.rf 1440.00000000 50578.69294015765207106 1.00000 7 
 fake.rf 1440.00000000 50588.69851967403416282 1.00000 7 
 fake.rf 1440.00000000 50598.65661664669127617 1.00000 7 
 fake.rf 1440.00000000 50608.56828280396673492 1.00000 7 
 fake.rf 1440.00000000 50618.54668064741337474 1.00000 7 
 fake.rf 1440.00000000 50628.52365032486769181 1.00000 7 
 fake.rf 1440.00000000 50638.54503383088557555 1.00000 7 
 fake.rf 1440.00000000 50648.49497160951397845 1.00000 7 
 fake.rf 1440.00000000 50658.48138005802411854 1.00000 7 
 fake.rf 1440.00000000 50668.42198890767221897 1.00000 7 
 fake.rf 1440.00000000 50678.41532736759640088 1.00000 7 
 fake.rf 1440.00000000 50688.37509068934437195 1.00000 7 
 fake.rf 1440.00000000 50698.35912942173361984 1.00000 7 
 fake.rf 1440.00000000 50708.37285226486752521 1.00000 7 
 fake.rf 1440.00000000 50718.31235150997297723 1.00000 7 
 fake.rf 1440.00000000 50728.24386406131065286 1.00000 7 
 fake.rf 1440.00000000 50738.21664516444061377 1.00000 7 
 fake.rf 1440.00000000 50748.20682893818299419 1.00000 7 
 fake.rf 1440.00000000 50758.21591286828720513 1.00000 7 
 fake.rf 1440.00000000 50768.15075513785517103 1.00000 7 
 fake.rf 1440.00000000 50778.13166375321797830 1.00000 7 
 fake.rf 1440.00000000 50788.12818692094802842 1.00000 7 
 fake.rf 1440.00000000 50798.07306484193473395 1.00000 7 
 fake.rf 1440.00000000 50808.08925112323904472 1.00000 7 
 fake.rf 1440.00000000 50818.03910262709031898 1.00000 7 
 fake.rf 1440.00000000 50827.97513406656673851 1.00000 7 
 fake.rf 1440.00000000 50837.95206920205851731 1.00000 7 
 fake.rf 1440.00000000 50847.96633686552442555 1.00000 7 
 fake.rf 1440.00000000 50857.94747997880415369 1.00000 7 
 fake.rf 1440.00000000 50867.86480862087766042 1.00000 7 
 fake.rf 1440.00000000 50877.88275529539523490 1.00000 7 
 fake.rf 1440.00000000 50887.82742515120185089 1.00000 7 
 fake.rf 1440.00000000 50897.77763763746360226 1.00000 7 
 fake.rf 1440.00000000 50907.78098561878466555 1.00000 7 
 fake.rf 1440.00000000 50917.74795931649310887 1.00000 7 
 fake.rf 1440.00000000 50927.70387393272301679 1.00000 7 
 fake.rf 1440.00000000 50937.71149599911083072 1.00000 7 
 fake.rf 1440.00000000 50947.64382414755185735 1.00000 7 
 fake.rf 1440.00000000 50957.66031427637032536 1.00000 7 
 fake.rf 1440.00000000 50967.59831576148308940 1.00000 7 
 fake.rf 1440.00000000 50977.58189041875277425 1.00000 7 
 fake.rf 1440.00000000 50987.53568996932145296 1.00000 7 
 fake.rf 1440.00000000 50997.54409241827556798 1.00000 7 
 fake.rf 1440.00000000 51007.53901025086578969 1.00000 7 
 fake.rf 1440.00000000 51017.45050361836577224 1.00000 7 
 fake.rf 1440.00000000 51027.42570962879239360 1.00000 7 
 fake.rf 1440.00000000 51037.46277763643621128 1.00000 7 
 fake.rf 1440.00000000 51047.37435645407165197 1.00000 7 
 fake.rf 1440.00000000 51057.36705057711739286 1.00000 7 
 fake.rf 1440.00000000 51067.35717352928470447 1.00000 7 
 fake.rf 1440.00000000 51077.31423227230694550 1.00000 7 
 fake.rf 1440.00000000 51087.31513935673507731 1.00000 7 
 fake.rf 1440.00000000 51097.24575647306231829 1.00000 7 
 fake.rf 1440.00000000 51107.25833081641894040 1.00000 7 
 fake.rf 1440.00000000 51117.21939516218934685 1.00000 7 
 fake.rf 1440.00000000 51127.21050142022178520 1.00000 7 
 fake.rf 1440.00000000 51137.18641156315126750 1.00000 7 
 fake.rf 1440.00000000 51147.15171545165228650 1.00000 7 
 fake.rf 1440.00000000 51157.10106033820559546 1.00000 7 
 fake.rf 1440.00000000 51167.08541790137354255 1.00000 7 
 fake.rf 1440.00000000 51177.07868806680007623 1.00000 7 
 fake.rf 1440.00000000 51186.98995067805097747 1.00000 7 
 fake.rf 1440.00000000 51197.02961573870485168 1.00000 7 
 fake.rf 1440.00000000 51207.00040271159767968 1.00000 7 
 fake.rf 1440.00000000 51216.94231764378661609 1.00000 7 
 fake.rf 1440.00000000 51226.89292736284869889 1.00000 7 
 fake.rf 1440.00000000 51236.84693334926353359 1.00000 7 
 fake.rf 1440.00000000 51246.82377464276754253 1.00000 7 
 fake.rf 1440.00000000 51256.81735024243928223 1.00000 7 
 fake.rf 1440.00000000 51266.81515060536816009 1.00000 7 
 fake.rf 1440.00000000 51276.75729775276250422 1.00000 7 
 fake.rf 1440.00000000 51286.76175234356013632 1.00000 7 
 fake.rf 1440.00000000 51296.74065661721165554 1.00000 7 
 fake.rf 1440.00000000 51306.71851050149452789 1.00000 7 
 fake.rf 1440.00000000 51316.66185395710346384 1.00000 7 
 fake.rf 1440.00000000 51326.66288925814716393 1.00000 7 
 fake.rf 1440.00000000 51336.64325349787271335 1.00000 7 
 fake.rf 1440.00000000 51346.56763593254596856 1.00000 7 
 fake.rf 1440.00000000 51356.59088772843848503 1.00000 7 
 fake.rf 1440.00000000 51366.50791710407232316 1.00000 7 
 fake.rf 1440.00000000 51376.53306015336088564 1.00000 7 
 fake.rf 1440.00000000 51386.45734170700831456 1.00000 7 
 fake.rf 1440.00000000 51396.48591584096477902 1.00000 7 
 fake.rf 1440.00000000 51406.38564698436184486 1.00000 7 
 fake.rf 1440.00000000 51416.43314055725329581 1.00000 7 
 fake.rf 1440.00000000 51426.36675005900981361 1.00000 7 
 fake.rf 1440.00000000 51436.36822510126770425 1.00000 7 
 fake.rf 1440.00000000 51446.33559978710605165 1.00000 7 
 fake.rf 1440.00000000 51456.26181747691232360 1.00000 7 
 fake.rf 1440.00000000 51466.23994179779748492 1.00000 7 
 fake.rf 1440.00000000 51476.21897837154502753 1.00000 7 
 fake.rf 1440.00000000 51486.16577055195280010 1.00000 7 
 fake.rf 1440.00000000 51496.16579510242696571 1.00000 7 
 fake.rf 1440.00000000 51506.12846773237375686 1.00000 7 
 fake.rf 1440.00000000 51516.15668460999593847 1.00000 7 
 fake.rf 1440.00000000 51526.12592844039824413 1.00000 7 
 fake.rf 1440.00000000 51536.06651513797822872 1.00000 7 
 fake.rf 1440.00000000 51546.07604231624204871 1.00000 7 
 fake.rf 1440.00000000 51556.04943177896712925 1.00000 7 
 fake.rf 1440.00000000 51566.01089838743068938 1.00000 7 
 fake.rf 1440.00000000 51575.96219694606978834 1.00000 7 
 fake.rf 1440.00000000 51585.90503788116901163 1.00000 7 
 fake.rf 1440.00000000 51595.89826343607961689 1.00000 7 
 fake.rf 1440.00000000 51605.85577058637188586 1.00000 7 
 fake.rf 1440.00000000 51615.88710308449194031 1.00000 7 
 fake.rf 1440.00000000 51625.85097637906472556 1.00000 7 
 fake.rf 1440.00000000 51635.75348984652211826 1.00000 7 
 fake.rf 1440.00000000 51645.79249095328281527 1.00000 7 
 fake.rf 1440.00000000 51655.70805104043660805 1.00000 7 
 fake.rf 1440.00000000 51665.74445395450167240 1.00000 7 
 fake.rf 1440.00000000 51675.64445540769921905 1.00000 7 
 fake.rf 1440.00000000 51685.69579619698257744 1.00000 7 
 fake.rf 1440.00000000 51695.60045165162913250 1.00000 7 
 fake.rf 1440.00000000 51705.63966492371988792 1.00000 7 
 fake.rf 1440.00000000 51715.61804121363562103 1.00000 7 
 fake.rf 1440.00000000 51725.51416122105922568 1.00000 7 
 fake.rf 1440.00000000 51735.51428832054078555 1.00000 7 
 fake.rf 1440.00000000 51745.52144395239604791 1.00000 7 
 fake.rf 1440.00000000 51755.49557637243881203 1.00000 7 
 fake.rf 1440.00000000 51765.44922545642691247 1.00000 7 
 fake.rf 1440.00000000 51775.37847643634917105 1.00000 7 
 fake.rf 1440.00000000 51785.35894971043692081 1.00000 7 
 fake.rf 1440.00000000 51795.37002868869735650 1.00000 7 
 fake.rf 1440.00000000 51805.32660855863550964 1.00000 7 
 fake.rf 1440.00000000 51815.29705881621466190 1.00000 7 
 fake.rf 1440.00000000 51825.28032566849796581 1.00000 7 
 fake.rf 1440.00000000 51835.23345372774272732 1.00000 7 
 fake.rf 1440.00000000 51845.25512830308526091 1.00000 7 
 fake.rf 1440.00000000 51855.19189330929394188 1.00000 7 
 fake.rf 1440.00000000 51865.14571519091118290 1.00000 7 
 fake.rf 1440.00000000 51875.15616074450271356 1.00000 7 
 fake.rf 1440.00000000 51885.07152860806711203 1.00000 7 
 fake.rf 1440.00000000 51895.07882907642078507 1.00000 7 
 fake.rf 1440.00000000 51905.02647117421024348 1.00000 7 
 fake.rf 1440.00000000 51915.00998386899492942 1.00000 7 
 fake.rf 1440.00000000 51924.99258785525388404 1.00000 7 
 fake.rf 1440.00000000 51935.01474092101037527 1.00000 7 
 fake.rf 1440.00000000 51944.92807141557864625 1.00000 7 
 fake.rf 1440.00000000 51954.89364743515766421 1.00000 7 
 fake.rf 1440.00000000 51964.85866495366891726 1.00000 7 
 fake.rf 1440.00000000 51974.83570272824637115 1.00000 7 
 fake.rf 1440.00000000 51984.81191784594711436 1.00000 7 
 fake.rf 1440.00000000 51994.77224714858586196 1.00000 7 
 fake.rf 1440.00000000 52004.76457806150287766 1.00000 7 
 fake.rf 1440.00000000 52014.72397746804042384 1.00000 7 
 fake.rf 1440.00000000 52024.68998735695299374 1.00000 7 
 fake.rf 1440.00000000 52034.68907599043510359 1.00000 7 
 fake.rf 1440.00000000 52044.67590679214842098 1.00000 7 
 fake.rf 1440.00000000 52054.67637667631891318 1.00000 7 
 fake.rf 1440.00000000 52064.59356868760597337 1.00000 7 
 fake.rf 1440.00000000 52074.56135295270863139 1.00000 7 
 fake.rf 1440.00000000 52084.60171144733243764 1.00000 7 
 fake.rf 1440.00000000 52094.52668108976257244 1.00000 7 
 fake.rf 1440.00000000 52104.53284866536566966 1.00000 7 
 fake.rf 1440.00000000 52114.47375799712197164 1.00000 7 
 fake.rf 1440.00000000 52124.47981556106967105 1.00000 7 
 fake.rf 1440.00000000 52134.41322101347196138 1.00000 7 
 fake.rf 1440.00000000 52144.41789605493830351 1.00000 7 
 fake.rf 1440.00000000 52154.38959922532534463 1.00000 7 
 fake.rf 1440.00000000 52164.37040735574859696 1.00000 7 
 fake.rf 1440.00000000 52174.35620857259462468 1.00000 7 
 fake.rf 1440.00000000 52184.28232831419992621 1.00000 7 
 fake.rf 1440.00000000 52194.28914194198447873 1.00000 7 
 fake.rf 1440.00000000 52204.22621467626763803 1.00000 7 
 fake.rf 1440.00000000 52214.21061414933803135 1.00000 7 
 fake.rf 1440.00000000 52224.14491150359190641 1.00000 7 
 fake.rf 1440.00000000 52234.17522583780575118 1.00000 7 
 fake.rf 1440.00000000 52244.12574941341522106 1.00000 7 
 fake.rf 1440.00000000 52254.08401496859115554 1.00000 7 
 fake.rf 1440.00000000 52264.10720963890249635 1.00000 7 
 fake.rf 1440.00000000 52274.05005505882119010 1.00000 7 
 fake.rf 1440.00000000 52284.01266266748702805 1.00000 7 
 fake.rf 1440.00000000 52293.95604349854688664 1.00000 7 
 fake.rf 1440.00000000 52303.96985585458073231 1.00000 7 
 fake.rf 1440.00000000 52313.95209873677343992 1.00000 7 
 fake.rf 1440.00000000 52323.88218329366805648 1.00000 7 
 fake.rf 1440.00000000 52333.88930989845094288 1.00000 7 
 fake.rf 1440.00000000 52343.89794569933691903 1.00000 7 
 fake.rf 1440.00000000 52353.84216540431938114 1.00000 7 
 fake.rf 1440.00000000 52363.79373289448874118 1.00000 7 
 fake.rf 1440.00000000 52373.74686503780311497 1.00000 7 
 fake.rf 1440.00000000 52383.76950667005123208 1.00000 7 
 fake.rf 1440.00000000 52393.70540366943935240 1.00000 7 
 fake.rf 1440.00000000 52403.69414311977644161 1.00000 7 
 fake.rf 1440.00000000 52413.66692334294940636 1.00000 7 
 fake.rf 1440.00000000 52423.65436737836856196 1.00000 7 
 fake.rf 1440.00000000 52433.59313541254313051 1.00000 7 
 fake.rf 1440.00000000 52443.60995869640872513 1.00000 7 
 fake.rf 1440.00000000 52453.54604874397175962 1.00000 7 
 fake.rf 1440.00000000 52463.56715763264956820 1.00000 7 
 fake.rf 1440.00000000 52473.50876002090895867 1.00000 7 
 fake.rf 1440.00000000 52483.45795566571980473 1.00000 7 
 fake.rf 1440.00000000 52493.43248863154750694 1.00000 7 
 fake.rf 1440.00000000 52503.40820900229286039 1.00000 7 
 fake.rf 1440.00000000 52513.40511501598479782 1.00000 7 
 fake.rf 1440.00000000 52523.39135177715289160 1.00000 7 
 fake.rf 1440.00000000 52533.32867383820007490 1.00000 7 
 fake.rf 1440.00000000 52543.29986519297015235 1.00000 7 
 fake.rf 1440.00000000 52553.26392986964178533 1.00000 7 
 fake.rf 1440.00000000 52563.27015514926521078 1.00000 7 
 fake.rf 1440.00000000 52573.20851212678705267 1.00000 7 
 fake.rf 1440.00000000 52583.22605992691792665 1.00000 7 
 fake.rf 1440.00000000 52593.13886378866845206 1.00000 7 
 fake.rf 1440.00000000 52603.13123926852340162 1.00000 7 
 fake.rf 1440.00000000 52613.10657045982433999 1.00000 7 
 fake.rf 1440.00000000 52623.11225485741002927 1.00000 7 
 fake.rf 1440.00000000 52633.06201924836220485 1.00000 7 
 fake.rf 1440.00000000 52643.07178135401346708 1.00000 7 
 fake.rf 1440.00000000 52653.03007260377464505 1.00000 7 
 fake.rf 1440.00000000 52662.95136101012694141 1.00000 7 
 fake.rf 1440.00000000 52672.93999493616096430 1.00000 7 
 fake.rf 1440.00000000 52682.96205598808086634 1.00000 7 
 fake.rf 1440.00000000 52692.93329037708592111 1.00000 7 
 fake.rf 1440.00000000 52702.88512559388331269 1.00000 7 
 fake.rf 1440.00000000 52712.83989711575764758 1.00000 7 
 fake.rf 1440.00000000 52722.81121604186501628 1.00000 7 
 fake.rf 1440.00000000 52732.77779962333988095 1.00000 7 
 fake.rf 1440.00000000 52742.78197687338732536 1.00000 7 
 fake.rf 1440.00000000 52752.71409008717188982 1.00000 7 
 fake.rf 1440.00000000 52762.72740137959886653 1.00000 7 
 fake.rf 1440.00000000 52772.69665851278812241 1.00000 7 
 fake.rf 1440.00000000 52782.68101176044800837 1.00000 7 
 fake.rf 1440.00000000 52792.58748973197517174 1.00000 7 
 fake.rf 1440.00000000 52802.64191745890319396 1.00000 7 
 fake.rf 1440.00000000 52812.54596205769119521 1.00000 7 
 fake.rf 1440.00000000 52822.55998372552067366 1.00000 7 
 fake.rf 1440.00000000 52832.54461923167488635 1.00000 7 
 fake.rf 1440.00000000 52842.49662358281378971 1.00000 7 
 fake.rf 1440.00000000 52852.42580760151309249 1.00000 7 
 fake.rf 1440.00000000 52862.40181211819000495 1.00000 7 
 fake.rf 1440.00000000 52872.38734605081616991 1.00000 7 
 fake.rf 1440.00000000 52882.36552469651859099 1.00000 7 
 fake.rf 1440.00000000 52892.38638142293726219 1.00000 7 
 fake.rf 1440.00000000 52902.31202353247448755 1.00000 7 
 fake.rf 1440.00000000 52912.30988201807998550 1.00000 7 
 fake.rf 1440.00000000 52922.25004087653426765 1.00000 7 
 fake.rf 1440.00000000 52932.20867173359891211 1.00000 7 
 fake.rf 1440.00000000 52942.18359893930394477 1.00000 7 
 fake.rf 1440.00000000 52952.16082422884660019 1.00000 7 
 fake.rf 1440.00000000 52962.18838398008234591 1.00000 7 
 fake.rf 1440.00000000 52972.11190392270713545 1.00000 7 
 fake.rf 1440.00000000 52982.10506750422120348 1.00000 7 
 fake.rf 1440.00000000 52992.09865928617926301 1.00000 7 
 fake.rf 1440.00000000 53002.02071797699352729 1.00000 7 
 fake.rf 1440.00000000 53011.99302107057000910 1.00000 7 
 fake.rf 1440.00000000 53021.96868875672401700 1.00000 7 
 fake.rf 1440.00000000 53031.97270399690868459 1.00000 7 
 fake.rf 1440.00000000 53041.93889501974713951 1.00000 7 
 fake.rf 1440.00000000 53051.94604426924099982 1.00000 7 
 fake.rf 1440.00000000 53061.90947705792386202 1.00000 7 
 fake.rf 1440.00000000 53071.83295043896833931 1.00000 7 
 fake.rf 1440.00000000 53081.83666112546153570 1.00000 7 
 fake.rf 1440.00000000 53091.81175151487385477 1.00000 7 
 fake.rf 1440.00000000 53101.75234047143989713 1.00000 7 
 fake.rf 1440.00000000 53111.75444990016019275 1.00000 7 
 fake.rf 1440.00000000 53121.74422258936954577 1.00000 7 
 fake.rf 1440.00000000 53131.72613758992001465 1.00000 7 
 fake.rf 1440.00000000 53141.65685345664824979 1.00000 7 
 fake.rf 1440.00000000 53151.62593483829956398 1.00000 7 
 fake.rf 1440.00000000 53161.64767148017138965 1.00000 7 
 fake.rf 1440.00000000 53171.58169627808756985 1.00000 7 
 fake.rf 1440.00000000 53181.56361584438753809 1.00000 7 
 fake.rf 1440.00000000 53191.50750218627672794 1.00000 7 
 fake.rf 1440.00000000 53201.48968798748918019 1.00000 7 
 fake.rf 1440.00000000 53211.50788739517535220 1.00000 7 
 fake.rf 1440.00000000 53221.47693656973937593 1.00000 7 
 fake.rf 1440.00000000 53231.42658555149834498 1.00000 7 
 fake.rf 1440.00000000 53241.43072013134057840 1.00000 7 
 fake.rf 1440.00000000 53251.40200081034413415 1.00000 7 
 fake.rf 1440.00000000 53261.35617945896181880 1.00000 7 
 fake.rf 1440.00000000 53271.33184475966784532 1.00000 7 
 fake.rf 1440.00000000 53281.25394973735662418 1.00000 7 
 fake.rf 1440.00000000 53291.22859627124278248 1.00000 7 
 fake.rf 1440.00000000 53301.22515772556425162 1.00000 7 
 fake.rf 1440.00000000 53311.17995903960766668 1.00000 7 
 fake.rf 1440.00000000 53321.15421304779388123 1.00000 7 
 fake.rf 1440.00000000 53331.15374646820908922 1.00000 7 
 fake.rf 1440.00000000 53341.13986735965513120 1.00000 7 
 fake.rf 1440.00000000 53351.10761674392946574 1.00000 7 
 fake.rf 1440.00000000 53361.05827042291246443 1.00000 7 
 fake.rf 1440.00000000 53371.03512844257862824 1.00000 7 
 fake.rf 1440.00000000 53381.03698881420304545 1.00000 7 
 fake.rf 1440.00000000 53391.01865752766921958 1.00000 7 
 fake.rf 1440.00000000 53400.99791027719880887 1.00000 7 
 fake.rf 1440.00000000 53410.96766400533331876 1.00000 7 
 fake.rf 1440.00000000 53420.89541308258046826 1.00000 7 
 fake.rf 1440.00000000 53430.89174284203455656 1.00000 7 
 fake.rf 1440.00000000 53440.87071588199237837 1.00000 7 
 fake.rf 1440.00000000 53450.83981852180638583 1.00000 7 
 fake.rf 1440.00000000 53460.83253398394092315 1.00000 7 
 fake.rf 1440.00000000 53470.77721471816048648 1.00000 7 
 fake.rf 1440.00000000 53480.70764644172653490 1.00000 7 
 fake.rf 1440.00000000 53490.70958584185064311 1.00000 7 
 fake.rf 1440.00000000 53500.70879054364691640 1.00000 7 
 fake.rf 1440.00000000 53510.64871244748155732 1.00000 7 
 fake.rf 1440.00000000 53520.61282221613586074 1.00000 7 
 fake.rf 1440.00000000 53530.60838044450310846 1.00000 7 
 fake.rf 1440.00000000 53540.60858898665280137 1.00000 7 
 fake.rf 1440.00000000 53550.52080430983354731 1.00000 7 
 fake.rf 1440.00000000 53560.51494758614020952 1.00000 7 
 fake.rf 1440.00000000 53570.49663909730060141 1.00000 7 
 fake.rf 1440.00000000 53580.49515738769261830 1.00000 7 
 fake.rf 1440.00000000 53590.43870995807179014 1.00000 7 
 fake.rf 1440.00000000 53600.42235237783549096 1.00000 7 
 fake.rf 1440.00000000 53610.36140309495757350 1.00000 7 
 fake.rf 1440.00000000 53620.37039465747967526 1.00000 7 
 fake.rf 1440.00000000 53630.35559543733420185 1.00000 7 
 fake.rf 1440.00000000 53640.32148388974887254 1.00000 7 
 fake.rf 1440.00000000 53650.26056733838072788 1.00000 7 
 fake.rf 1440.00000000 53660.24082183160621540 1.00000 7 
