FORMAT 1
MODE 1
 fake.rf 1440.00000000 50000.24125304250258495 1.00000 7 
 fake.rf 1440.00000000 50010.25109913394965488 1.00000 7 
 fake.rf 1440.00000000 50020.19140175771427081 1.00000 7 
 fake.rf 1440.00000000 50030.16281899639475839 1.00000 7 
 fake.rf 1440.00000000 50040.12608071442476998 1.00000 7 
 fake.rf 1440.00000000 50050.15828442056538705 1.00000 7 
 fake.rf 1440.00000000 50060.11950743736012015 1.00000 7 
 fake.rf 1440.00000000 50070.05611921132398479 1.00000 7 
 fake.rf 1440.00000000 50080.06968610413005294 1.00000 7 
 fake.rf 1440.00000000 50090.01936551177929857 1.00000 7 
 fake.rf 1440.00000000 50099.99844228984938965 1.00000 7 
 fake.rf 1440.00000000 50109.95851512882317280 1.00000 7 
 fake.rf 1440.00000000 50119.95321797675780928 1.00000 7 
 fake.rf 1440.00000000 50129.91352895907015252 1.00000 7 
 fake.rf 1440.00000000 50139.84965553267816318 1.00000 7 
 fake.rf 1440.00000000 50149.82535407534689043 1.00000 7 
 fake.rf 1440.00000000 50159.82142339155632982 1.00000 7 
 fake.rf 1440.00000000 50169.78732028780517638 1.00000 7 
 fake.rf 1440.00000000 50179.80799047387247924 1.00000 7 
 fake.rf 1440.00000000 50189.74190562172933028 1.00000 7 
 fake.rf 1440.00000000 50199.76382366225410081 1.00000 7 
 fake.rf 1440.00000000 50209.71763710598315100 1.00000 7 
 fake.rf 1440.00000000 50219.69913740177480577 1.00000 7 
 fake.rf 1440.00000000 50229.61625431905398287 1.00000 7 
 fake.rf 1440.00000000 50239.64290808994638127 1.00000 7 
 fake.rf 1440.00000000 50249.59524832472279243 1.00000 7 
 fake.rf 1440.00000000 50259.59054014131671906 1.00000 7 
 fake.rf 1440.00000000 50269.56498428965864633 1.00000 7 
 fake.rf 1440.00000000 50279.46350365119170789 1.00000 7 
 fake.rf 1440.00000000 50289.50125496784294299 1.00000 7 
 fake.rf 1440.00000000 50299.44939434381262444 1.00000 7 
 fake.rf 1440.00000000 50309.39490835758878262 1.00000 7 
 fake.rf 1440.00000000 50319.38647669319632527 1.00000 7 
 fake.rf 1440.00000000 50329.38555639939821162 1.00000 7 
 fake.rf 1440.00000000 50339.32979200979825407 1.00000 7 
 fake.rf 1440.00000000 50349.31192643775149875 1.00000 7 
 fake.rf 1440.00000000 50359.28718075192270831 1.00000 7 
 fake.rf 1440.00000000 50369.21994375869909177 1.00000 7 
 fake.rf 1440.00000000 50379.24932763777796652 1.00000 7 
 fake.rf 1440.00000000 50389.18211989846884791 1.00000 7 
 fake.rf 1440.00000000 50399.17519994853964604 1.00000 7 
 fake.rf 1440.00000000 50409.12763151175046517 1.00000 7 
 fake.rf 1440.00000000 50419.13113427718500503 1.00000 7 
 fake.rf 1440.00000000 50429.06288821726274918 1.00000 7 
 fake.rf 1440.00000000 50439.08626845541870409 1.00000 7 
 fake.rf 1440.00000000 50449.05320219171773033 1.00000 7 
 fake.rf 1440.00000000 50458.98795900662746305 1.00000 7 
 fake.rf 1440.00000000 50468.95137945597292983 1.00000 7 
 fake.rf 1440.00000000 50478.99484773633003698 1.00000 7 
 fake.rf 1440.00000000 50488.89424577239511649 1.00000 7 
 fake.rf 1440.00000000 50498.90221910639895597 1.00000 7 
 fake.rf 1440.00000000 50508.91157638703574406 1.00000 7 
 fake.rf 1440.00000000 50518.87542554531031413 1.00000 7 
 fake.rf 1440.00000000 50528.80887009428589352 1.00000 7 
 fake.rf 1440.00000000 50538.76264861917151805 1.00000 7 
 fake.rf 1440.00000000 50548.78045593682640302 1.00000 7 
 fake.rf 1440.00000000 50558.77687839377631818 1.00000 7 
 fake.rf 1440.00000000 50568.75325311170045950 1.00000 7 
 fake.rf 1440.00000000 50578.68947552619467345 1.00000 7 
 fake.rf 1440.00000000 50588.69505504399076656 1.00000 7 
 fake.rf 1440.00000000 50598.65315203651354281 1.00000 7 
 fake.rf 1440.00000000 50608.56481819619461859 1.00000 7 
 fake.rf 1440.00000000 50618.54321599851209612 1.00000 7 
 fake.rf 1440.00000000 50628.52018570577330436 1.00000 7 
 fake.rf 1440.00000000 50638.54156921467006569 1.00000 7 
 fake.rf 1440.00000000 50648.49150700021359484 1.00000 7 
 fake.rf 1440.00000000 50658.47791541811082539 1.00000 7 
 fake.rf 1440.00000000 50668.41852428272215647 1.00000 7 
 fake.rf 1440.00000000 50678.41186273084421643 1.00000 7 
 fake.rf 1440.00000000 50688.37162604612252181 1.00000 7 
 fake.rf 1440.00000000 50698.35566482200680127 1.00000 7 
 fake.rf 1440.00000000 50708.36938764842221872 1.00000 7 
 fake.rf 1440.00000000 50718.30888689764508470 1.00000 7 
 fake.rf 1440.00000000 50728.24039942284735361 1.00000 7 
 fake.rf 1440.00000000 50738.21318055560202609 1.00000 7 
 fake.rf 1440.00000000 50748.20336434222948441 1.00000 7 
 fake.rf 1440.00000000 50758.21244823721711370 1.00000 7 
 fake.rf 1440.00000000 50768.14729047892888047 1.00000 7 
 fake.rf 1440.00000000 50778.12819915247856883 1.00000 7 
 fake.rf 1440.00000000 50788.12472229704435733 1.00000 7 
 fake.rf 1440.00000000 50798.06960024903863271 1.00000 7 
 fake.rf 1440.00000000 50808.08578649740396571 1.00000 7 
 fake.rf 1440.00000000 50818.03563798626814219 1.00000 7 
 fake.rf 1440.00000000 50827.97166942020766811 1.00000 7 
 fake.rf 1440.00000000 50837.94860458515537616 1.00000 7 
 fake.rf 1440.00000000 50847.96287226780215462 1.00000 7 
 fake.rf 1440.00000000 50857.94401535891748622 1.00000 7 
 fake.rf 1440.00000000 50867.86134398829461034 1.00000 7 
 fake.rf 1440.00000000 50877.87929065315379873 1.00000 7 
 fake.rf 1440.00000000 50887.82396053124396573 1.00000 7 
 fake.rf 1440.00000000 50897.77417303403721505 1.00000 7 
 fake.rf 1440.00000000 50907.77752101351202896 1.00000 7 
 fake.rf 1440.00000000 50917.74449469776702770 1.00000 7 
 fake.rf 1440.00000000 50927.70040933441292097 1.00000 7 
 fake.rf 1440.00000000 50937.70803139930577075 1.00000 7 
 fake.rf 1440.00000000 50947.64035954447305699 1.00000 7 
 fake.rf 1440.00000000 50957.65684966727832617 1.00000 7 
 fake.rf 1440.00000000 50967.59485112617594638 1.00000 7 
 fake.rf 1440.00000000 50977.57842583385075841 1.00000 7 
 fake.rf 1440.00000000 50987.53222533415629769 1.00000 7 
 fake.rf 1440.00000000 50997.54062781741160748 1.00000 7 
 fake.rf 1440.00000000 51007.53554562664011840 1.00000 7 
 fake.rf 1440.00000000 51017.44703901600976437 1.00000 7 
 fake.rf 1440.00000000 51027.42224498231125551 1.00000 7 
 fake.rf 1440.00000000 51037.45931301032642224 1.00000 7 
 fake.rf 1440.00000000 51047.37089183907722045 1.00000 7 
 fake.rf 1440.00000000 51057.36358596322432390 1.00000 7 
 fake.rf 1440.00000000 51067.35370894096804406 1.00000 7 
 fake.rf 1440.00000000 51077.31076766577499271 1.00000 7 
 fake.rf 1440.00000000 51087.31167471910269384 1.00000 7 
 fake.rf 1440.00000000 51097.24229184661854219 1.00000 7 
 fake.rf 1440.00000000 51107.25486622400728365 1.00000 7 
 fake.rf 1440.00000000 51117.21593056242149800 1.00000 7 
 fake.rf 1440.00000000 51127.20703684110258536 1.00000 7 
 fake.rf 1440.00000000 51137.18294692905525523 1.00000 7 
 fake.rf 1440.00000000 51147.14825081351149549 1.00000 7 
 fake.rf 1440.00000000 51157.09759570508547100 1.00000 7 
 fake.rf 1440.00000000 51167.08195324787217828 1.00000 7 
 fake.rf 1440.00000000 51177.07522344878540821 1.00000 7 
 fake.rf 1440.00000000 51186.98648602353004478 1.00000 7 
 fake.rf 1440.00000000 51197.02615109075649258 1.00000 7 
 fake.rf 1440.00000000 51206.99693806060479773 1.00000 7 
 fake.rf 1440.00000000 51216.93885302455874964 1.00000 7 
 fake.rf 1440.00000000 51226.88946279450962251 1.00000 7 
 fake.rf 1440.00000000 51236.84346872967076791 1.00000 7 
 fake.rf 1440.00000000 51246.82031005050337313 1.00000 7 
 fake.rf 1440.00000000 51256.81388559767448498 1.00000 7 
 fake.rf 1440.00000000 51266.81168600369442956 1.00000 7 
 fake.rf 1440.00000000 51276.75383313330750568 1.00000 7 
 fake.rf 1440.00000000 51286.75828772264258149 1.00000 7 
 fake.rf 1440.00000000 51296.73719198532328178 1.00000 7 
 fake.rf 1440.00000000 51306.71504592334076023 1.00000 7 
 fake.rf 1440.00000000 51316.65838931311582982 1.00000 7 
 fake.rf 1440.00000000 51326.65942464663734057 1.00000 7 
 fake.rf 1440.00000000 51336.63978889679389539 1.00000 7 
 fake.rf 1440.00000000 51346.56417133844695044 1.00000 7 
 fake.rf 1440.00000000 51356.58742310793170560 1.00000 7 
 fake.rf 1440.00000000 51366.50445249550324434 1.00000 7 
 fake.rf 1440.00000000 51376.52959551847193964 1.00000 7 
 fake.rf 1440.00000000 51386.45387711441676615 1.00000 7 
 fake.rf 1440.00000000 51396.48245118899328432 1.00000 7 
 fake.rf 1440.00000000 51406.38218234819474617 1.00000 7 
 fake.rf 1440.00000000 51416.42967594373453011 1.00000 7 
 fake.rf 1440.00000000 51426.36328544831550147 1.00000 7 
 fake.rf 1440.00000000 51436.36476048394330363 1.00000 7 
 fake.rf 1440.00000000 51446.33213517878896681 1.00000 7 
 fake.rf 1440.00000000 51456.25835288529421518 1.00000 7 
 fake.rf 1440.00000000 51466.23647718212838598 1.00000 7 
 fake.rf 1440.00000000 51476.21551373871553281 1.00000 7 
 fake.rf 1440.00000000 51486.16230597003467295 1.00000 7 
 fake.rf 1440.00000000 51496.16233050123203796 1.00000 7 
 fake.rf 1440.00000000 51506.12500314797657097 1.00000 7 
 fake.rf 1440.00000000 51516.15322002032046100 1.00000 7 
 fake.rf 1440.00000000 51526.12246383214738188 1.00000 7 
 fake.rf 1440.00000000 51536.06305053262358840 1.00000 7 
 fake.rf 1440.00000000 51546.07257769846654583 1.00000 7 
 fake.rf 1440.00000000 51556.04596715068284851 1.00000 7 
 fake.rf 1440.00000000 51566.00743378160050057 1.00000 7 
 fake.rf 1440.00000000 51575.95873231860467811 1.00000 7 
 fake.rf 1440.00000000 51585.90157327913934182 1.00000 7 
 fake.rf 1440.00000000 51595.89479882021716506 1.00000 7 
 fake.rf 1440.00000000 51605.85230598775367028 1.00000 7 
 fake.rf 1440.00000000 51615.88363844835813410 1.00000 7 
 fake.rf 1440.00000000 51625.84751174934879714 1.00000 7 
 fake.rf 1440.00000000 51635.75002526367427080 1.00000 7 
 fake.rf 1440.00000000 51645.78902631280080726 1.00000 7 
 fake.rf 1440.00000000 51655.70458642763269808 1.00000 7 
 fake.rf 1440.00000000 51665.74098935546456346 1.00000 7 
 fake.rf 1440.00000000 51675.64099081335352182 1.00000 7 
 fake.rf 1440.00000000 51685.69233157778904797 1.00000 7 
 fake.rf 1440.00000000 51695.59698707186543842 1.00000 7 
 fake.rf 1440.00000000 51705.63620028057308176 1.00000 7 
 fake.rf 1440.00000000 51715.61457654472422263 1.00000 7 
 fake.rf 1440.00000000 51725.51069663880056382 1.00000 7 
 fake.rf 1440.00000000 51735.51082366143763025 1.00000 7 
 fake.rf 1440.00000000 51745.51797932535034974 1.00000 7 
 fake.rf 1440.00000000 51755.49211176177040628 1.00000 7 
 fake.rf 1440.00000000 51765.44576085475609872 1.00000 7 
 fake.rf 1440.00000000 51775.37501183868240417 1.00000 7 
 fake.rf 1440.00000000 51785.35548509516960181 1.00000 7 
 fake.rf 1440.00000000 51795.36656410005297602 1.00000 7 
 fake.rf 1440.00000000 51805.32314396995470673 1.00000 7 
 fake.rf 1440.00000000 51815.29359421418525500 1.00000 7 
 fake.rf 1440.00000000 51825.27686102602101315 1.00000 7 
 fake.rf 1440.00000000 51835.22998905871005348 1.00000 7 
 fake.rf 1440.00000000 51845.25166367706141557 1.00000 7 
 fake.rf 1440.00000000 51855.18842869652308991 1.00000 7 
 fake.rf 1440.00000000 51865.14225056998985508 1.00000 7 
 fake.rf 1440.00000000 51875.15269611607925881 1.00000 7 
 fake.rf 1440.00000000 51885.06806400758919295 1.00000 7 
 fake.rf 1440.00000000 51895.07536443047866115 1.00000 7 
 fake.rf 1440.00000000 51905.02300655764813797 1.00000 7 
 fake.rf 1440.00000000 51915.00651928620588649 1.00000 7 
 fake.rf 1440.00000000 51924.98912319668656323 1.00000 7 
 fake.rf 1440.00000000 51935.01127627937302833 1.00000 7 
 fake.rf 1440.00000000 51944.92460681477633599 1.00000 7 
 fake.rf 1440.00000000 51954.89018279984290771 1.00000 7 
 fake.rf 1440.00000000 51964.85520034741556117 1.00000 7 
 fake.rf 1440.00000000 51974.83223808530965115 1.00000 7 
 fake.rf 1440.00000000 51984.80845324205828817 1.00000 7 
 fake.rf 1440.00000000 51994.76878250128168091 1.00000 7 
 fake.rf 1440.00000000 52004.76111346395768820 1.00000 7 
 fake.rf 1440.00000000 52014.72051284477505462 1.00000 7 
 fake.rf 1440.00000000 52024.68652273907483874 1.00000 7 
 fake.rf 1440.00000000 52034.68561136737532991 1.00000 7 
 fake.rf 1440.00000000 52044.67244216804374801 1.00000 7 
 fake.rf 1440.00000000 52054.67291205906256835 1.00000 7 
 fake.rf 1440.00000000 52064.59010405511018860 1.00000 7 
 fake.rf 1440.00000000 52074.55788829746818536 1.00000 7 
 fake.rf 1440.00000000 52084.59824683096208275 1.00000 7 
 fake.rf 1440.00000000 52094.52321645410330220 1.00000 7 
 fake.rf 1440.00000000 52104.52938402437968790 1.00000 7 
 fake.rf 1440.00000000 52114.47029340925185537 1.00000 7 
 fake.rf 1440.00000000 52124.47635094097713448 1.00000 7 
 fake.rf 1440.00000000 52134.40975640069818553 1.00000 7 
 fake.rf 1440.00000000 52144.41443145471537690 1.00000 7 
 fake.rf 1440.00000000 52154.38613460321448656 1.00000 7 
 fake.rf 1440.00000000 52164.36694274042416453 1.00000 7 
 fake.rf 1440.00000000 52174.35274395422516847 1.00000 7 
 fake.rf 1440.00000000 52184.27886367721777106 1.00000 7 
 fake.rf 1440.00000000 52194.28567734656840571 1.00000 7 
 fake.rf 1440.00000000 52204.22275004738161996 1.00000 7 
 fake.rf 1440.00000000 52214.20714952124785313 1.00000 7 
 fake.rf 1440.00000000 52224.14144690294618556 1.00000 7 
 fake.rf 1440.00000000 52234.17176119945361989 1.00000 7 
 fake.rf 1440.00000000 52244.12228478145554433 1.00000 7 
 fake.rf 1440.00000000 52254.08055035501849872 1.00000 7 
 fake.rf 1440.00000000 52264.10374497723057630 1.00000 7 
 fake.rf 1440.00000000 52274.04659040839554507 1.00000 7 
 fake.rf 1440.00000000 52284.00919802922789259 1.00000 7 
 fake.rf 1440.00000000 52293.95257887286590304 1.00000 7 
 fake.rf 1440.00000000 52303.96639127217277832 1.00000 7 
 fake.rf 1440.00000000 52313.94863410085525501 1.00000 7 
 fake.rf 1440.00000000 52323.87871865296800777 1.00000 7 
 fake.rf 1440.00000000 52333.88584526731068181 1.00000 7 
 fake.rf 1440.00000000 52343.89448108303550455 1.00000 7 
 fake.rf 1440.00000000 52353.83870078362665623 1.00000 7 
 fake.rf 1440.00000000 52363.79026828179797448 1.00000 7 
 fake.rf 1440.00000000 52373.74340043792227206 1.00000 7 
 fake.rf 1440.00000000 52383.76604209162092829 1.00000 7 
 fake.rf 1440.00000000 52393.70193902175837763 1.00000 7 
 fake.rf 1440.00000000 52403.69067851444057737 1.00000 7 
 fake.rf 1440.00000000 52413.66345873777776276 1.00000 7 
 fake.rf 1440.00000000 52423.65090275459477809 1.00000 7 
 fake.rf 1440.00000000 52433.58967075069753250 1.00000 7 
 fake.rf 1440.00000000 52443.60649405622720209 1.00000 7 
 fake.rf 1440.00000000 52453.54258415913400526 1.00000 7 
 fake.rf 1440.00000000 52463.56369300824087176 1.00000 7 
 fake.rf 1440.00000000 52473.50529538386119555 1.00000 7 
 fake.rf 1440.00000000 52483.45449105944548762 1.00000 7 
 fake.rf 1440.00000000 52493.42902403453065219 1.00000 7 
 fake.rf 1440.00000000 52503.40474435138296982 1.00000 7 
 fake.rf 1440.00000000 52513.40165038727418434 1.00000 7 
 fake.rf 1440.00000000 52523.38788717793831751 1.00000 7 
 fake.rf 1440.00000000 52533.32520921331621011 1.00000 7 
 fake.rf 1440.00000000 52543.29640055785761632 1.00000 7 
 fake.rf 1440.00000000 52553.26046527457414470 1.00000 7 
 fake.rf 1440.00000000 52563.26669048361252123 1.00000 7 
 fake.rf 1440.00000000 52573.20504751725296089 1.00000 7 
 fake.rf 1440.00000000 52583.22259533335520842 1.00000 7 
 fake.rf 1440.00000000 52593.13539917817193370 1.00000 7 
 fake.rf 1440.00000000 52603.12777469584646894 1.00000 7 
 fake.rf 1440.00000000 52613.10310582868437379 1.00000 7 
 fake.rf 1440.00000000 52623.10879024394716907 1.00000 7 
 fake.rf 1440.00000000 52633.05855466476817028 1.00000 7 
 fake.rf 1440.00000000 52643.06831675973558760 1.00000 7 
 fake.rf 1440.00000000 52653.02660799275068726 1.00000 7 
 fake.rf 1440.00000000 52662.94789641222986631 1.00000 7 
 fake.rf 1440.00000000 52672.93653030670874671 1.00000 7 
 fake.rf 1440.00000000 52682.95859134160111381 1.00000 7 
 fake.rf 1440.00000000 52692.92982571746017939 1.00000 7 
 fake.rf 1440.00000000 52702.88166096769137070 1.00000 7 
 fake.rf 1440.00000000 52712.83643250705251049 1.00000 7 
 fake.rf 1440.00000000 52722.80775142066682903 1.00000 7 
 fake.rf 1440.00000000 52732.77433501289881690 1.00000 7 
 fake.rf 1440.00000000 52742.77851224213381087 1.00000 7 
 fake.rf 1440.00000000 52752.71062544502734326 1.00000 7 
 fake.rf 1440.00000000 52762.72393677971431813 1.00000 7 
 fake.rf 1440.00000000 52772.69319388997731224 1.00000 7 
 fake.rf 1440.00000000 52782.67754713382995391 1.00000 7 
 fake.rf 1440.00000000 52792.58402514296151864 1.00000 7 
 fake.rf 1440.00000000 52802.63845284113824974 1.00000 7 
 fake.rf 1440.00000000 52812.54249747361073730 1.00000 7 
 fake.rf 1440.00000000 52822.55651914700149163 1.00000 7 
 fake.rf 1440.00000000 52832.54115465608859736 1.00000 7 
 fake.rf 1440.00000000 52842.49315898150322113 1.00000 7 
 fake.rf 1440.00000000 52852.42234294130182448 1.00000 7 
 fake.rf 1440.00000000 52862.39834749342260167 1.00000 7 
 fake.rf 1440.00000000 52872.38388141231131101 1.00000 7 
 fake.rf 1440.00000000 52882.36206009228708069 1.00000 7 
 fake.rf 1440.00000000 52892.38291680943836326 1.00000 7 
 fake.rf 1440.00000000 52902.30855890861988655 1.00000 7 
 fake.rf 1440.00000000 52912.30641736956491172 1.00000 7 
 fake.rf 1440.00000000 52922.24657624083761576 1.00000 7 
 fake.rf 1440.00000000 52932.20520709194915554 1.00000 7 
 fake.rf 1440.00000000 52942.18013433165008408 1.00000 7 
 fake.rf 1440.00000000 52952.15735961352482519 1.00000 7 
 fake.rf 1440.00000000 52962.18491936273403553 1.00000 7 
 fake.rf 1440.00000000 52972.10843930235797927 1.00000 7 
 fake.rf 1440.00000000 52982.10160290054465193 1.00000 7 
 fake.rf 1440.00000000 52992.09519470806963781 1.00000 7 
 fake.rf 1440.00000000 53002.01725331628139060 1.00000 7 
 fake.rf 1440.00000000 53011.98955649495092857 1.00000 7 
 fake.rf 1440.00000000 53021.96522413722403044 1.00000 7 
 fake.rf 1440.00000000 53031.96923940731691616 1.00000 7 
 fake.rf 1440.00000000 53041.93543042181375924 1.00000 7 
 fake.rf 1440.00000000 53051.94257966482076228 1.00000 7 
 fake.rf 1440.00000000 53061.90601246163403104 1.00000 7 
 fake.rf 1440.00000000 53071.82948581595982063 1.00000 7 
 fake.rf 1440.00000000 53081.83319645708579770 1.00000 7 
 fake.rf 1440.00000000 53091.80828684497092951 1.00000 7 
 fake.rf 1440.00000000 53101.74887584757442127 1.00000 7 
 fake.rf 1440.00000000 53111.75098529474220044 1.00000 7 
 fake.rf 1440.00000000 53121.74075792871760981 1.00000 7 
 fake.rf 1440.00000000 53131.72267295302025047 1.00000 7 
 fake.rf 1440.00000000 53141.65338887966855452 1.00000 7 
 fake.rf 1440.00000000 53151.62247017136798277 1.00000 7 
 fake.rf 1440.00000000 53161.64420684071571088 1.00000 7 
 fake.rf 1440.00000000 53171.57823165909822194 1.00000 7 
 fake.rf 1440.00000000 53181.56015122463641731 1.00000 7 
 fake.rf 1440.00000000 53191.50403757894517298 1.00000 7 
 fake.rf 1440.00000000 53201.48622340819289178 1.00000 7 
 fake.rf 1440.00000000 53211.50442274287651756 1.00000 7 
 fake.rf 1440.00000000 53221.47347190664281058 1.00000 7 
 fake.rf 1440.00000000 53231.42312095491471169 1.00000 7 
 fake.rf 1440.00000000 53241.42725546215322652 1.00000 7 
 fake.rf 1440.00000000 53251.39853621259534577 1.00000 7 
 fake.rf 1440.00000000 53261.35271484359717675 1.00000 7 
 fake.rf 1440.00000000 53271.32838013823148771 1.00000 7 
 fake.rf 1440.00000000 53281.25048513363606872 1.00000 7 
 fake.rf 1440.00000000 53291.22513168156966046 1.00000 7 
 fake.rf 1440.00000000 53301.22169310209754656 1.00000 7 
 fake.rf 1440.00000000 53311.17649441858748816 1.00000 7 
 fake.rf 1440.00000000 53321.15074839796059791 1.00000 7 
 fake.rf 1440.00000000 53331.15028186821524869 1.00000 7 
 fake.rf 1440.00000000 53341.13640277020444458 1.00000 7 
 fake.rf 1440.00000000 53351.10415215264762878 1.00000 7 
 fake.rf 1440.00000000 53361.05480581929715100 1.00000 7 
 fake.rf 1440.00000000 53371.03166379377139350 1.00000 7 
 fake.rf 1440.00000000 53381.03352423723240250 1.00000 7 
 fake.rf 1440.00000000 53391.01519291325043071 1.00000 7 
 fake.rf 1440.00000000 53400.99444562421730964 1.00000 7 
 fake.rf 1440.00000000 53410.96419937635660702 1.00000 7 
 fake.rf 1440.00000000 53420.89194843260300516 1.00000 7 
 fake.rf 1440.00000000 53430.88827818361008681 1.00000 7 
 fake.rf 1440.00000000 53440.86725129111990995 1.00000 7 
 fake.rf 1440.00000000 53450.83635389802695315 1.00000 7 
 fake.rf 1440.00000000 53460.82906934776095653 1.00000 7 
 fake.rf 1440.00000000 53470.77375010024832847 1.00000 7 
 fake.rf 1440.00000000 53480.70418182958022157 1.00000 7 
 fake.rf 1440.00000000 53490.70612117771809579 1.00000 7 
 fake.rf 1440.00000000 53500.70532597004811137 1.00000 7 
 fake.rf 1440.00000000 53510.64524786714799376 1.00000 7 
 fake.rf 1440.00000000 53520.60935757804266188 1.00000 7 
 fake.rf 1440.00000000 53530.60491581674864037 1.00000 7 
 fake.rf 1440.00000000 53540.60512440849776539 1.00000 7 
 fake.rf 1440.00000000 53550.51733970376871241 1.00000 7 
 fake.rf 1440.00000000 53560.51148296683703265 1.00000 7 
 fake.rf 1440.00000000 53570.49317448023495203 1.00000 7 
 fake.rf 1440.00000000 53580.49169278098798586 1.00000 7 
 fake.rf 1440.00000000 53590.43524536778477341 1.00000 7 
 fake.rf 1440.00000000 53600.41888780724040942 1.00000 7 
 fake.rf 1440.00000000 53610.35793848338733270 1.00000 7 
 fake.rf 1440.00000000 53620.36693005574446502 1.00000 7 
 fake.rf 1440.00000000 53630.35213083158147640 1.00000 7 
 fake.rf 1440.00000000 53640.31801924451264441 1.00000 7 
 fake.rf 1440.00000000 53650.25710271617599290 1.00000 7 
 fake.rf 1440.00000000 53660.23735724260696855 1.00000 7 
