FORMAT 1
MODE 1
 fake.rf 1440.00000000 50000.24936535233135615 1.00000 7 
 fake.rf 1440.00000000 50010.25921142145178067 1.00000 7 
 fake.rf 1440.00000000 50020.19951407985777436 1.00000 7 
 fake.rf 1440.00000000 50030.17093132740313877 1.00000 7 
 fake.rf 1440.00000000 50040.13419304478466998 1.00000 7 
 fake.rf 1440.00000000 50050.16639669176533900 1.00000 7 
 fake.rf 1440.00000000 50060.12761974444894619 1.00000 7 
 fake.rf 1440.00000000 50070.06423152824220324 1.00000 7 
 fake.rf 1440.00000000 50080.07779842257987823 1.00000 7 
 fake.rf 1440.00000000 50090.02747782499417539 1.00000 7 
 fake.rf 1440.00000000 50100.00655456281462818 1.00000 7 
 fake.rf 1440.00000000 50109.96662742543093927 1.00000 7 
 fake.rf 1440.00000000 50119.96133030758422677 1.00000 7 
 fake.rf 1440.00000000 50129.92164124616486021 1.00000 7 
 fake.rf 1440.00000000 50139.85776783156590852 1.00000 7 
 fake.rf 1440.00000000 50149.83346640818414741 1.00000 7 
 fake.rf 1440.00000000 50159.82953568040025516 1.00000 7 
 fake.rf 1440.00000000 50169.79543258861492916 1.00000 7 
 fake.rf 1440.00000000 50179.81610277152632804 1.00000 7 
 fake.rf 1440.00000000 50189.75001792624268759 1.00000 7 
 fake.rf 1440.00000000 50199.77193597149886273 1.00000 7 
 fake.rf 1440.00000000 50209.72574944976062028 1.00000 7 
 fake.rf 1440.00000000 50219.70724970599651726 1.00000 7 
 fake.rf 1440.00000000 50229.62436662005866594 1.00000 7 
 fake.rf 1440.00000000 50239.65102040374489434 1.00000 7 
 fake.rf 1440.00000000 50249.60336064146656909 1.00000 7 
 fake.rf 1440.00000000 50259.59865246587117937 1.00000 7 
 fake.rf 1440.00000000 50269.57309659182834949 1.00000 7 
 fake.rf 1440.00000000 50279.47161595184495653 1.00000 7 
 fake.rf 1440.00000000 50289.50936727157744599 1.00000 7 
 fake.rf 1440.00000000 50299.45750664805679619 1.00000 7 
 fake.rf 1440.00000000 50309.40302063352243422 1.00000 7 
 fake.rf 1440.00000000 50319.39458898996072023 1.00000 7 
 fake.rf 1440.00000000 50329.39366869100887314 1.00000 7 
 fake.rf 1440.00000000 50339.33790431925299913 1.00000 7 
 fake.rf 1440.00000000 50349.32003874493607753 1.00000 7 
 fake.rf 1440.00000000 50359.29529307833725937 1.00000 7 
 fake.rf 1440.00000000 50369.22805609061107290 1.00000 7 
 fake.rf 1440.00000000 50379.25743992882281219 1.00000 7 
 fake.rf 1440.00000000 50389.19023220974081312 1.00000 7 
 fake.rf 1440.00000000 50399.18331223105184691 1.00000 7 
 fake.rf 1440.00000000 50409.13574386406570227 1.00000 7 
 fake.rf 1440.00000000 50419.13924659885854496 1.00000 7 
 fake.rf 1440.00000000 50429.07100054038453862 1.00000 7 
 fake.rf 1440.00000000 50439.09438076812606511 1.00000 7 
 fake.rf 1440.00000000 50449.06131448698513253 1.00000 7 
 fake.rf 1440.00000000 50458.99607126817734937 1.00000 7 
 fake.rf 1440.00000000 50468.95949177157902454 1.00000 7 
 fake.rf 1440.00000000 50479.00296008069760489 1.00000 7 
 fake.rf 1440.00000000 50488.90235809814521417 1.00000 7 
 fake.rf 1440.00000000 50498.91033141201333123 1.00000 7 
 fake.rf 1440.00000000 50508.91968870133136704 1.00000 7 
 fake.rf 1440.00000000 50518.88353786461998496 1.00000 7 
 fake.rf 1440.00000000 50528.81698244636702455 1.00000 7 
 fake.rf 1440.00000000 50538.77076093512330957 1.00000 7 
 fake.rf 1440.00000000 50548.78856824765545142 1.00000 7 
 fake.rf 1440.00000000 50558.78499071238741536 1.00000 7 
 fake.rf 1440.00000000 50568.76136542713978272 1.00000 7 
 fake.rf 1440.00000000 50578.69758783973903959 1.00000 7 
 fake.rf 1440.00000000 50588.70316735356484372 1.00000 7 
 fake.rf 1440.00000000 50598.66126431586066303 1.00000 7 
 fake.rf 1440.00000000 50608.57293050919362187 1.00000 7 
 fake.rf 1440.00000000 50618.55132832638806661 1.00000 7 
 fake.rf 1440.00000000 50628.52829803835561151 1.00000 7 
 fake.rf 1440.00000000 50638.54968152231737122 1.00000 7 
 fake.rf 1440.00000000 50648.49961932089379602 1.00000 7 
 fake.rf 1440.00000000 50658.48602776063025388 1.00000 7 
 fake.rf 1440.00000000 50668.42663661195902236 1.00000 7 
 fake.rf 1440.00000000 50678.41997505823363568 1.00000 7 
 fake.rf 1440.00000000 50688.37973835463832373 1.00000 7 
 fake.rf 1440.00000000 50698.36377714561908903 1.00000 7 
 fake.rf 1440.00000000 50708.37749998686938468 1.00000 7 
 fake.rf 1440.00000000 50718.31699920260761516 1.00000 7 
 fake.rf 1440.00000000 50728.24851176416355614 1.00000 7 
 fake.rf 1440.00000000 50738.22129285896638962 1.00000 7 
 fake.rf 1440.00000000 50748.21147665033695873 1.00000 7 
 fake.rf 1440.00000000 50758.22056053955575194 1.00000 7 
 fake.rf 1440.00000000 50768.15540281699411906 1.00000 7 
 fake.rf 1440.00000000 50778.13631143901158183 1.00000 7 
 fake.rf 1440.00000000 50788.13283460356244703 1.00000 7 
 fake.rf 1440.00000000 50798.07771253280103707 1.00000 7 
 fake.rf 1440.00000000 50808.09389881256986143 1.00000 7 
 fake.rf 1440.00000000 50818.04375029315968959 1.00000 7 
 fake.rf 1440.00000000 50827.97978174371276694 1.00000 7 
 fake.rf 1440.00000000 50837.95671692396556907 1.00000 7 
 fake.rf 1440.00000000 50847.97098459875437726 1.00000 7 
 fake.rf 1440.00000000 50857.95212766126776316 1.00000 7 
 fake.rf 1440.00000000 50867.86945632121599914 1.00000 7 
 fake.rf 1440.00000000 50877.88740299948851487 1.00000 7 
 fake.rf 1440.00000000 50887.83207282449928144 1.00000 7 
 fake.rf 1440.00000000 50897.78228533216572060 1.00000 7 
 fake.rf 1440.00000000 50907.78563334430236154 1.00000 7 
 fake.rf 1440.00000000 50917.75260700366213129 1.00000 7 
 fake.rf 1440.00000000 50927.70852164040169185 1.00000 7 
 fake.rf 1440.00000000 50937.71614367084110953 1.00000 7 
 fake.rf 1440.00000000 50947.64847184339148356 1.00000 7 
 fake.rf 1440.00000000 50957.66496192839873558 1.00000 7 
 fake.rf 1440.00000000 50967.60296343454326262 1.00000 7 
 fake.rf 1440.00000000 50977.58653813999838178 1.00000 7 
 fake.rf 1440.00000000 50987.54033766930740867 1.00000 7 
 fake.rf 1440.00000000 50997.54874012260924587 1.00000 7 
 fake.rf 1440.00000000 51007.54365791902359817 1.00000 7 
 fake.rf 1440.00000000 51017.45515131654592622 1.00000 7 
 fake.rf 1440.00000000 51027.43035730948187023 1.00000 7 
 fake.rf 1440.00000000 51037.46742534577449746 1.00000 7 
 fake.rf 1440.00000000 51047.37900414210436395 1.00000 7 
 fake.rf 1440.00000000 51057.37169829741004889 1.00000 7 
 fake.rf 1440.00000000 51067.36182121766848141 1.00000 7 
 fake.rf 1440.00000000 51077.31887998426412878 1.00000 7 
 fake.rf 1440.00000000 51087.31978705063407986 1.00000 7 
 fake.rf 1440.00000000 51097.25040415645579372 1.00000 7 
 fake.rf 1440.00000000 51107.26297852017843226 1.00000 7 
 fake.rf 1440.00000000 51117.22404289152954249 1.00000 7 
 fake.rf 1440.00000000 51127.21514912984960688 1.00000 7 
 fake.rf 1440.00000000 51137.19105923109813716 1.00000 7 
 fake.rf 1440.00000000 51147.15636313356598563 1.00000 7 
 fake.rf 1440.00000000 51157.10570803075951574 1.00000 7 
 fake.rf 1440.00000000 51167.09006556293620704 1.00000 7 
 fake.rf 1440.00000000 51177.08333574310432112 1.00000 7 
 fake.rf 1440.00000000 51186.99459835813339126 1.00000 7 
 fake.rf 1440.00000000 51197.03426340224599755 1.00000 7 
 fake.rf 1440.00000000 51207.00505039773120686 1.00000 7 
 fake.rf 1440.00000000 51216.94696534990552905 1.00000 7 
 fake.rf 1440.00000000 51226.89757506529679176 1.00000 7 
 fake.rf 1440.00000000 51236.85158105040105170 1.00000 7 
 fake.rf 1440.00000000 51246.82842235572204714 1.00000 7 
 fake.rf 1440.00000000 51256.82199791481833273 1.00000 7 
 fake.rf 1440.00000000 51266.81979830222876160 1.00000 7 
 fake.rf 1440.00000000 51276.76194545398960400 1.00000 7 
 fake.rf 1440.00000000 51286.76640004814563056 1.00000 7 
 fake.rf 1440.00000000 51296.74530433070845703 1.00000 7 
 fake.rf 1440.00000000 51306.72315822514952188 1.00000 7 
 fake.rf 1440.00000000 51316.66650162866750762 1.00000 7 
 fake.rf 1440.00000000 51326.66753696420416730 1.00000 7 
 fake.rf 1440.00000000 51336.64790117888420440 1.00000 7 
 fake.rf 1440.00000000 51346.57228362186939208 1.00000 7 
 fake.rf 1440.00000000 51356.59553541796131171 1.00000 7 
 fake.rf 1440.00000000 51366.51256482739133702 1.00000 7 
 fake.rf 1440.00000000 51376.53770785444046609 1.00000 7 
 fake.rf 1440.00000000 51386.46198940664319821 1.00000 7 
 fake.rf 1440.00000000 51396.49056354488699583 1.00000 7 
 fake.rf 1440.00000000 51406.39029467452959210 1.00000 7 
 fake.rf 1440.00000000 51416.43778826186704833 1.00000 7 
 fake.rf 1440.00000000 51426.37139774475376441 1.00000 7 
 fake.rf 1440.00000000 51436.37287278685635528 1.00000 7 
 fake.rf 1440.00000000 51446.34024749183378944 1.00000 7 
 fake.rf 1440.00000000 51456.26646517747186493 1.00000 7 
 fake.rf 1440.00000000 51466.24458945791558762 1.00000 7 
 fake.rf 1440.00000000 51476.22362603818323734 1.00000 7 
 fake.rf 1440.00000000 51486.17041824066892985 1.00000 7 
 fake.rf 1440.00000000 51496.17044279480453284 1.00000 7 
 fake.rf 1440.00000000 51506.13311543493344402 1.00000 7 
 fake.rf 1440.00000000 51516.16133228617233186 1.00000 7 
 fake.rf 1440.00000000 51526.13057615410924939 1.00000 7 
 fake.rf 1440.00000000 51536.07116281983659078 1.00000 7 
 fake.rf 1440.00000000 51546.08068998613321199 1.00000 7 
 fake.rf 1440.00000000 51556.05407946353933468 1.00000 7 
 fake.rf 1440.00000000 51566.01554607616880688 1.00000 7 
 fake.rf 1440.00000000 51575.96684465055171032 1.00000 7 
 fake.rf 1440.00000000 51585.90968557386616311 1.00000 7 
 fake.rf 1440.00000000 51595.90291110856110279 1.00000 7 
 fake.rf 1440.00000000 51605.86041826591957360 1.00000 7 
 fake.rf 1440.00000000 51615.89175075804351067 1.00000 7 
 fake.rf 1440.00000000 51625.85562407795496753 1.00000 7 
 fake.rf 1440.00000000 51635.75813756704654978 1.00000 7 
 fake.rf 1440.00000000 51645.79713861052092838 1.00000 7 
 fake.rf 1440.00000000 51655.71269872599566853 1.00000 7 
 fake.rf 1440.00000000 51665.74910162880199493 1.00000 7 
 fake.rf 1440.00000000 51675.64910310828099327 1.00000 7 
 fake.rf 1440.00000000 51685.70044390179401361 1.00000 7 
 fake.rf 1440.00000000 51695.60509936129339081 1.00000 7 
 fake.rf 1440.00000000 51705.64431261520493166 1.00000 7 
 fake.rf 1440.00000000 51715.62268889772279579 1.00000 7 
 fake.rf 1440.00000000 51725.51880890910698341 1.00000 7 
 fake.rf 1440.00000000 51735.51893601699432068 1.00000 7 
 fake.rf 1440.00000000 51745.52609168095244740 1.00000 7 
 fake.rf 1440.00000000 51755.50022406468216474 1.00000 7 
 fake.rf 1440.00000000 51765.45387317288908235 1.00000 7 
 fake.rf 1440.00000000 51775.38312411508300315 1.00000 7 
 fake.rf 1440.00000000 51785.36359742581021948 1.00000 7 
 fake.rf 1440.00000000 51795.37467641035350496 1.00000 7 
 fake.rf 1440.00000000 51805.33125628627612258 1.00000 7 
 fake.rf 1440.00000000 51815.30170652378009422 1.00000 7 
 fake.rf 1440.00000000 51825.28497334844470856 1.00000 7 
 fake.rf 1440.00000000 51835.23810141465238743 1.00000 7 
 fake.rf 1440.00000000 51845.25977599455717382 1.00000 7 
 fake.rf 1440.00000000 51855.19654104086779256 1.00000 7 
 fake.rf 1440.00000000 51865.15036288661955055 1.00000 7 
 fake.rf 1440.00000000 51875.16080844304666186 1.00000 7 
 fake.rf 1440.00000000 51885.07617633359770792 1.00000 7 
 fake.rf 1440.00000000 51895.08347676034295404 1.00000 7 
 fake.rf 1440.00000000 51905.03111886921178098 1.00000 7 
 fake.rf 1440.00000000 51915.01463155423614282 1.00000 7 
 fake.rf 1440.00000000 51924.99723550284057794 1.00000 7 
 fake.rf 1440.00000000 51935.01938861140617121 1.00000 7 
 fake.rf 1440.00000000 51944.93271910304761008 1.00000 7 
 fake.rf 1440.00000000 51954.89829512720870852 1.00000 7 
 fake.rf 1440.00000000 51964.86331262544193521 1.00000 7 
 fake.rf 1440.00000000 51974.84035038704782039 1.00000 7 
 fake.rf 1440.00000000 51984.81656556136126568 1.00000 7 
 fake.rf 1440.00000000 51994.77689484984732715 1.00000 7 
 fake.rf 1440.00000000 52004.76922575686429084 1.00000 7 
 fake.rf 1440.00000000 52014.72862517138547034 1.00000 7 
 fake.rf 1440.00000000 52024.69463505794864133 1.00000 7 
 fake.rf 1440.00000000 52034.69372365044297268 1.00000 7 
 fake.rf 1440.00000000 52044.68055446862424773 1.00000 7 
 fake.rf 1440.00000000 52054.68102433903255033 1.00000 7 
 fake.rf 1440.00000000 52064.59821637456851917 1.00000 7 
 fake.rf 1440.00000000 52074.56600061081902098 1.00000 7 
 fake.rf 1440.00000000 52084.60635913073228664 1.00000 7 
 fake.rf 1440.00000000 52094.53132874816311570 1.00000 7 
 fake.rf 1440.00000000 52104.53749634698120019 1.00000 7 
 fake.rf 1440.00000000 52114.47840571334166171 1.00000 7 
 fake.rf 1440.00000000 52124.48446326920167238 1.00000 7 
 fake.rf 1440.00000000 52134.41786868052368931 1.00000 7 
 fake.rf 1440.00000000 52144.42254375174314873 1.00000 7 
 fake.rf 1440.00000000 52154.39424695182204417 1.00000 7 
 fake.rf 1440.00000000 52164.37505504680504842 1.00000 7 
 fake.rf 1440.00000000 52174.36085627594795255 1.00000 7 
 fake.rf 1440.00000000 52184.28697598317639716 1.00000 7 
 fake.rf 1440.00000000 52194.29378965756599484 1.00000 7 
 fake.rf 1440.00000000 52204.23086236946753758 1.00000 7 
 fake.rf 1440.00000000 52214.21526186794626767 1.00000 7 
 fake.rf 1440.00000000 52224.14955919482716240 1.00000 7 
 fake.rf 1440.00000000 52234.17987351181799482 1.00000 7 
 fake.rf 1440.00000000 52244.13039711732717052 1.00000 7 
 fake.rf 1440.00000000 52254.08866262780435719 1.00000 7 
 fake.rf 1440.00000000 52264.11185731303291035 1.00000 7 
 fake.rf 1440.00000000 52274.05470275750263198 1.00000 7 
 fake.rf 1440.00000000 52284.01731035774874812 1.00000 7 
 fake.rf 1440.00000000 52293.96069117801194182 1.00000 7 
 fake.rf 1440.00000000 52303.97450355778765996 1.00000 7 
 fake.rf 1440.00000000 52313.95674641662951743 1.00000 7 
 fake.rf 1440.00000000 52323.88683100188498898 1.00000 7 
 fake.rf 1440.00000000 52333.89395757016889377 1.00000 7 
 fake.rf 1440.00000000 52343.90259341392281911 1.00000 7 
 fake.rf 1440.00000000 52353.84681310026316226 1.00000 7 
 fake.rf 1440.00000000 52363.79838060125850419 1.00000 7 
 fake.rf 1440.00000000 52373.75151274218224628 1.00000 7 
 fake.rf 1440.00000000 52383.77415439339991821 1.00000 7 
 fake.rf 1440.00000000 52393.71005136976771865 1.00000 7 
 fake.rf 1440.00000000 52403.69879085238327576 1.00000 7 
 fake.rf 1440.00000000 52413.67157104509859167 1.00000 7 
 fake.rf 1440.00000000 52423.65901506919679775 1.00000 7 
 fake.rf 1440.00000000 52433.59778307375428241 1.00000 7 
 fake.rf 1440.00000000 52443.61460638771200848 1.00000 7 
 fake.rf 1440.00000000 52453.55069647391925614 1.00000 7 
 fake.rf 1440.00000000 52463.57180534007715522 1.00000 7 
 fake.rf 1440.00000000 52473.51340773513399895 1.00000 7 
 fake.rf 1440.00000000 52483.46260337956511322 1.00000 7 
 fake.rf 1440.00000000 52493.43713631022569288 1.00000 7 
 fake.rf 1440.00000000 52503.41285665741466460 1.00000 7 
 fake.rf 1440.00000000 52513.40976272284387960 1.00000 7 
 fake.rf 1440.00000000 52523.39599949664019363 1.00000 7 
 fake.rf 1440.00000000 52533.33332154472870812 1.00000 7 
 fake.rf 1440.00000000 52543.30451285626590874 1.00000 7 
 fake.rf 1440.00000000 52553.26857759231890554 1.00000 7 
 fake.rf 1440.00000000 52563.27480279825314469 1.00000 7 
 fake.rf 1440.00000000 52573.21315983449225584 1.00000 7 
 fake.rf 1440.00000000 52583.23070764720477754 1.00000 7 
 fake.rf 1440.00000000 52593.14351147892305605 1.00000 7 
 fake.rf 1440.00000000 52603.13588699013735450 1.00000 7 
 fake.rf 1440.00000000 52613.11121818255107740 1.00000 7 
 fake.rf 1440.00000000 52623.11690258966358158 1.00000 7 
 fake.rf 1440.00000000 52633.06666693944993796 1.00000 7 
 fake.rf 1440.00000000 52643.07642907426305356 1.00000 7 
 fake.rf 1440.00000000 52653.03472029865053727 1.00000 7 
 fake.rf 1440.00000000 52662.95600868557229290 1.00000 7 
 fake.rf 1440.00000000 52672.94464261085929735 1.00000 7 
 fake.rf 1440.00000000 52682.96670368155089292 1.00000 7 
 fake.rf 1440.00000000 52692.93793805427231192 1.00000 7 
 fake.rf 1440.00000000 52702.88977330532296506 1.00000 7 
 fake.rf 1440.00000000 52712.84454479904204405 1.00000 7 
 fake.rf 1440.00000000 52722.81586372534919605 1.00000 7 
 fake.rf 1440.00000000 52732.78244730017533826 1.00000 7 
 fake.rf 1440.00000000 52742.78662454010958527 1.00000 7 
 fake.rf 1440.00000000 52752.71873777482312562 1.00000 7 
 fake.rf 1440.00000000 52762.73204906453728213 1.00000 7 
 fake.rf 1440.00000000 52772.70130619983814668 1.00000 7 
 fake.rf 1440.00000000 52782.68565946665707855 1.00000 7 
 fake.rf 1440.00000000 52792.59213744753108699 1.00000 7 
 fake.rf 1440.00000000 52802.64656515376263002 1.00000 7 
 fake.rf 1440.00000000 52812.55060978431069785 1.00000 7 
 fake.rf 1440.00000000 52822.56463143623903989 1.00000 7 
 fake.rf 1440.00000000 52832.54926692142768374 1.00000 7 
 fake.rf 1440.00000000 52842.50127129057927178 1.00000 7 
 fake.rf 1440.00000000 52852.43045529226410295 1.00000 7 
 fake.rf 1440.00000000 52862.40645983467356928 1.00000 7 
 fake.rf 1440.00000000 52872.39199374234481255 1.00000 7 
 fake.rf 1440.00000000 52882.37017241102479304 1.00000 7 
 fake.rf 1440.00000000 52892.39102910653908296 1.00000 7 
 fake.rf 1440.00000000 52902.31667121838706436 1.00000 7 
 fake.rf 1440.00000000 52912.31452967945485000 1.00000 7 
 fake.rf 1440.00000000 52922.25468855336471208 1.00000 7 
 fake.rf 1440.00000000 52932.21331940004130345 1.00000 7 
 fake.rf 1440.00000000 52942.18824663303897182 1.00000 7 
 fake.rf 1440.00000000 52952.16547191587456922 1.00000 7 
 fake.rf 1440.00000000 52962.19303166011431117 1.00000 7 
 fake.rf 1440.00000000 52972.11655161126667579 1.00000 7 
 fake.rf 1440.00000000 52982.10971517590699520 1.00000 7 
 fake.rf 1440.00000000 52992.10330699845865254 1.00000 7 
 fake.rf 1440.00000000 53002.02536566757532199 1.00000 7 
 fake.rf 1440.00000000 53011.99766878829461803 1.00000 7 
 fake.rf 1440.00000000 53021.97333646412051777 1.00000 7 
 fake.rf 1440.00000000 53031.97735170311874597 1.00000 7 
 fake.rf 1440.00000000 53041.94354273415813239 1.00000 7 
 fake.rf 1440.00000000 53051.95069194811698665 1.00000 7 
 fake.rf 1440.00000000 53061.91412475465697440 1.00000 7 
 fake.rf 1440.00000000 53071.83759810771923071 1.00000 7 
 fake.rf 1440.00000000 53081.84130879502314215 1.00000 7 
 fake.rf 1440.00000000 53091.81639919183313836 1.00000 7 
 fake.rf 1440.00000000 53101.75698816099426480 1.00000 7 
 fake.rf 1440.00000000 53111.75909758852863263 1.00000 7 
 fake.rf 1440.00000000 53121.74887027823186259 1.00000 7 
 fake.rf 1440.00000000 53131.73078523796465689 1.00000 7 
 fake.rf 1440.00000000 53141.66150117877711168 1.00000 7 
 fake.rf 1440.00000000 53151.63058251791344233 1.00000 7 
 fake.rf 1440.00000000 53161.65231917652065974 1.00000 7 
 fake.rf 1440.00000000 53171.58634395102945902 1.00000 7 
 fake.rf 1440.00000000 53181.56826355270631268 1.00000 7 
 fake.rf 1440.00000000 53191.51214989570200942 1.00000 7 
 fake.rf 1440.00000000 53201.49433567689700908 1.00000 7 
 fake.rf 1440.00000000 53211.51253505561190238 1.00000 7 
 fake.rf 1440.00000000 53221.48158421374175120 1.00000 7 
 fake.rf 1440.00000000 53231.43123324625018356 1.00000 7 
 fake.rf 1440.00000000 53241.43536778003248244 1.00000 7 
 fake.rf 1440.00000000 53251.40664851267066737 1.00000 7 
 fake.rf 1440.00000000 53261.36082712946279116 1.00000 7 
 fake.rf 1440.00000000 53271.33649244809202727 1.00000 7 
 fake.rf 1440.00000000 53281.25859742099093097 1.00000 7 
 fake.rf 1440.00000000 53291.23324399560226539 1.00000 7 
 fake.rf 1440.00000000 53301.22980540818863560 1.00000 7 
 fake.rf 1440.00000000 53311.18460673793737215 1.00000 7 
 fake.rf 1440.00000000 53321.15886072301777077 1.00000 7 
 fake.rf 1440.00000000 53331.15839415709957194 1.00000 7 
 fake.rf 1440.00000000 53341.14451504629588996 1.00000 7 
 fake.rf 1440.00000000 53351.11226445836046040 1.00000 7 
 fake.rf 1440.00000000 53361.06291810511532958 1.00000 7 
 fake.rf 1440.00000000 53371.03977613663075275 1.00000 7 
 fake.rf 1440.00000000 53381.04163650777233840 1.00000 7 
 fake.rf 1440.00000000 53391.02330522349418018 1.00000 7 
 fake.rf 1440.00000000 53401.00255794535761567 1.00000 7 
 fake.rf 1440.00000000 53410.97231167581222167 1.00000 7 
 fake.rf 1440.00000000 53420.90006075978595135 1.00000 7 
 fake.rf 1440.00000000 53430.89639049602755705 1.00000 7 
 fake.rf 1440.00000000 53440.87536356651722258 1.00000 7 
 fake.rf 1440.00000000 53450.84446620442513876 1.00000 7 
 fake.rf 1440.00000000 53460.83718163757986730 1.00000 7 
 fake.rf 1440.00000000 53470.78186241433074954 1.00000 7 
 fake.rf 1440.00000000 53480.71229414062404217 1.00000 7 
 fake.rf 1440.00000000 53490.71423353096482245 1.00000 7 
 fake.rf 1440.00000000 53500.71343826963384060 1.00000 7 
 fake.rf 1440.00000000 53510.65336016127220020 1.00000 7 
 fake.rf 1440.00000000 53520.61746988451116991 1.00000 7 
 fake.rf 1440.00000000 53530.61302814388702132 1.00000 7 
 fake.rf 1440.00000000 53540.61323668675412790 1.00000 7 
 fake.rf 1440.00000000 53550.52545198412497740 1.00000 7 
 fake.rf 1440.00000000 53560.51959526072188567 1.00000 7 
 fake.rf 1440.00000000 53570.50128681575614209 1.00000 7 
 fake.rf 1440.00000000 53580.49980505029479971 1.00000 7 
 fake.rf 1440.00000000 53590.44335766622175043 1.00000 7 
 fake.rf 1440.00000000 53600.42700009233535496 1.00000 7 
 fake.rf 1440.00000000 53610.36605076257256641 1.00000 7 
 fake.rf 1440.00000000 53620.37504231503061902 1.00000 7 
 fake.rf 1440.00000000 53630.36024314206812491 1.00000 7 
 fake.rf 1440.00000000 53640.32613160149266918 1.00000 7 
 fake.rf 1440.00000000 53650.26521504065257773 1.00000 7 
 fake.rf 1440.00000000 53660.24546951192768063 1.00000 7 
