FORMAT 1
MODE 1
 fake.rf 1440.00000000 50000.25427296080119532 1.00000 7 
 fake.rf 1440.00000000 50010.26411902946017207 1.00000 7 
 fake.rf 1440.00000000 50020.20442165255154521 1.00000 7 
 fake.rf 1440.00000000 50030.17583894730303840 1.00000 7 
 fake.rf 1440.00000000 50040.13910067577894125 1.00000 7 
 fake.rf 1440.00000000 50050.17130433414710922 1.00000 7 
 fake.rf 1440.00000000 50060.13252736398906961 1.00000 7 
 fake.rf 1440.00000000 50070.06913912974886927 1.00000 7 
 fake.rf 1440.00000000 50080.08270603592048431 1.00000 7 
 fake.rf 1440.00000000 50090.03238545562556183 1.00000 7 
 fake.rf 1440.00000000 50100.01146218674576716 1.00000 7 
 fake.rf 1440.00000000 50109.97153502254626645 1.00000 7 
 fake.rf 1440.00000000 50119.96623788078663253 1.00000 7 
 fake.rf 1440.00000000 50129.92654887189443969 1.00000 7 
 fake.rf 1440.00000000 50139.86267547980100190 1.00000 7 
 fake.rf 1440.00000000 50149.83837400834617171 1.00000 7 
 fake.rf 1440.00000000 50159.83444327758396497 1.00000 7 
 fake.rf 1440.00000000 50169.80034021673030509 1.00000 7 
 fake.rf 1440.00000000 50179.82101039884860327 1.00000 7 
 fake.rf 1440.00000000 50189.75492554211842489 1.00000 7 
 fake.rf 1440.00000000 50199.77684353957579688 1.00000 7 
 fake.rf 1440.00000000 50209.73065705233598166 1.00000 7 
 fake.rf 1440.00000000 50219.71215729346680234 1.00000 7 
 fake.rf 1440.00000000 50229.62927420733338124 1.00000 7 
 fake.rf 1440.00000000 50239.65592799993764928 1.00000 7 
 fake.rf 1440.00000000 50249.60826825656537054 1.00000 7 
 fake.rf 1440.00000000 50259.60356008279306295 1.00000 7 
 fake.rf 1440.00000000 50269.57800420342611503 1.00000 7 
 fake.rf 1440.00000000 50279.47652358271995965 1.00000 7 
 fake.rf 1440.00000000 50289.51427486082279827 1.00000 7 
 fake.rf 1440.00000000 50299.46241422216183992 1.00000 7 
 fake.rf 1440.00000000 50309.40792824624302426 1.00000 7 
 fake.rf 1440.00000000 50319.39949662963239874 1.00000 7 
 fake.rf 1440.00000000 50329.39857629272949424 1.00000 7 
 fake.rf 1440.00000000 50339.34281191118251542 1.00000 7 
 fake.rf 1440.00000000 50349.32494634723926552 1.00000 7 
 fake.rf 1440.00000000 50359.30020069452901055 1.00000 7 
 fake.rf 1440.00000000 50369.23296370902084007 1.00000 7 
 fake.rf 1440.00000000 50379.26234755572809476 1.00000 7 
 fake.rf 1440.00000000 50389.19513978200723514 1.00000 7 
 fake.rf 1440.00000000 50399.18821987662036221 1.00000 7 
 fake.rf 1440.00000000 50409.14065145027941028 1.00000 7 
 fake.rf 1440.00000000 50419.14415422115195753 1.00000 7 
 fake.rf 1440.00000000 50429.07590816388831456 1.00000 7 
 fake.rf 1440.00000000 50439.09928836506747629 1.00000 7 
 fake.rf 1440.00000000 50449.06622207440197414 1.00000 7 
 fake.rf 1440.00000000 50459.00097891198581479 1.00000 7 
 fake.rf 1440.00000000 50468.96439939114154782 1.00000 7 
 fake.rf 1440.00000000 50479.00786769056660575 1.00000 7 
 fake.rf 1440.00000000 50488.90726567071939357 1.00000 7 
 fake.rf 1440.00000000 50498.91523898583794150 1.00000 7 
 fake.rf 1440.00000000 50508.92459627210015682 1.00000 7 
 fake.rf 1440.00000000 50518.88844545928936824 1.00000 7 
 fake.rf 1440.00000000 50528.82189002645096210 1.00000 7 
 fake.rf 1440.00000000 50538.77566856110421156 1.00000 7 
 fake.rf 1440.00000000 50548.79347584517486069 1.00000 7 
 fake.rf 1440.00000000 50558.78989834981688034 1.00000 7 
 fake.rf 1440.00000000 50568.76627304096266968 1.00000 7 
 fake.rf 1440.00000000 50578.70249547757265063 1.00000 7 
 fake.rf 1440.00000000 50588.70807495201390580 1.00000 7 
 fake.rf 1440.00000000 50598.66617196846415183 1.00000 7 
 fake.rf 1440.00000000 50608.57783810295853399 1.00000 7 
 fake.rf 1440.00000000 50618.55623595336895448 1.00000 7 
 fake.rf 1440.00000000 50628.53320561924071441 1.00000 7 
 fake.rf 1440.00000000 50638.55458913751191830 1.00000 7 
 fake.rf 1440.00000000 50648.50452690752837626 1.00000 7 
 fake.rf 1440.00000000 50658.49093535808365019 1.00000 7 
 fake.rf 1440.00000000 50668.43154420638088098 1.00000 7 
 fake.rf 1440.00000000 50678.42488265669931380 1.00000 7 
 fake.rf 1440.00000000 50688.38464594921700623 1.00000 7 
 fake.rf 1440.00000000 50698.36868472692158250 1.00000 7 
 fake.rf 1440.00000000 50708.38240756901914352 1.00000 7 
 fake.rf 1440.00000000 50718.32190681869735727 1.00000 7 
 fake.rf 1440.00000000 50728.25341937234762923 1.00000 7 
 fake.rf 1440.00000000 50738.22620044559817032 1.00000 7 
 fake.rf 1440.00000000 50748.21638425524325910 1.00000 7 
 fake.rf 1440.00000000 50758.22546814442585728 1.00000 7 
 fake.rf 1440.00000000 50768.16031040895779469 1.00000 7 
 fake.rf 1440.00000000 50778.14121905057827178 1.00000 7 
 fake.rf 1440.00000000 50788.13774222494190269 1.00000 7 
 fake.rf 1440.00000000 50798.08262014914651061 1.00000 7 
 fake.rf 1440.00000000 50808.09880642986568233 1.00000 7 
 fake.rf 1440.00000000 50818.04865792450036110 1.00000 7 
 fake.rf 1440.00000000 50827.98468933738891451 1.00000 7 
 fake.rf 1440.00000000 50837.96162453094844480 1.00000 7 
 fake.rf 1440.00000000 50847.97589217188524913 1.00000 7 
 fake.rf 1440.00000000 50857.95703528243918257 1.00000 7 
 fake.rf 1440.00000000 50867.87436393357108244 1.00000 7 
 fake.rf 1440.00000000 50877.89231059605818075 1.00000 7 
 fake.rf 1440.00000000 50887.83698044607344357 1.00000 7 
 fake.rf 1440.00000000 50897.78719291783415457 1.00000 7 
 fake.rf 1440.00000000 50907.79054094222747651 1.00000 7 
 fake.rf 1440.00000000 50917.75751459335779003 1.00000 7 
 fake.rf 1440.00000000 50927.71342924643971273 1.00000 7 
 fake.rf 1440.00000000 50937.72105130993386268 1.00000 7 
 fake.rf 1440.00000000 50947.65337944943762949 1.00000 7 
 fake.rf 1440.00000000 50957.66986955755266564 1.00000 7 
 fake.rf 1440.00000000 50967.60787106037200545 1.00000 7 
 fake.rf 1440.00000000 50977.59144573542049983 1.00000 7 
 fake.rf 1440.00000000 50987.54524528517720228 1.00000 7 
 fake.rf 1440.00000000 50997.55364774082922708 1.00000 7 
 fake.rf 1440.00000000 51007.54856553796866336 1.00000 7 
 fake.rf 1440.00000000 51017.46005892667013626 1.00000 7 
 fake.rf 1440.00000000 51027.43526491348476171 1.00000 7 
 fake.rf 1440.00000000 51037.47233293905764739 1.00000 7 
 fake.rf 1440.00000000 51047.38391177414953503 1.00000 7 
 fake.rf 1440.00000000 51057.37660587739469520 1.00000 7 
 fake.rf 1440.00000000 51067.36672883938711820 1.00000 7 
 fake.rf 1440.00000000 51077.32378757539210667 1.00000 7 
 fake.rf 1440.00000000 51087.32469468557066961 1.00000 7 
 fake.rf 1440.00000000 51097.25531176598475369 1.00000 7 
 fake.rf 1440.00000000 51107.26788612626918606 1.00000 7 
 fake.rf 1440.00000000 51117.22895049880084883 1.00000 7 
 fake.rf 1440.00000000 51127.22005671905207080 1.00000 7 
 fake.rf 1440.00000000 51137.19596687940109447 1.00000 7 
 fake.rf 1440.00000000 51147.16127072792550834 1.00000 7 
 fake.rf 1440.00000000 51157.11061561895379768 1.00000 7 
 fake.rf 1440.00000000 51167.09497317620318668 1.00000 7 
 fake.rf 1440.00000000 51177.08824336096807173 1.00000 7 
 fake.rf 1440.00000000 51186.99950597020498577 1.00000 7 
 fake.rf 1440.00000000 51197.03917099691004466 1.00000 7 
 fake.rf 1440.00000000 51207.00995801246682859 1.00000 7 
 fake.rf 1440.00000000 51216.95187294269804568 1.00000 7 
 fake.rf 1440.00000000 51226.90248267946186900 1.00000 7 
 fake.rf 1440.00000000 51236.85648863011318710 1.00000 7 
 fake.rf 1440.00000000 51246.83332996883864041 1.00000 7 
 fake.rf 1440.00000000 51256.82690552721653177 1.00000 7 
 fake.rf 1440.00000000 51266.82470591973127227 1.00000 7 
 fake.rf 1440.00000000 51276.76685304946942168 1.00000 7 
 fake.rf 1440.00000000 51286.77130763675937430 1.00000 7 
 fake.rf 1440.00000000 51296.75021192054672525 1.00000 7 
 fake.rf 1440.00000000 51306.72806581754993616 1.00000 7 
 fake.rf 1440.00000000 51316.67140922284553284 1.00000 7 
 fake.rf 1440.00000000 51326.67244455867898267 1.00000 7 
 fake.rf 1440.00000000 51336.65280879981009932 1.00000 7 
 fake.rf 1440.00000000 51346.57719126337686433 1.00000 7 
 fake.rf 1440.00000000 51356.60044306368893174 1.00000 7 
 fake.rf 1440.00000000 51366.51747243689953848 1.00000 7 
 fake.rf 1440.00000000 51376.54261547444016500 1.00000 7 
 fake.rf 1440.00000000 51386.46689702068526984 1.00000 7 
 fake.rf 1440.00000000 51396.49547115582648971 1.00000 7 
 fake.rf 1440.00000000 51406.39520226913109369 1.00000 7 
 fake.rf 1440.00000000 51416.44269583051665151 1.00000 7 
 fake.rf 1440.00000000 51426.37630534192133069 1.00000 7 
 fake.rf 1440.00000000 51436.37778041845753663 1.00000 7 
 fake.rf 1440.00000000 51446.34515511117392350 1.00000 7 
 fake.rf 1440.00000000 51456.27137276657241216 1.00000 7 
 fake.rf 1440.00000000 51466.24949710641546119 1.00000 7 
 fake.rf 1440.00000000 51476.22853364798888975 1.00000 7 
 fake.rf 1440.00000000 51486.17532587481473172 1.00000 7 
 fake.rf 1440.00000000 51496.17535041168100918 1.00000 7 
 fake.rf 1440.00000000 51506.13802303225803669 1.00000 7 
 fake.rf 1440.00000000 51516.16623991706559593 1.00000 7 
 fake.rf 1440.00000000 51526.13548373675308412 1.00000 7 
 fake.rf 1440.00000000 51536.07607043184129481 1.00000 7 
 fake.rf 1440.00000000 51546.08559760826048191 1.00000 7 
 fake.rf 1440.00000000 51556.05898710213056191 1.00000 7 
 fake.rf 1440.00000000 51566.02045367737322934 1.00000 7 
 fake.rf 1440.00000000 51575.97175223317164949 1.00000 7 
 fake.rf 1440.00000000 51585.91459316183051698 1.00000 7 
 fake.rf 1440.00000000 51595.90781873459928164 1.00000 7 
 fake.rf 1440.00000000 51605.86532588819531497 1.00000 7 
 fake.rf 1440.00000000 51615.89665836987274616 1.00000 7 
 fake.rf 1440.00000000 51625.86053171019564800 1.00000 7 
 fake.rf 1440.00000000 51635.76304514521087796 1.00000 7 
 fake.rf 1440.00000000 51645.80204623469937175 1.00000 7 
 fake.rf 1440.00000000 51655.71760631758368376 1.00000 7 
 fake.rf 1440.00000000 51665.75400924305064976 1.00000 7 
 fake.rf 1440.00000000 51675.65401070289435737 1.00000 7 
 fake.rf 1440.00000000 51685.70535151343296576 1.00000 7 
 fake.rf 1440.00000000 51695.61000698618291338 1.00000 7 
 fake.rf 1440.00000000 51705.64922024572480197 1.00000 7 
 fake.rf 1440.00000000 51715.62759650253071797 1.00000 7 
 fake.rf 1440.00000000 51725.52371654157343883 1.00000 7 
 fake.rf 1440.00000000 51735.52384362006052854 1.00000 7 
 fake.rf 1440.00000000 51745.53099925636049150 1.00000 7 
 fake.rf 1440.00000000 51755.50513168195130120 1.00000 7 
 fake.rf 1440.00000000 51765.45878075229788706 1.00000 7 
 fake.rf 1440.00000000 51775.38803174213120784 1.00000 7 
 fake.rf 1440.00000000 51785.36850501020185789 1.00000 7 
 fake.rf 1440.00000000 51795.37958402433589100 1.00000 7 
 fake.rf 1440.00000000 51805.33616386530043840 1.00000 7 
 fake.rf 1440.00000000 51815.30661414206244686 1.00000 7 
 fake.rf 1440.00000000 51825.28988096000937702 1.00000 7 
 fake.rf 1440.00000000 51835.24300898968760976 1.00000 7 
 fake.rf 1440.00000000 51845.26468360474259356 1.00000 7 
 fake.rf 1440.00000000 51855.20144864482530878 1.00000 7 
 fake.rf 1440.00000000 51865.15527049020237627 1.00000 7 
 fake.rf 1440.00000000 51875.16571601442399597 1.00000 7 
 fake.rf 1440.00000000 51885.08108390923554154 1.00000 7 
 fake.rf 1440.00000000 51895.08838438790638747 1.00000 7 
 fake.rf 1440.00000000 51905.03602649437770467 1.00000 7 
 fake.rf 1440.00000000 51915.01953919141991278 1.00000 7 
 fake.rf 1440.00000000 51925.00214313634150542 1.00000 7 
 fake.rf 1440.00000000 51935.02429619476873057 1.00000 7 
 fake.rf 1440.00000000 51944.93762673881501968 1.00000 7 
 fake.rf 1440.00000000 51954.90320273700613640 1.00000 7 
 fake.rf 1440.00000000 51964.86822024946843968 1.00000 7 
 fake.rf 1440.00000000 51974.84525801079464458 1.00000 7 
 fake.rf 1440.00000000 51984.82147317128299591 1.00000 7 
 fake.rf 1440.00000000 51994.78180245337149401 1.00000 7 
 fake.rf 1440.00000000 52004.77413335352996171 1.00000 7 
 fake.rf 1440.00000000 52014.73353277880575618 1.00000 7 
 fake.rf 1440.00000000 52024.69954265511271529 1.00000 7 
 fake.rf 1440.00000000 52034.69863124457244652 1.00000 7 
 fake.rf 1440.00000000 52044.68546208455187951 1.00000 7 
 fake.rf 1440.00000000 52054.68593197981279275 1.00000 7 
 fake.rf 1440.00000000 52064.60312397761062542 1.00000 7 
 fake.rf 1440.00000000 52074.57090824922655159 1.00000 7 
 fake.rf 1440.00000000 52084.61126671663381416 1.00000 7 
 fake.rf 1440.00000000 52094.53623638485121816 1.00000 7 
 fake.rf 1440.00000000 52104.54240397262003626 1.00000 7 
 fake.rf 1440.00000000 52114.48331331987548154 1.00000 7 
 fake.rf 1440.00000000 52124.48937087056443218 1.00000 7 
 fake.rf 1440.00000000 52134.42277629591309562 1.00000 7 
 fake.rf 1440.00000000 52144.42745136981949727 1.00000 7 
 fake.rf 1440.00000000 52154.39915453115134270 1.00000 7 
 fake.rf 1440.00000000 52164.37996263233498340 1.00000 7 
 fake.rf 1440.00000000 52174.36576386576570386 1.00000 7 
 fake.rf 1440.00000000 52184.29188362397355760 1.00000 7 
 fake.rf 1440.00000000 52194.29869727456651773 1.00000 7 
 fake.rf 1440.00000000 52204.23576997761320229 1.00000 7 
 fake.rf 1440.00000000 52214.22016947459246694 1.00000 7 
 fake.rf 1440.00000000 52224.15446679882142789 1.00000 7 
 fake.rf 1440.00000000 52234.18478111598316360 1.00000 7 
 fake.rf 1440.00000000 52244.13530471169988445 1.00000 7 
 fake.rf 1440.00000000 52254.09357025841278599 1.00000 7 
 fake.rf 1440.00000000 52264.11676493034636692 1.00000 7 
 fake.rf 1440.00000000 52274.05961035693835015 1.00000 7 
 fake.rf 1440.00000000 52284.02221797585164254 1.00000 7 
 fake.rf 1440.00000000 52293.96559878526247545 1.00000 7 
 fake.rf 1440.00000000 52303.97941117555123469 1.00000 7 
 fake.rf 1440.00000000 52313.96165403950350381 1.00000 7 
 fake.rf 1440.00000000 52323.89173858501322201 1.00000 7 
 fake.rf 1440.00000000 52333.89886519085571948 1.00000 7 
 fake.rf 1440.00000000 52343.90750099181513733 1.00000 7 
 fake.rf 1440.00000000 52353.85172073127875336 1.00000 7 
 fake.rf 1440.00000000 52363.80328818446270844 1.00000 7 
 fake.rf 1440.00000000 52373.75642037212745805 1.00000 7 
 fake.rf 1440.00000000 52383.77906199319118841 1.00000 7 
 fake.rf 1440.00000000 52393.71495897448420465 1.00000 7 
 fake.rf 1440.00000000 52403.70369846005965186 1.00000 7 
 fake.rf 1440.00000000 52413.67647865850234012 1.00000 7 
 fake.rf 1440.00000000 52423.66392266502500519 1.00000 7 
 fake.rf 1440.00000000 52433.60269071173218336 1.00000 7 
 fake.rf 1440.00000000 52443.61951398873790353 1.00000 7 
 fake.rf 1440.00000000 52453.55560405263535984 1.00000 7 
 fake.rf 1440.00000000 52463.57671292385490958 1.00000 7 
 fake.rf 1440.00000000 52473.51831530086812805 1.00000 7 
 fake.rf 1440.00000000 52483.46751098410622660 1.00000 7 
 fake.rf 1440.00000000 52493.44204394096794175 1.00000 7 
 fake.rf 1440.00000000 52503.41776427852520470 1.00000 7 
 fake.rf 1440.00000000 52513.41467033204792259 1.00000 7 
 fake.rf 1440.00000000 52523.40090707390388047 1.00000 7 
 fake.rf 1440.00000000 52533.33822914322501418 1.00000 7 
 fake.rf 1440.00000000 52543.30942047236794323 1.00000 7 
 fake.rf 1440.00000000 52553.27348517782116133 1.00000 7 
 fake.rf 1440.00000000 52563.27971043512318516 1.00000 7 
 fake.rf 1440.00000000 52573.21806745000045069 1.00000 7 
 fake.rf 1440.00000000 52583.23561522023519288 1.00000 7 
 fake.rf 1440.00000000 52593.14841909210874249 1.00000 7 
 fake.rf 1440.00000000 52603.14079460468820670 1.00000 7 
 fake.rf 1440.00000000 52613.11612576148336018 1.00000 7 
 fake.rf 1440.00000000 52623.12181018760471574 1.00000 7 
 fake.rf 1440.00000000 52633.07157456301224130 1.00000 7 
 fake.rf 1440.00000000 52643.08133668341192291 1.00000 7 
 fake.rf 1440.00000000 52653.03962790444760600 1.00000 7 
 fake.rf 1440.00000000 52662.96091628494263404 1.00000 7 
 fake.rf 1440.00000000 52672.94955022468439765 1.00000 7 
 fake.rf 1440.00000000 52682.97161130218118785 1.00000 7 
 fake.rf 1440.00000000 52692.94284566560324379 1.00000 7 
 fake.rf 1440.00000000 52702.89468087836953814 1.00000 7 
 fake.rf 1440.00000000 52712.84945240980697534 1.00000 7 
 fake.rf 1440.00000000 52722.82077132626584159 1.00000 7 
 fake.rf 1440.00000000 52732.78735490339444780 1.00000 7 
 fake.rf 1440.00000000 52742.79153214800129135 1.00000 7 
 fake.rf 1440.00000000 52752.72364538166658221 1.00000 7 
 fake.rf 1440.00000000 52762.73695669459387503 1.00000 7 
 fake.rf 1440.00000000 52772.70621378969823212 1.00000 7 
 fake.rf 1440.00000000 52782.69056706721887906 1.00000 7 
 fake.rf 1440.00000000 52792.59704505538110197 1.00000 7 
 fake.rf 1440.00000000 52802.65147277073082321 1.00000 7 
 fake.rf 1440.00000000 52812.55551737780204746 1.00000 7 
 fake.rf 1440.00000000 52822.56953904797341792 1.00000 7 
 fake.rf 1440.00000000 52832.55417453013776807 1.00000 7 
 fake.rf 1440.00000000 52842.50617886528793576 1.00000 7 
 fake.rf 1440.00000000 52852.43536290550312273 1.00000 7 
 fake.rf 1440.00000000 52862.41136741673888011 1.00000 7 
 fake.rf 1440.00000000 52872.39690133226737245 1.00000 7 
 fake.rf 1440.00000000 52882.37508003506924581 1.00000 7 
 fake.rf 1440.00000000 52892.39593670243799650 1.00000 7 
 fake.rf 1440.00000000 52902.32157881202964944 1.00000 7 
 fake.rf 1440.00000000 52912.31943728934183113 1.00000 7 
 fake.rf 1440.00000000 52922.25959616350684911 1.00000 7 
 fake.rf 1440.00000000 52932.21822702239170866 1.00000 7 
 fake.rf 1440.00000000 52942.19315422195495557 1.00000 7 
 fake.rf 1440.00000000 52952.17037955232212099 1.00000 7 
 fake.rf 1440.00000000 52962.19793929645311437 1.00000 7 
 fake.rf 1440.00000000 52972.12145923086150390 1.00000 7 
 fake.rf 1440.00000000 52982.11462280553104875 1.00000 7 
 fake.rf 1440.00000000 52992.10821461523675779 1.00000 7 
 fake.rf 1440.00000000 53002.03027327077695574 1.00000 7 
 fake.rf 1440.00000000 53012.00257638658279546 1.00000 7 
 fake.rf 1440.00000000 53021.97824405638102974 1.00000 7 
 fake.rf 1440.00000000 53031.98225930227834013 1.00000 7 
 fake.rf 1440.00000000 53041.94845032138366037 1.00000 7 
 fake.rf 1440.00000000 53051.95559956266803425 1.00000 7 
 fake.rf 1440.00000000 53061.91903235723473742 1.00000 7 
 fake.rf 1440.00000000 53071.84250570352060805 1.00000 7 
 fake.rf 1440.00000000 53081.84621640192218450 1.00000 7 
 fake.rf 1440.00000000 53091.82130680669351364 1.00000 7 
 fake.rf 1440.00000000 53101.76189577397343911 1.00000 7 
 fake.rf 1440.00000000 53111.76400517667068968 1.00000 7 
 fake.rf 1440.00000000 53121.75377784546278548 1.00000 7 
 fake.rf 1440.00000000 53131.73569286803274636 1.00000 7 
 fake.rf 1440.00000000 53141.66640875092353724 1.00000 7 
 fake.rf 1440.00000000 53151.63549010482861945 1.00000 7 
 fake.rf 1440.00000000 53161.65722677703969978 1.00000 7 
 fake.rf 1440.00000000 53171.59125154913819244 1.00000 7 
 fake.rf 1440.00000000 53181.57317114554236426 1.00000 7 
 fake.rf 1440.00000000 53191.51705751876869854 1.00000 7 
 fake.rf 1440.00000000 53201.49924330925795601 1.00000 7 
 fake.rf 1440.00000000 53211.51744266178452847 1.00000 7 
 fake.rf 1440.00000000 53221.48649185130821948 1.00000 7 
 fake.rf 1440.00000000 53231.43614084078545545 1.00000 7 
 fake.rf 1440.00000000 53241.44027540051406433 1.00000 7 
 fake.rf 1440.00000000 53251.41155608219832729 1.00000 7 
 fake.rf 1440.00000000 53261.36573476878160704 1.00000 7 
 fake.rf 1440.00000000 53271.34140007554326246 1.00000 7 
 fake.rf 1440.00000000 53281.26350503792825464 1.00000 7 
 fake.rf 1440.00000000 53291.23815157643783991 1.00000 7 
 fake.rf 1440.00000000 53301.23471303255391263 1.00000 7 
 fake.rf 1440.00000000 53311.18951431230118132 1.00000 7 
 fake.rf 1440.00000000 53321.16376835739495732 1.00000 7 
 fake.rf 1440.00000000 53331.16330175111234979 1.00000 7 
 fake.rf 1440.00000000 53341.14942268421853555 1.00000 7 
 fake.rf 1440.00000000 53351.11717203898268025 1.00000 7 
 fake.rf 1440.00000000 53361.06782570735287763 1.00000 7 
 fake.rf 1440.00000000 53371.04468374280979859 1.00000 7 
 fake.rf 1440.00000000 53381.04654411248771595 1.00000 7 
 fake.rf 1440.00000000 53391.02821279886782690 1.00000 7 
 fake.rf 1440.00000000 53401.00746555845130814 1.00000 7 
 fake.rf 1440.00000000 53410.97721926317011309 1.00000 7 
 fake.rf 1440.00000000 53420.90496834421848504 1.00000 7 
 fake.rf 1440.00000000 53430.90129813457917507 1.00000 7 
 fake.rf 1440.00000000 53440.88027116603027977 1.00000 7 
 fake.rf 1440.00000000 53450.84937384296156537 1.00000 7 
 fake.rf 1440.00000000 53460.84208923928160218 1.00000 7 
 fake.rf 1440.00000000 53470.78677000909594241 1.00000 7 
 fake.rf 1440.00000000 53480.71720176853084538 1.00000 7 
 fake.rf 1440.00000000 53490.71914111077261467 1.00000 7 
 fake.rf 1440.00000000 53500.71834585950530894 1.00000 7 
 fake.rf 1440.00000000 53510.65826776707910284 1.00000 7 
 fake.rf 1440.00000000 53520.62237748831619299 1.00000 7 
 fake.rf 1440.00000000 53530.61793572407081143 1.00000 7 
 fake.rf 1440.00000000 53540.61814428582773573 1.00000 7 
 fake.rf 1440.00000000 53550.53035961641042206 1.00000 7 
 fake.rf 1440.00000000 53560.52450287216145952 1.00000 7 
 fake.rf 1440.00000000 53570.50619440696333484 1.00000 7 
 fake.rf 1440.00000000 53580.50471269405040431 1.00000 7 
 fake.rf 1440.00000000 53590.44826525969102704 1.00000 7 
 fake.rf 1440.00000000 53600.43190769437417842 1.00000 7 
 fake.rf 1440.00000000 53610.37095837230165074 1.00000 7 
 fake.rf 1440.00000000 53620.37994994128608184 1.00000 7 
 fake.rf 1440.00000000 53630.36515073829425049 1.00000 7 
 fake.rf 1440.00000000 53640.33103917502130642 1.00000 7 
 fake.rf 1440.00000000 53650.27012263625925215 1.00000 7 
 fake.rf 1440.00000000 53660.25037713087179014 1.00000 7 
