FORMAT 1
MODE 1
 fake.rf 1440.00000000 50000.26159526808244493 1.00000 7 
 fake.rf 1440.00000000 50010.27144130020468538 1.00000 7 
 fake.rf 1440.00000000 50020.21174397450977978 1.00000 7 
 fake.rf 1440.00000000 50030.18316123488517277 1.00000 7 
 fake.rf 1440.00000000 50040.14642295039931952 1.00000 7 
 fake.rf 1440.00000000 50050.17862660619250192 1.00000 7 
 fake.rf 1440.00000000 50060.13984965091659518 1.00000 7 
 fake.rf 1440.00000000 50070.07646145869903620 1.00000 7 
 fake.rf 1440.00000000 50080.09002837532993979 1.00000 7 
 fake.rf 1440.00000000 50090.03970780047716005 1.00000 7 
 fake.rf 1440.00000000 50100.01878442846721384 1.00000 7 
 fake.rf 1440.00000000 50109.97885736148951352 1.00000 7 
 fake.rf 1440.00000000 50119.97356015441934218 1.00000 7 
 fake.rf 1440.00000000 50129.93387118035918348 1.00000 7 
 fake.rf 1440.00000000 50139.86999780328093834 1.00000 7 
 fake.rf 1440.00000000 50149.84569634504339675 1.00000 7 
 fake.rf 1440.00000000 50159.84176558920462696 1.00000 7 
 fake.rf 1440.00000000 50169.80766252644909287 1.00000 7 
 fake.rf 1440.00000000 50179.82833273309287136 1.00000 7 
 fake.rf 1440.00000000 50189.76224779892185168 1.00000 7 
 fake.rf 1440.00000000 50199.78416591352949183 1.00000 7 
 fake.rf 1440.00000000 50209.73797929063722023 1.00000 7 
 fake.rf 1440.00000000 50219.71947957319631328 1.00000 7 
 fake.rf 1440.00000000 50229.63659656087378380 1.00000 7 
 fake.rf 1440.00000000 50239.66325027467441089 1.00000 7 
 fake.rf 1440.00000000 50249.61559059637147229 1.00000 7 
 fake.rf 1440.00000000 50259.61088244616454901 1.00000 7 
 fake.rf 1440.00000000 50269.58532644545641688 1.00000 7 
 fake.rf 1440.00000000 50279.48384588763472536 1.00000 7 
 fake.rf 1440.00000000 50289.52159713021594811 1.00000 7 
 fake.rf 1440.00000000 50299.46973661733226635 1.00000 7 
 fake.rf 1440.00000000 50309.41525049716945617 1.00000 7 
 fake.rf 1440.00000000 50319.40681885621837210 1.00000 7 
 fake.rf 1440.00000000 50329.40589865105973999 1.00000 7 
 fake.rf 1440.00000000 50339.35013421702901226 1.00000 7 
 fake.rf 1440.00000000 50349.33226863683215768 1.00000 7 
 fake.rf 1440.00000000 50359.30752303680888815 1.00000 7 
 fake.rf 1440.00000000 50369.24028603570137363 1.00000 7 
 fake.rf 1440.00000000 50379.26966991907923088 1.00000 7 
 fake.rf 1440.00000000 50389.20246215800477430 1.00000 7 
 fake.rf 1440.00000000 50399.19554215502014216 1.00000 7 
 fake.rf 1440.00000000 50409.14797376751506519 1.00000 7 
 fake.rf 1440.00000000 50419.15147658262826624 1.00000 7 
 fake.rf 1440.00000000 50429.08323050375278385 1.00000 7 
 fake.rf 1440.00000000 50439.10661063001369442 1.00000 7 
 fake.rf 1440.00000000 50449.07354436939104758 1.00000 7 
 fake.rf 1440.00000000 50459.00830120877104079 1.00000 7 
 fake.rf 1440.00000000 50468.97172173323085431 1.00000 7 
 fake.rf 1440.00000000 50479.01518998117222026 1.00000 7 
 fake.rf 1440.00000000 50488.91458802760766389 1.00000 7 
 fake.rf 1440.00000000 50498.92256129239694928 1.00000 7 
 fake.rf 1440.00000000 50508.93191859900227669 1.00000 7 
 fake.rf 1440.00000000 50518.89576772428843654 1.00000 7 
 fake.rf 1440.00000000 50528.82921236809981735 1.00000 7 
 fake.rf 1440.00000000 50538.78299082554784860 1.00000 7 
 fake.rf 1440.00000000 50548.80079813705031810 1.00000 7 
 fake.rf 1440.00000000 50558.79722067457079149 1.00000 7 
 fake.rf 1440.00000000 50568.77359531986953201 1.00000 7 
 fake.rf 1440.00000000 50578.70981784272987269 1.00000 7 
 fake.rf 1440.00000000 50588.71539730202347229 1.00000 7 
 fake.rf 1440.00000000 50598.67349418294949714 1.00000 7 
 fake.rf 1440.00000000 50608.58516037496078255 1.00000 7 
 fake.rf 1440.00000000 50618.56355820076454677 1.00000 7 
 fake.rf 1440.00000000 50628.54052791024610158 1.00000 7 
 fake.rf 1440.00000000 50638.56191142534980898 1.00000 7 
 fake.rf 1440.00000000 50648.51184925307193296 1.00000 7 
 fake.rf 1440.00000000 50658.49825773304005594 1.00000 7 
 fake.rf 1440.00000000 50668.43886648389248251 1.00000 7 
 fake.rf 1440.00000000 50678.43220496744478254 1.00000 7 
 fake.rf 1440.00000000 50688.39196828541480144 1.00000 7 
 fake.rf 1440.00000000 50698.37600709779225383 1.00000 7 
 fake.rf 1440.00000000 50708.38972995429051949 1.00000 7 
 fake.rf 1440.00000000 50718.32922912550997907 1.00000 7 
 fake.rf 1440.00000000 50728.26074171994034856 1.00000 7 
 fake.rf 1440.00000000 50738.23352274542724416 1.00000 7 
 fake.rf 1440.00000000 50748.22370650406095649 1.00000 7 
 fake.rf 1440.00000000 50758.23279051880749080 1.00000 7 
 fake.rf 1440.00000000 50768.16763275958500756 1.00000 7 
 fake.rf 1440.00000000 50778.14854141762033279 1.00000 7 
 fake.rf 1440.00000000 50788.14506457793899585 1.00000 7 
 fake.rf 1440.00000000 50798.08994242676092767 1.00000 7 
 fake.rf 1440.00000000 50808.10612872637819848 1.00000 7 
 fake.rf 1440.00000000 50818.05598016718131404 1.00000 7 
 fake.rf 1440.00000000 50827.99201168944805218 1.00000 7 
 fake.rf 1440.00000000 50837.96894676012487224 1.00000 7 
 fake.rf 1440.00000000 50847.98321452467092740 1.00000 7 
 fake.rf 1440.00000000 50857.96435750153960242 1.00000 7 
 fake.rf 1440.00000000 50867.88168618943976185 1.00000 7 
 fake.rf 1440.00000000 50877.89963290934540296 1.00000 7 
 fake.rf 1440.00000000 50887.84430278927228741 1.00000 7 
 fake.rf 1440.00000000 50897.79451519252428682 1.00000 7 
 fake.rf 1440.00000000 50907.79786321652979808 1.00000 7 
 fake.rf 1440.00000000 50917.76483687083724661 1.00000 7 
 fake.rf 1440.00000000 50927.72075154757710891 1.00000 7 
 fake.rf 1440.00000000 50937.72837365330567394 1.00000 7 
 fake.rf 1440.00000000 50947.66070180090363806 1.00000 7 
 fake.rf 1440.00000000 50957.67719189862404860 1.00000 7 
 fake.rf 1440.00000000 50967.61519334597136321 1.00000 7 
 fake.rf 1440.00000000 50977.59876809305701784 1.00000 7 
 fake.rf 1440.00000000 50987.55256752356626393 1.00000 7 
 fake.rf 1440.00000000 50997.56097001244275546 1.00000 7 
 fake.rf 1440.00000000 51007.55588788734034367 1.00000 7 
 fake.rf 1440.00000000 51017.46738128559485403 1.00000 7 
 fake.rf 1440.00000000 51027.44258725073857264 1.00000 7 
 fake.rf 1440.00000000 51037.47965528580515482 1.00000 7 
 fake.rf 1440.00000000 51047.39123406532344873 1.00000 7 
 fake.rf 1440.00000000 51057.38392825894347382 1.00000 7 
 fake.rf 1440.00000000 51067.37405120946770865 1.00000 7 
 fake.rf 1440.00000000 51077.33110981595786626 1.00000 7 
 fake.rf 1440.00000000 51087.33201698845221728 1.00000 7 
 fake.rf 1440.00000000 51097.26263404523942668 1.00000 7 
 fake.rf 1440.00000000 51107.27520844070050998 1.00000 7 
 fake.rf 1440.00000000 51117.23627278050916800 1.00000 7 
 fake.rf 1440.00000000 51127.22737907267296009 1.00000 7 
 fake.rf 1440.00000000 51137.20328912638118624 1.00000 7 
 fake.rf 1440.00000000 51147.16859308356786329 1.00000 7 
 fake.rf 1440.00000000 51157.11793789286125644 1.00000 7 
 fake.rf 1440.00000000 51167.10229550270070931 1.00000 7 
 fake.rf 1440.00000000 51177.09556570839312784 1.00000 7 
 fake.rf 1440.00000000 51187.00682829546764907 1.00000 7 
 fake.rf 1440.00000000 51197.04649333160895708 1.00000 7 
 fake.rf 1440.00000000 51207.01728024087298508 1.00000 7 
 fake.rf 1440.00000000 51216.95919520751463239 1.00000 7 
 fake.rf 1440.00000000 51226.90980504740407753 1.00000 7 
 fake.rf 1440.00000000 51236.86381090227886403 1.00000 7 
 fake.rf 1440.00000000 51246.84065222227850356 1.00000 7 
 fake.rf 1440.00000000 51256.83422786750101707 1.00000 7 
 fake.rf 1440.00000000 51266.83202825412696058 1.00000 7 
 fake.rf 1440.00000000 51276.77417531196334366 1.00000 7 
 fake.rf 1440.00000000 51286.77863000046614061 1.00000 7 
 fake.rf 1440.00000000 51296.75753416077445834 1.00000 7 
 fake.rf 1440.00000000 51306.73538819459866289 1.00000 7 
 fake.rf 1440.00000000 51316.67873161025555007 1.00000 7 
 fake.rf 1440.00000000 51326.67976690906812109 1.00000 7 
 fake.rf 1440.00000000 51336.66013109662845437 1.00000 7 
 fake.rf 1440.00000000 51346.58451357606159959 1.00000 7 
 fake.rf 1440.00000000 51356.60776535920722807 1.00000 7 
 fake.rf 1440.00000000 51366.52479469498205233 1.00000 7 
 fake.rf 1440.00000000 51376.54993780042113727 1.00000 7 
 fake.rf 1440.00000000 51386.47421932315833715 1.00000 7 
 fake.rf 1440.00000000 51396.50279338294522802 1.00000 7 
 fake.rf 1440.00000000 51406.40252463555475870 1.00000 7 
 fake.rf 1440.00000000 51416.45001813883828135 1.00000 7 
 fake.rf 1440.00000000 51426.38362764950105088 1.00000 7 
 fake.rf 1440.00000000 51436.38510269834798905 1.00000 7 
 fake.rf 1440.00000000 51446.35247744083893906 1.00000 7 
 fake.rf 1440.00000000 51456.27869515254092647 1.00000 7 
 fake.rf 1440.00000000 51466.25681942196079177 1.00000 7 
 fake.rf 1440.00000000 51476.23585597930187774 1.00000 7 
 fake.rf 1440.00000000 51486.18264813452100626 1.00000 7 
 fake.rf 1440.00000000 51496.18267269988027479 1.00000 7 
 fake.rf 1440.00000000 51506.14534532939428857 1.00000 7 
 fake.rf 1440.00000000 51516.17356219752151247 1.00000 7 
 fake.rf 1440.00000000 51526.14280600021857381 1.00000 7 
 fake.rf 1440.00000000 51536.08339275969738580 1.00000 7 
 fake.rf 1440.00000000 51546.09291992293168505 1.00000 7 
 fake.rf 1440.00000000 51556.06630932517573029 1.00000 7 
 fake.rf 1440.00000000 51566.02777593722903404 1.00000 7 
 fake.rf 1440.00000000 51575.97907455324214254 1.00000 7 
 fake.rf 1440.00000000 51585.92191555863449537 1.00000 7 
 fake.rf 1440.00000000 51595.91514106978253551 1.00000 7 
 fake.rf 1440.00000000 51605.87264820989939551 1.00000 7 
 fake.rf 1440.00000000 51615.90398069735902808 1.00000 7 
 fake.rf 1440.00000000 51625.86785404126961652 1.00000 7 
 fake.rf 1440.00000000 51635.77036748915189790 1.00000 7 
 fake.rf 1440.00000000 51645.80936861202555832 1.00000 7 
 fake.rf 1440.00000000 51655.72492863911139338 1.00000 7 
 fake.rf 1440.00000000 51665.76133159708881593 1.00000 7 
 fake.rf 1440.00000000 51675.66133301493048080 1.00000 7 
 fake.rf 1440.00000000 51685.71267386509011033 1.00000 7 
 fake.rf 1440.00000000 51695.61732920251214907 1.00000 7 
 fake.rf 1440.00000000 51705.65654247576925329 1.00000 7 
 fake.rf 1440.00000000 51715.63491883034071961 1.00000 7 
 fake.rf 1440.00000000 51725.53103890985615365 1.00000 7 
 fake.rf 1440.00000000 51735.53116589357658839 1.00000 7 
 fake.rf 1440.00000000 51745.53832163785748932 1.00000 7 
 fake.rf 1440.00000000 51755.51245399752850673 1.00000 7 
 fake.rf 1440.00000000 51765.46610313532878322 1.00000 7 
 fake.rf 1440.00000000 51775.39535399235242252 1.00000 7 
 fake.rf 1440.00000000 51785.37582739918550345 1.00000 7 
 fake.rf 1440.00000000 51795.38690625854391314 1.00000 7 
 fake.rf 1440.00000000 51805.34348614642841113 1.00000 7 
 fake.rf 1440.00000000 51815.31393643555568573 1.00000 7 
 fake.rf 1440.00000000 51825.29720323481964428 1.00000 7 
 fake.rf 1440.00000000 51835.25033131559875343 1.00000 7 
 fake.rf 1440.00000000 51845.27200585914979314 1.00000 7 
 fake.rf 1440.00000000 51855.20877098174911524 1.00000 7 
 fake.rf 1440.00000000 51865.16259282294897659 1.00000 7 
 fake.rf 1440.00000000 51875.17303835972055026 1.00000 7 
 fake.rf 1440.00000000 51885.08840627172365245 1.00000 7 
 fake.rf 1440.00000000 51895.09570668290585260 1.00000 7 
 fake.rf 1440.00000000 51905.04334881263817536 1.00000 7 
 fake.rf 1440.00000000 51915.02686152098702266 1.00000 7 
 fake.rf 1440.00000000 51925.00946547148484100 1.00000 7 
 fake.rf 1440.00000000 51935.03161851864021870 1.00000 7 
 fake.rf 1440.00000000 51944.94494907377668014 1.00000 7 
 fake.rf 1440.00000000 51954.91052501628835358 1.00000 7 
 fake.rf 1440.00000000 51964.87554255287195559 1.00000 7 
 fake.rf 1440.00000000 51974.85258034672925120 1.00000 7 
 fake.rf 1440.00000000 51984.82879543677235645 1.00000 7 
 fake.rf 1440.00000000 51994.78912477529578240 1.00000 7 
 fake.rf 1440.00000000 52004.78145559520773844 1.00000 7 
 fake.rf 1440.00000000 52014.74085506349667796 1.00000 7 
 fake.rf 1440.00000000 52024.70686496511460462 1.00000 7 
 fake.rf 1440.00000000 52034.70595354627151252 1.00000 7 
 fake.rf 1440.00000000 52044.69278438213313365 1.00000 7 
 fake.rf 1440.00000000 52054.69325422702502948 1.00000 7 
 fake.rf 1440.00000000 52064.61044626178516737 1.00000 7 
 fake.rf 1440.00000000 52074.57823060763760026 1.00000 7 
 fake.rf 1440.00000000 52084.61858911760787194 1.00000 7 
 fake.rf 1440.00000000 52094.54355873584931658 1.00000 7 
 fake.rf 1440.00000000 52104.54972626745206554 1.00000 7 
 fake.rf 1440.00000000 52114.49063564657216574 1.00000 7 
 fake.rf 1440.00000000 52124.49669317789384237 1.00000 7 
 fake.rf 1440.00000000 52134.43009859195582578 1.00000 7 
 fake.rf 1440.00000000 52144.43477370062340981 1.00000 7 
 fake.rf 1440.00000000 52154.40647677823499606 1.00000 7 
 fake.rf 1440.00000000 52164.38728488715261733 1.00000 7 
 fake.rf 1440.00000000 52174.37308622025259908 1.00000 7 
 fake.rf 1440.00000000 52184.29920595881650769 1.00000 7 
 fake.rf 1440.00000000 52194.30601957409587754 1.00000 7 
 fake.rf 1440.00000000 52204.24309225453325212 1.00000 7 
 fake.rf 1440.00000000 52214.22749176186680131 1.00000 7 
 fake.rf 1440.00000000 52224.16178918378084006 1.00000 7 
 fake.rf 1440.00000000 52234.19210347875419842 1.00000 7 
 fake.rf 1440.00000000 52244.14262706197916941 1.00000 7 
 fake.rf 1440.00000000 52254.10089254835298078 1.00000 7 
 fake.rf 1440.00000000 52264.12408722523024096 1.00000 7 
 fake.rf 1440.00000000 52274.06693267692550364 1.00000 7 
 fake.rf 1440.00000000 52284.02954024106941944 1.00000 7 
 fake.rf 1440.00000000 52293.97292104729122997 1.00000 7 
 fake.rf 1440.00000000 52303.98673346324462941 1.00000 7 
 fake.rf 1440.00000000 52313.96897640788267836 1.00000 7 
 fake.rf 1440.00000000 52323.89906085315522333 1.00000 7 
 fake.rf 1440.00000000 52333.90618746596587840 1.00000 7 
 fake.rf 1440.00000000 52343.91482337977539530 1.00000 7 
 fake.rf 1440.00000000 52353.85904302030277790 1.00000 7 
 fake.rf 1440.00000000 52363.81061056608584536 1.00000 7 
 fake.rf 1440.00000000 52373.76374272554974354 1.00000 7 
 fake.rf 1440.00000000 52383.78638425513979726 1.00000 7 
 fake.rf 1440.00000000 52393.72228130393930812 1.00000 7 
 fake.rf 1440.00000000 52403.71102080900002917 1.00000 7 
 fake.rf 1440.00000000 52413.68380090012584560 1.00000 7 
 fake.rf 1440.00000000 52423.67124499349375455 1.00000 7 
 fake.rf 1440.00000000 52433.61001293860751815 1.00000 7 
 fake.rf 1440.00000000 52443.62683630055054351 1.00000 7 
 fake.rf 1440.00000000 52453.56292635608867414 1.00000 7 
 fake.rf 1440.00000000 52463.58403527541798184 1.00000 7 
 fake.rf 1440.00000000 52473.52563755518802324 1.00000 7 
 fake.rf 1440.00000000 52483.47483329737299229 1.00000 7 
 fake.rf 1440.00000000 52493.44936628811725754 1.00000 7 
 fake.rf 1440.00000000 52503.42508658082660133 1.00000 7 
 fake.rf 1440.00000000 52513.42199264702866301 1.00000 7 
 fake.rf 1440.00000000 52523.40822943341411388 1.00000 7 
 fake.rf 1440.00000000 52533.34555139796922063 1.00000 7 
 fake.rf 1440.00000000 52543.31674271932403286 1.00000 7 
 fake.rf 1440.00000000 52553.28080750471985993 1.00000 7 
 fake.rf 1440.00000000 52563.28703274826571601 1.00000 7 
 fake.rf 1440.00000000 52573.22538973698333820 1.00000 7 
 fake.rf 1440.00000000 52583.24293755750264623 1.00000 7 
 fake.rf 1440.00000000 52593.15574144173551474 1.00000 7 
 fake.rf 1440.00000000 52603.14811696171585709 1.00000 7 
 fake.rf 1440.00000000 52613.12344805813671655 1.00000 7 
 fake.rf 1440.00000000 52623.12913243301148469 1.00000 7 
 fake.rf 1440.00000000 52633.07889679185991483 1.00000 7 
 fake.rf 1440.00000000 52643.08865901118106834 1.00000 7 
 fake.rf 1440.00000000 52653.04695018260559891 1.00000 7 
 fake.rf 1440.00000000 52662.96823859065889195 1.00000 7 
 fake.rf 1440.00000000 52672.95687251842465670 1.00000 7 
 fake.rf 1440.00000000 52682.97893354683998623 1.00000 7 
 fake.rf 1440.00000000 52692.95016790898850445 1.00000 7 
 fake.rf 1440.00000000 52702.90200316626590293 1.00000 7 
 fake.rf 1440.00000000 52712.85677468427958559 1.00000 7 
 fake.rf 1440.00000000 52722.82809362208852022 1.00000 7 
 fake.rf 1440.00000000 52732.79467722817177489 1.00000 7 
 fake.rf 1440.00000000 52742.79885444538809480 1.00000 7 
 fake.rf 1440.00000000 52752.73096764407780768 1.00000 7 
 fake.rf 1440.00000000 52762.74427903706281739 1.00000 7 
 fake.rf 1440.00000000 52772.71353613855990261 1.00000 7 
 fake.rf 1440.00000000 52782.69788935121776774 1.00000 7 
 fake.rf 1440.00000000 52792.60436740944135892 1.00000 7 
 fake.rf 1440.00000000 52802.65879510504004557 1.00000 7 
 fake.rf 1440.00000000 52812.56283969403899548 1.00000 7 
 fake.rf 1440.00000000 52822.57686128927507241 1.00000 7 
 fake.rf 1440.00000000 52832.56149686550226008 1.00000 7 
 fake.rf 1440.00000000 52842.51350124943929742 1.00000 7 
 fake.rf 1440.00000000 52852.44268525266867087 1.00000 7 
 fake.rf 1440.00000000 52862.41868968499654002 1.00000 7 
 fake.rf 1440.00000000 52872.40422371130317813 1.00000 7 
 fake.rf 1440.00000000 52882.38240239245625673 1.00000 7 
 fake.rf 1440.00000000 52892.40325907780424686 1.00000 7 
 fake.rf 1440.00000000 52902.32890117018084197 1.00000 7 
 fake.rf 1440.00000000 52912.32675955878450935 1.00000 7 
 fake.rf 1440.00000000 52922.26691846049541468 1.00000 7 
 fake.rf 1440.00000000 52932.22554935795237085 1.00000 7 
 fake.rf 1440.00000000 52942.20047656622047683 1.00000 7 
 fake.rf 1440.00000000 52952.17770185998755750 1.00000 7 
 fake.rf 1440.00000000 52962.20526154226986648 1.00000 7 
 fake.rf 1440.00000000 52972.12878154201913006 1.00000 7 
 fake.rf 1440.00000000 52982.12194505731496008 1.00000 7 
 fake.rf 1440.00000000 52992.11553695572471057 1.00000 7 
 fake.rf 1440.00000000 53002.03759562352425760 1.00000 7 
 fake.rf 1440.00000000 53012.00989862885822745 1.00000 7 
 fake.rf 1440.00000000 53021.98556631140644768 1.00000 7 
 fake.rf 1440.00000000 53031.98958158401859819 1.00000 7 
 fake.rf 1440.00000000 53041.95577267545049693 1.00000 7 
 fake.rf 1440.00000000 53051.96292195320808460 1.00000 7 
 fake.rf 1440.00000000 53061.92635461341386716 1.00000 7 
 fake.rf 1440.00000000 53071.84982804245366239 1.00000 7 
 fake.rf 1440.00000000 53081.85353872706426870 1.00000 7 
 fake.rf 1440.00000000 53091.82862903646858399 1.00000 7 
 fake.rf 1440.00000000 53101.76921805898670570 1.00000 7 
 fake.rf 1440.00000000 53111.77132748222469161 1.00000 7 
 fake.rf 1440.00000000 53121.76110024373841156 1.00000 7 
 fake.rf 1440.00000000 53131.74301524200843261 1.00000 7 
 fake.rf 1440.00000000 53141.67373113319418465 1.00000 7 
 fake.rf 1440.00000000 53151.64281247351690496 1.00000 7 
 fake.rf 1440.00000000 53161.66454905869911940 1.00000 7 
 fake.rf 1440.00000000 53171.59857380961815565 1.00000 7 
 fake.rf 1440.00000000 53181.58049343422256072 1.00000 7 
 fake.rf 1440.00000000 53191.52437983968354374 1.00000 7 
 fake.rf 1440.00000000 53201.50656568120665924 1.00000 7 
 fake.rf 1440.00000000 53211.52476493049259432 1.00000 7 
 fake.rf 1440.00000000 53221.49381409716453462 1.00000 7 
 fake.rf 1440.00000000 53231.44346318329014522 1.00000 7 
 fake.rf 1440.00000000 53241.44759764763465881 1.00000 7 
 fake.rf 1440.00000000 53251.41887834272468893 1.00000 7 
 fake.rf 1440.00000000 53261.37305705859798977 1.00000 7 
 fake.rf 1440.00000000 53271.34872239629387281 1.00000 7 
 fake.rf 1440.00000000 53281.27082738603766643 1.00000 7 
 fake.rf 1440.00000000 53291.24547392313226624 1.00000 7 
 fake.rf 1440.00000000 53301.24203539395912799 1.00000 7 
 fake.rf 1440.00000000 53311.19683662230011123 1.00000 7 
 fake.rf 1440.00000000 53321.17109060437348234 1.00000 7 
 fake.rf 1440.00000000 53331.17062412241529401 1.00000 7 
 fake.rf 1440.00000000 53341.15674492013526731 1.00000 7 
 fake.rf 1440.00000000 53351.12449440625401920 1.00000 7 
 fake.rf 1440.00000000 53361.07514798864019312 1.00000 7 
 fake.rf 1440.00000000 53371.05200605484904841 1.00000 7 
 fake.rf 1440.00000000 53381.05386645927148237 1.00000 7 
 fake.rf 1440.00000000 53391.03553511609930382 1.00000 7 
 fake.rf 1440.00000000 53401.01478779912215700 1.00000 7 
 fake.rf 1440.00000000 53410.98454161158731424 1.00000 7 
 fake.rf 1440.00000000 53420.91229060475784252 1.00000 7 
 fake.rf 1440.00000000 53430.90862046009084807 1.00000 7 
 fake.rf 1440.00000000 53440.88759356277427415 1.00000 7 
 fake.rf 1440.00000000 53450.85669612127108152 1.00000 7 
 fake.rf 1440.00000000 53460.84941163206608294 1.00000 7 
 fake.rf 1440.00000000 53470.79409226357472562 1.00000 7 
 fake.rf 1440.00000000 53480.72452413205800426 1.00000 7 
 fake.rf 1440.00000000 53490.72646340840072554 1.00000 7 
 fake.rf 1440.00000000 53500.72566821476816301 1.00000 7 
 fake.rf 1440.00000000 53510.66559000681045077 1.00000 7 
 fake.rf 1440.00000000 53520.62969985886990543 1.00000 7 
 fake.rf 1440.00000000 53530.62525809964277101 1.00000 7 
 fake.rf 1440.00000000 53540.62546667527432831 1.00000 7 
 fake.rf 1440.00000000 53550.53768193429134570 1.00000 7 
 fake.rf 1440.00000000 53560.53182511101752539 1.00000 7 
 fake.rf 1440.00000000 53570.51351677219609115 1.00000 7 
 fake.rf 1440.00000000 53580.51203501177729649 1.00000 7 
 fake.rf 1440.00000000 53590.45558755184343624 1.00000 7 
 fake.rf 1440.00000000 53600.43923003716894371 1.00000 7 
 fake.rf 1440.00000000 53610.37828069261342989 1.00000 7 
 fake.rf 1440.00000000 53620.38727227605676973 1.00000 7 
 fake.rf 1440.00000000 53630.37247304122281832 1.00000 7 
 fake.rf 1440.00000000 53640.33836156033371978 1.00000 7 
 fake.rf 1440.00000000 53650.27744493364487255 1.00000 7 
 fake.rf 1440.00000000 53660.25769941651182648 1.00000 7 
