FORMAT 1
MODE 1
 fake.rf 1440.00000000 50000.26143011473985212 1.00000 7 
 fake.rf 1440.00000000 50010.27127616275266675 1.00000 7 
 fake.rf 1440.00000000 50020.21157883696486479 1.00000 7 
 fake.rf 1440.00000000 50030.18299609884466150 1.00000 7 
 fake.rf 1440.00000000 50040.14625780422722201 1.00000 7 
 fake.rf 1440.00000000 50050.17846147890156772 1.00000 7 
 fake.rf 1440.00000000 50060.13968452027250677 1.00000 7 
 fake.rf 1440.00000000 50070.07629627690439023 1.00000 7 
 fake.rf 1440.00000000 50080.08986321223707705 1.00000 7 
 fake.rf 1440.00000000 50090.03954259787504100 1.00000 7 
 fake.rf 1440.00000000 50100.01861932630622931 1.00000 7 
 fake.rf 1440.00000000 50109.97869216742263987 1.00000 7 
 fake.rf 1440.00000000 50119.97339505261783899 1.00000 7 
 fake.rf 1440.00000000 50129.93370600766979095 1.00000 7 
 fake.rf 1440.00000000 50139.86983261632463282 1.00000 7 
 fake.rf 1440.00000000 50149.84553119092826989 1.00000 7 
 fake.rf 1440.00000000 50159.84160043238945903 1.00000 7 
 fake.rf 1440.00000000 50169.80749736006334771 1.00000 7 
 fake.rf 1440.00000000 50179.82816755350174986 1.00000 7 
 fake.rf 1440.00000000 50189.76208268432916526 1.00000 7 
 fake.rf 1440.00000000 50199.78400073122316982 1.00000 7 
 fake.rf 1440.00000000 50209.73781420220256777 1.00000 7 
 fake.rf 1440.00000000 50219.71931446555134571 1.00000 7 
 fake.rf 1440.00000000 50229.63643134632350495 1.00000 7 
 fake.rf 1440.00000000 50239.66308514892618931 1.00000 7 
 fake.rf 1440.00000000 50249.61542537357174965 1.00000 7 
 fake.rf 1440.00000000 50259.61071722312514609 1.00000 7 
 fake.rf 1440.00000000 50269.58516135951270698 1.00000 7 
 fake.rf 1440.00000000 50279.48368070599681801 1.00000 7 
 fake.rf 1440.00000000 50289.52143202213764184 1.00000 7 
 fake.rf 1440.00000000 50299.46957139017393601 1.00000 7 
 fake.rf 1440.00000000 50309.41508538894341385 1.00000 7 
 fake.rf 1440.00000000 50319.40665378429963184 1.00000 7 
 fake.rf 1440.00000000 50329.40573346410227984 1.00000 7 
 fake.rf 1440.00000000 50339.34996908920932057 1.00000 7 
 fake.rf 1440.00000000 50349.33210351501833557 1.00000 7 
 fake.rf 1440.00000000 50359.30735782903980891 1.00000 7 
 fake.rf 1440.00000000 50369.24012086078333894 1.00000 7 
 fake.rf 1440.00000000 50379.26950470819865657 1.00000 7 
 fake.rf 1440.00000000 50389.20229695333030051 1.00000 7 
 fake.rf 1440.00000000 50399.19537700585205897 1.00000 7 
 fake.rf 1440.00000000 50409.14780861935476253 1.00000 7 
 fake.rf 1440.00000000 50419.15131136110729315 1.00000 7 
 fake.rf 1440.00000000 50429.08306528770708965 1.00000 7 
 fake.rf 1440.00000000 50439.10644553147922409 1.00000 7 
 fake.rf 1440.00000000 50449.07337924000030682 1.00000 7 
 fake.rf 1440.00000000 50459.00813606115154286 1.00000 7 
 fake.rf 1440.00000000 50468.97155657512278282 1.00000 7 
 fake.rf 1440.00000000 50479.01502481143785772 1.00000 7 
 fake.rf 1440.00000000 50488.91442283402371771 1.00000 7 
 fake.rf 1440.00000000 50498.92239613074577420 1.00000 7 
 fake.rf 1440.00000000 50508.93175342934460303 1.00000 7 
 fake.rf 1440.00000000 50518.89560262306134675 1.00000 7 
 fake.rf 1440.00000000 50528.82904717643453552 1.00000 7 
 fake.rf 1440.00000000 50538.78282570366147297 1.00000 7 
 fake.rf 1440.00000000 50548.80063300145202376 1.00000 7 
 fake.rf 1440.00000000 50558.79705548726084885 1.00000 7 
 fake.rf 1440.00000000 50568.77343015613894295 1.00000 7 
 fake.rf 1440.00000000 50578.70965261117291689 1.00000 7 
 fake.rf 1440.00000000 50588.71523211771270212 1.00000 7 
 fake.rf 1440.00000000 50598.67332911605423362 1.00000 7 
 fake.rf 1440.00000000 50608.58499523515910923 1.00000 7 
 fake.rf 1440.00000000 50618.56339310817735822 1.00000 7 
 fake.rf 1440.00000000 50628.54036276544532669 1.00000 7 
 fake.rf 1440.00000000 50638.56174628278130712 1.00000 7 
 fake.rf 1440.00000000 50648.51168408114514108 1.00000 7 
 fake.rf 1440.00000000 50658.49809251510353647 1.00000 7 
 fake.rf 1440.00000000 50668.43870137145462706 1.00000 7 
 fake.rf 1440.00000000 50678.43203981195816965 1.00000 7 
 fake.rf 1440.00000000 50688.39180313469508476 1.00000 7 
 fake.rf 1440.00000000 50698.37584189288683945 1.00000 7 
 fake.rf 1440.00000000 50708.38956474204024971 1.00000 7 
 fake.rf 1440.00000000 50718.32906396781965341 1.00000 7 
 fake.rf 1440.00000000 50728.26057651330987497 1.00000 7 
 fake.rf 1440.00000000 50738.23335760063937272 1.00000 7 
 fake.rf 1440.00000000 50748.22354141674593464 1.00000 7 
 fake.rf 1440.00000000 50758.23262530043714591 1.00000 7 
 fake.rf 1440.00000000 50768.16746759235711650 1.00000 7 
 fake.rf 1440.00000000 50778.14837620990754630 1.00000 7 
 fake.rf 1440.00000000 50788.14489938410415704 1.00000 7 
 fake.rf 1440.00000000 50798.08977732075221923 1.00000 7 
 fake.rf 1440.00000000 50808.10596357692146796 1.00000 7 
 fake.rf 1440.00000000 50818.05581503699573531 1.00000 7 
 fake.rf 1440.00000000 50827.99184651199781371 1.00000 7 
 fake.rf 1440.00000000 50837.96878168915699092 1.00000 7 
 fake.rf 1440.00000000 50847.98304935403080052 1.00000 7 
 fake.rf 1440.00000000 50857.96419241455729221 1.00000 7 
 fake.rf 1440.00000000 50867.88152107726832796 1.00000 7 
 fake.rf 1440.00000000 50877.89946776876643852 1.00000 7 
 fake.rf 1440.00000000 50887.84413761857626923 1.00000 7 
 fake.rf 1440.00000000 50897.79435009884093333 1.00000 7 
 fake.rf 1440.00000000 50907.79769808755513338 1.00000 7 
 fake.rf 1440.00000000 50917.76467177593219304 1.00000 7 
 fake.rf 1440.00000000 50927.72058640084511083 1.00000 7 
 fake.rf 1440.00000000 50937.72820846071747525 1.00000 7 
 fake.rf 1440.00000000 50947.66053664030251369 1.00000 7 
 fake.rf 1440.00000000 50957.67702669557046846 1.00000 7 
 fake.rf 1440.00000000 50967.61502817680542066 1.00000 7 
 fake.rf 1440.00000000 50977.59860287832182735 1.00000 7 
 fake.rf 1440.00000000 50987.55240242501028192 1.00000 7 
 fake.rf 1440.00000000 50997.56080490187000365 1.00000 7 
 fake.rf 1440.00000000 51007.55572268310843498 1.00000 7 
 fake.rf 1440.00000000 51017.46721607125686049 1.00000 7 
 fake.rf 1440.00000000 51027.44242208361544400 1.00000 7 
 fake.rf 1440.00000000 51037.47949009076729610 1.00000 7 
 fake.rf 1440.00000000 51047.39106891912747699 1.00000 7 
 fake.rf 1440.00000000 51057.38376304937427008 1.00000 7 
 fake.rf 1440.00000000 51067.37388596424782250 1.00000 7 
 fake.rf 1440.00000000 51077.33094472781005635 1.00000 7 
 fake.rf 1440.00000000 51087.33185181305636391 1.00000 7 
 fake.rf 1440.00000000 51097.26246893801031135 1.00000 7 
 fake.rf 1440.00000000 51107.27504326345782104 1.00000 7 
 fake.rf 1440.00000000 51117.23610762699779286 1.00000 7 
 fake.rf 1440.00000000 51127.22721389947346893 1.00000 7 
 fake.rf 1440.00000000 51137.20312401211514697 1.00000 7 
 fake.rf 1440.00000000 51147.16842789156687132 1.00000 7 
 fake.rf 1440.00000000 51157.11777281144352969 1.00000 7 
 fake.rf 1440.00000000 51167.10213034302805823 1.00000 7 
 fake.rf 1440.00000000 51177.09540049646759741 1.00000 7 
 fake.rf 1440.00000000 51187.00666309958442568 1.00000 7 
 fake.rf 1440.00000000 51197.04632817568781533 1.00000 7 
 fake.rf 1440.00000000 51207.01711515366694982 1.00000 7 
 fake.rf 1440.00000000 51216.95903009585929411 1.00000 7 
 fake.rf 1440.00000000 51226.90963982783461717 1.00000 7 
 fake.rf 1440.00000000 51236.86364579070703940 1.00000 7 
 fake.rf 1440.00000000 51246.84048712638772116 1.00000 7 
 fake.rf 1440.00000000 51256.83406267354241592 1.00000 7 
 fake.rf 1440.00000000 51266.83186307410360882 1.00000 7 
 fake.rf 1440.00000000 51276.77401018047484982 1.00000 7 
 fake.rf 1440.00000000 51286.77846482804488915 1.00000 7 
 fake.rf 1440.00000000 51296.75736905788044595 1.00000 7 
 fake.rf 1440.00000000 51306.73522297961246963 1.00000 7 
 fake.rf 1440.00000000 51316.67856640141556568 1.00000 7 
 fake.rf 1440.00000000 51326.67960172117916429 1.00000 7 
 fake.rf 1440.00000000 51336.65996594120879593 1.00000 7 
 fake.rf 1440.00000000 51346.58434837606741752 1.00000 7 
 fake.rf 1440.00000000 51356.60760018026212137 1.00000 7 
 fake.rf 1440.00000000 51366.52462957813176203 1.00000 7 
 fake.rf 1440.00000000 51376.54977259700234882 1.00000 7 
 fake.rf 1440.00000000 51386.47405416162883185 1.00000 7 
 fake.rf 1440.00000000 51396.50262829314402779 1.00000 7 
 fake.rf 1440.00000000 51406.40235943224603687 1.00000 7 
 fake.rf 1440.00000000 51416.44985300826715147 1.00000 7 
 fake.rf 1440.00000000 51426.38346248772743508 1.00000 7 
 fake.rf 1440.00000000 51436.38493753799437513 1.00000 7 
 fake.rf 1440.00000000 51446.35231223157506264 1.00000 7 
 fake.rf 1440.00000000 51456.27852991711355202 1.00000 7 
 fake.rf 1440.00000000 51466.25665424558202332 1.00000 7 
 fake.rf 1440.00000000 51476.23569079182134800 1.00000 7 
 fake.rf 1440.00000000 51486.18248299861057760 1.00000 7 
 fake.rf 1440.00000000 51496.18250758185203608 1.00000 7 
 fake.rf 1440.00000000 51506.14518020895312134 1.00000 7 
 fake.rf 1440.00000000 51516.17339705682618600 1.00000 7 
 fake.rf 1440.00000000 51526.14264090121360695 1.00000 7 
 fake.rf 1440.00000000 51536.08322762230434577 1.00000 7 
 fake.rf 1440.00000000 51546.09275477654727737 1.00000 7 
 fake.rf 1440.00000000 51556.06614424082865966 1.00000 7 
 fake.rf 1440.00000000 51566.02761085015309561 1.00000 7 
 fake.rf 1440.00000000 51575.97890938634301961 1.00000 7 
 fake.rf 1440.00000000 51585.92175034293509839 1.00000 7 
 fake.rf 1440.00000000 51595.91497587337067898 1.00000 7 
 fake.rf 1440.00000000 51605.87248303990778098 1.00000 7 
 fake.rf 1440.00000000 51615.90381552209338878 1.00000 7 
 fake.rf 1440.00000000 51625.86768886237419807 1.00000 7 
 fake.rf 1440.00000000 51635.77020231566738673 1.00000 7 
 fake.rf 1440.00000000 51645.80920338887561627 1.00000 7 
 fake.rf 1440.00000000 51655.72476346406940451 1.00000 7 
 fake.rf 1440.00000000 51665.76116638905408252 1.00000 7 
 fake.rf 1440.00000000 51675.66116784984123811 1.00000 7 
 fake.rf 1440.00000000 51685.71250863930980657 1.00000 7 
 fake.rf 1440.00000000 51695.61716411937856108 1.00000 7 
 fake.rf 1440.00000000 51705.65637739109217463 1.00000 7 
 fake.rf 1440.00000000 51715.63475365879992296 1.00000 7 
 fake.rf 1440.00000000 51725.53087366927937296 1.00000 7 
 fake.rf 1440.00000000 51735.53100077705777338 1.00000 7 
 fake.rf 1440.00000000 51745.53815640203203685 1.00000 7 
 fake.rf 1440.00000000 51755.51228881256725955 1.00000 7 
 fake.rf 1440.00000000 51765.46593792130774503 1.00000 7 
 fake.rf 1440.00000000 51775.39518887684555182 1.00000 7 
 fake.rf 1440.00000000 51785.37566218097566662 1.00000 7 
 fake.rf 1440.00000000 51795.38674117330760183 1.00000 7 
 fake.rf 1440.00000000 51805.34332102861661085 1.00000 7 
 fake.rf 1440.00000000 51815.31377126801287503 1.00000 7 
 fake.rf 1440.00000000 51825.29703812393436024 1.00000 7 
 fake.rf 1440.00000000 51835.25016617443035116 1.00000 7 
 fake.rf 1440.00000000 51845.27184078417029411 1.00000 7 
 fake.rf 1440.00000000 51855.20860578418507103 1.00000 7 
 fake.rf 1440.00000000 51865.16242764323144954 1.00000 7 
 fake.rf 1440.00000000 51875.17287318438996380 1.00000 7 
 fake.rf 1440.00000000 51885.08824108341455172 1.00000 7 
 fake.rf 1440.00000000 51895.09554150012853668 1.00000 7 
 fake.rf 1440.00000000 51905.04318362907209305 1.00000 7 
 fake.rf 1440.00000000 51915.02669635637210988 1.00000 7 
 fake.rf 1440.00000000 51925.00930027735982364 1.00000 7 
 fake.rf 1440.00000000 51935.03145336223762740 1.00000 7 
 fake.rf 1440.00000000 51944.94478385631221684 1.00000 7 
 fake.rf 1440.00000000 51954.91035989482646329 1.00000 7 
 fake.rf 1440.00000000 51964.87537740976651079 1.00000 7 
 fake.rf 1440.00000000 51974.85241517353558294 1.00000 7 
 fake.rf 1440.00000000 51984.82863030959918405 1.00000 7 
 fake.rf 1440.00000000 51994.78895959259659776 1.00000 7 
 fake.rf 1440.00000000 52004.78129050119550669 1.00000 7 
 fake.rf 1440.00000000 52014.74068991120019234 1.00000 7 
 fake.rf 1440.00000000 52024.70669979388245707 1.00000 7 
 fake.rf 1440.00000000 52034.70578842852534507 1.00000 7 
 fake.rf 1440.00000000 52044.69261921679679972 1.00000 7 
 fake.rf 1440.00000000 52054.69308911224242564 1.00000 7 
 fake.rf 1440.00000000 52064.61028114600170369 1.00000 7 
 fake.rf 1440.00000000 52074.57806538422286735 1.00000 7 
 fake.rf 1440.00000000 52084.61842390699555594 1.00000 7 
 fake.rf 1440.00000000 52094.54339354579884258 1.00000 7 
 fake.rf 1440.00000000 52104.54956112482600261 1.00000 7 
 fake.rf 1440.00000000 52114.49047046463327248 1.00000 7 
 fake.rf 1440.00000000 52124.49652805091678687 1.00000 7 
 fake.rf 1440.00000000 52134.42993343271607642 1.00000 7 
 fake.rf 1440.00000000 52144.43460852877763756 1.00000 7 
 fake.rf 1440.00000000 52154.40631168884032220 1.00000 7 
 fake.rf 1440.00000000 52164.38711978280743153 1.00000 7 
 fake.rf 1440.00000000 52174.37292104672489401 1.00000 7 
 fake.rf 1440.00000000 52184.29904075059543089 1.00000 7 
 fake.rf 1440.00000000 52194.30585440345929982 1.00000 7 
 fake.rf 1440.00000000 52204.24292712998140331 1.00000 7 
 fake.rf 1440.00000000 52214.22732661295756174 1.00000 7 
 fake.rf 1440.00000000 52224.16162397349877722 1.00000 7 
 fake.rf 1440.00000000 52234.19193826154224425 1.00000 7 
 fake.rf 1440.00000000 52244.14246187077101169 1.00000 7 
 fake.rf 1440.00000000 52254.10072738520797841 1.00000 7 
 fake.rf 1440.00000000 52264.12392208632922319 1.00000 7 
 fake.rf 1440.00000000 52274.06676748821687539 1.00000 7 
 fake.rf 1440.00000000 52284.02937511052223840 1.00000 7 
 fake.rf 1440.00000000 52293.97275594506119134 1.00000 7 
 fake.rf 1440.00000000 52303.98656831489779506 1.00000 7 
 fake.rf 1440.00000000 52313.96881120677445054 1.00000 7 
 fake.rf 1440.00000000 52323.89889573494739494 1.00000 7 
 fake.rf 1440.00000000 52333.90602232737726851 1.00000 7 
 fake.rf 1440.00000000 52343.91465816091582752 1.00000 7 
 fake.rf 1440.00000000 52353.85887786800422461 1.00000 7 
 fake.rf 1440.00000000 52363.81044535630146797 1.00000 7 
 fake.rf 1440.00000000 52373.76357749117979878 1.00000 7 
 fake.rf 1440.00000000 52383.78621914564882189 1.00000 7 
 fake.rf 1440.00000000 52393.72211612493184063 1.00000 7 
 fake.rf 1440.00000000 52403.71085560332290498 1.00000 7 
 fake.rf 1440.00000000 52413.68363578709781336 1.00000 7 
 fake.rf 1440.00000000 52423.67107981599573918 1.00000 7 
 fake.rf 1440.00000000 52433.60984784217443533 1.00000 7 
 fake.rf 1440.00000000 52443.62667115674156904 1.00000 7 
 fake.rf 1440.00000000 52453.56276123560404301 1.00000 7 
 fake.rf 1440.00000000 52463.58387007885902875 1.00000 7 
 fake.rf 1440.00000000 52473.52547246255156566 1.00000 7 
 fake.rf 1440.00000000 52483.47466814669201796 1.00000 7 
 fake.rf 1440.00000000 52493.44920106488451239 1.00000 7 
 fake.rf 1440.00000000 52503.42492145150432137 1.00000 7 
 fake.rf 1440.00000000 52513.42182745092749840 1.00000 7 
 fake.rf 1440.00000000 52523.40806425085056475 1.00000 7 
 fake.rf 1440.00000000 52533.34538628482578915 1.00000 7 
 fake.rf 1440.00000000 52543.31657762940401213 1.00000 7 
 fake.rf 1440.00000000 52553.28064234794333132 1.00000 7 
 fake.rf 1440.00000000 52563.28686757676308972 1.00000 7 
 fake.rf 1440.00000000 52573.22522459647154847 1.00000 7 
 fake.rf 1440.00000000 52583.24277237078828406 1.00000 7 
 fake.rf 1440.00000000 52593.15557625811594633 1.00000 7 
 fake.rf 1440.00000000 52603.14795172816384294 1.00000 7 
 fake.rf 1440.00000000 52613.12328294567891618 1.00000 7 
 fake.rf 1440.00000000 52623.12896731089524849 1.00000 7 
 fake.rf 1440.00000000 52633.07873169549473147 1.00000 7 
 fake.rf 1440.00000000 52643.08849381496405329 1.00000 7 
 fake.rf 1440.00000000 52653.04678504946071627 1.00000 7 
 fake.rf 1440.00000000 52662.96807344760920699 1.00000 7 
 fake.rf 1440.00000000 52672.95670737328992317 1.00000 7 
 fake.rf 1440.00000000 52682.97876843706271544 1.00000 7 
 fake.rf 1440.00000000 52692.95000281502309747 1.00000 7 
 fake.rf 1440.00000000 52702.90183805119025351 1.00000 7 
 fake.rf 1440.00000000 52712.85660959412329873 1.00000 7 
 fake.rf 1440.00000000 52722.82792851775091236 1.00000 7 
 fake.rf 1440.00000000 52732.79451206106510597 1.00000 7 
 fake.rf 1440.00000000 52742.79868931673066967 1.00000 7 
 fake.rf 1440.00000000 52752.73080251338812374 1.00000 7 
 fake.rf 1440.00000000 52762.74411383985237478 1.00000 7 
 fake.rf 1440.00000000 52772.71337096136306499 1.00000 7 
 fake.rf 1440.00000000 52782.69772421470024071 1.00000 7 
 fake.rf 1440.00000000 52792.60420220554136250 1.00000 7 
 fake.rf 1440.00000000 52802.65862989778429437 1.00000 7 
 fake.rf 1440.00000000 52812.56267452632643966 1.00000 7 
 fake.rf 1440.00000000 52822.57669621372926017 1.00000 7 
 fake.rf 1440.00000000 52832.56133171115933322 1.00000 7 
 fake.rf 1440.00000000 52842.51333602762434793 1.00000 7 
 fake.rf 1440.00000000 52852.44252002901015075 1.00000 7 
 fake.rf 1440.00000000 52862.41852459930791142 1.00000 7 
 fake.rf 1440.00000000 52872.40405850744078009 1.00000 7 
 fake.rf 1440.00000000 52882.38223719453652549 1.00000 7 
 fake.rf 1440.00000000 52892.40309384195455777 1.00000 7 
 fake.rf 1440.00000000 52902.32873599037765544 1.00000 7 
 fake.rf 1440.00000000 52912.32659447267194963 1.00000 7 
 fake.rf 1440.00000000 52922.26675334308969312 1.00000 7 
 fake.rf 1440.00000000 52932.22538417250652998 1.00000 7 
 fake.rf 1440.00000000 52942.20031138958946570 1.00000 7 
 fake.rf 1440.00000000 52952.17753669119944959 1.00000 7 
 fake.rf 1440.00000000 52962.20509645871686288 1.00000 7 
 fake.rf 1440.00000000 52972.12861638127993658 1.00000 7 
 fake.rf 1440.00000000 52982.12177994726831542 1.00000 7 
 fake.rf 1440.00000000 52992.11537177044830216 1.00000 7 
 fake.rf 1440.00000000 53002.03743042227898741 1.00000 7 
 fake.rf 1440.00000000 53012.00973353667258081 1.00000 7 
 fake.rf 1440.00000000 53021.98540121524704460 1.00000 7 
 fake.rf 1440.00000000 53031.98941646476803768 1.00000 7 
 fake.rf 1440.00000000 53041.95560748565021925 1.00000 7 
 fake.rf 1440.00000000 53051.96275671241033223 1.00000 7 
 fake.rf 1440.00000000 53061.92618951724153575 1.00000 7 
 fake.rf 1440.00000000 53071.84966287277628538 1.00000 7 
 fake.rf 1440.00000000 53081.85337356176060197 1.00000 7 
 fake.rf 1440.00000000 53091.82846392629840437 1.00000 7 
 fake.rf 1440.00000000 53101.76905293724811941 1.00000 7 
 fake.rf 1440.00000000 53111.77116234116174809 1.00000 7 
 fake.rf 1440.00000000 53121.76093501180091749 1.00000 7 
 fake.rf 1440.00000000 53131.74285002439872372 1.00000 7 
 fake.rf 1440.00000000 53141.67356592750273592 1.00000 7 
 fake.rf 1440.00000000 53151.64264728196143039 1.00000 7 
 fake.rf 1440.00000000 53161.66438394263452594 1.00000 7 
 fake.rf 1440.00000000 53171.59840870411101932 1.00000 7 
 fake.rf 1440.00000000 53181.58032833296050157 1.00000 7 
 fake.rf 1440.00000000 53191.52421464342501523 1.00000 7 
 fake.rf 1440.00000000 53201.50640048111510794 1.00000 7 
 fake.rf 1440.00000000 53211.52459983295802104 1.00000 7 
 fake.rf 1440.00000000 53221.49364901986943366 1.00000 7 
 fake.rf 1440.00000000 53231.44329801331485896 1.00000 7 
 fake.rf 1440.00000000 53241.44743255708817387 1.00000 7 
 fake.rf 1440.00000000 53251.41871323745438715 1.00000 7 
 fake.rf 1440.00000000 53261.37289191476074990 1.00000 7 
 fake.rf 1440.00000000 53271.34855719851733014 1.00000 7 
 fake.rf 1440.00000000 53281.27066217614255805 1.00000 7 
 fake.rf 1440.00000000 53291.24530872510662149 1.00000 7 
 fake.rf 1440.00000000 53301.24187018332809274 1.00000 7 
 fake.rf 1440.00000000 53311.19667148020574388 1.00000 7 
 fake.rf 1440.00000000 53321.17092551254332022 1.00000 7 
 fake.rf 1440.00000000 53331.17045894240591863 1.00000 7 
 fake.rf 1440.00000000 53341.15657983895838967 1.00000 7 
 fake.rf 1440.00000000 53351.12432920307898954 1.00000 7 
 fake.rf 1440.00000000 53361.07498286194955739 1.00000 7 
 fake.rf 1440.00000000 53371.05184088154300781 1.00000 7 
 fake.rf 1440.00000000 53381.05370127115573453 1.00000 7 
 fake.rf 1440.00000000 53391.03536997768721051 1.00000 7 
 fake.rf 1440.00000000 53401.01462272443187018 1.00000 7 
 fake.rf 1440.00000000 53410.98437645997861978 1.00000 7 
 fake.rf 1440.00000000 53420.91212552510677369 1.00000 7 
 fake.rf 1440.00000000 53430.90845526417700384 1.00000 7 
 fake.rf 1440.00000000 53440.88742835629788530 1.00000 7 
 fake.rf 1440.00000000 53450.85653096526034744 1.00000 7 
 fake.rf 1440.00000000 53460.84924643585603476 1.00000 7 
 fake.rf 1440.00000000 53470.79392714226773720 1.00000 7 
 fake.rf 1440.00000000 53480.72435889955526278 1.00000 7 
 fake.rf 1440.00000000 53490.72629827755743293 1.00000 7 
 fake.rf 1440.00000000 53500.72550301545997442 1.00000 7 
 fake.rf 1440.00000000 53510.66542492268098741 1.00000 7 
 fake.rf 1440.00000000 53520.62953462856216191 1.00000 7 
 fake.rf 1440.00000000 53530.62509289043444483 1.00000 7 
 fake.rf 1440.00000000 53540.62530147090894772 1.00000 7 
 fake.rf 1440.00000000 53550.53751673423866464 1.00000 7 
 fake.rf 1440.00000000 53560.53166001731563739 1.00000 7 
 fake.rf 1440.00000000 53570.51335156042124552 1.00000 7 
 fake.rf 1440.00000000 53580.51186983057120017 1.00000 7 
 fake.rf 1440.00000000 53590.45542239909612547 1.00000 7 
 fake.rf 1440.00000000 53600.43906483221494241 1.00000 7 
 fake.rf 1440.00000000 53610.37811553891305039 1.00000 7 
 fake.rf 1440.00000000 53620.38710711764967343 1.00000 7 
 fake.rf 1440.00000000 53630.37230790031326322 1.00000 7 
 fake.rf 1440.00000000 53640.33819635939620696 1.00000 7 
 fake.rf 1440.00000000 53650.27727980845835276 1.00000 7 
 fake.rf 1440.00000000 53660.25753430792267906 1.00000 7 
