FORMAT 1
MODE 1
 fake.rf 1440.00000000 50000.27815337297828080 1.00000 7 
 fake.rf 1440.00000000 50010.28799944532759270 1.00000 7 
 fake.rf 1440.00000000 50020.22830209524494549 1.00000 7 
 fake.rf 1440.00000000 50030.19971936165273263 1.00000 7 
 fake.rf 1440.00000000 50040.16298105271009078 1.00000 7 
 fake.rf 1440.00000000 50050.19518475272057856 1.00000 7 
 fake.rf 1440.00000000 50060.15640777951434615 1.00000 7 
 fake.rf 1440.00000000 50070.09301953017475739 1.00000 7 
 fake.rf 1440.00000000 50080.10658647740333294 1.00000 7 
 fake.rf 1440.00000000 50090.05626583131006413 1.00000 7 
 fake.rf 1440.00000000 50100.03534261326335653 1.00000 7 
 fake.rf 1440.00000000 50109.99541544994744413 1.00000 7 
 fake.rf 1440.00000000 50119.99011831468459732 1.00000 7 
 fake.rf 1440.00000000 50129.95042928478133604 1.00000 7 
 fake.rf 1440.00000000 50139.88655588950923203 1.00000 7 
 fake.rf 1440.00000000 50149.86225440980210522 1.00000 7 
 fake.rf 1440.00000000 50159.85832369201740022 1.00000 7 
 fake.rf 1440.00000000 50169.82422059454452778 1.00000 7 
 fake.rf 1440.00000000 50179.84489081753089934 1.00000 7 
 fake.rf 1440.00000000 50189.77880595612266745 1.00000 7 
 fake.rf 1440.00000000 50199.80072396462585615 1.00000 7 
 fake.rf 1440.00000000 50209.75453745343223488 1.00000 7 
 fake.rf 1440.00000000 50219.73603770008595149 1.00000 7 
 fake.rf 1440.00000000 50229.65315461692734544 1.00000 7 
 fake.rf 1440.00000000 50239.67980842499748562 1.00000 7 
 fake.rf 1440.00000000 50249.63214863192182236 1.00000 7 
 fake.rf 1440.00000000 50259.62744049830393678 1.00000 7 
 fake.rf 1440.00000000 50269.60188461592644060 1.00000 7 
 fake.rf 1440.00000000 50279.50040398910915940 1.00000 7 
 fake.rf 1440.00000000 50289.53815525291904009 1.00000 7 
 fake.rf 1440.00000000 50299.48629464823709512 1.00000 7 
 fake.rf 1440.00000000 50309.43180867220124597 1.00000 7 
 fake.rf 1440.00000000 50319.42337702922968745 1.00000 7 
 fake.rf 1440.00000000 50329.42245673108326542 1.00000 7 
 fake.rf 1440.00000000 50339.36669233397797285 1.00000 7 
 fake.rf 1440.00000000 50349.34882677360239356 1.00000 7 
 fake.rf 1440.00000000 50359.32408111764597791 1.00000 7 
 fake.rf 1440.00000000 50369.25684412564697112 1.00000 7 
 fake.rf 1440.00000000 50379.28622794745435698 1.00000 7 
 fake.rf 1440.00000000 50389.21902021620794443 1.00000 7 
 fake.rf 1440.00000000 50399.21210026306848206 1.00000 7 
 fake.rf 1440.00000000 50409.16453185124474956 1.00000 7 
 fake.rf 1440.00000000 50419.16803461796828145 1.00000 7 
 fake.rf 1440.00000000 50429.09978857276533759 1.00000 7 
 fake.rf 1440.00000000 50439.12316881528047574 1.00000 7 
 fake.rf 1440.00000000 50449.09010248393054709 1.00000 7 
 fake.rf 1440.00000000 50459.02485928888822997 1.00000 7 
 fake.rf 1440.00000000 50468.98827983007298670 1.00000 7 
 fake.rf 1440.00000000 50479.03174809548727708 1.00000 7 
 fake.rf 1440.00000000 50488.93114610103013717 1.00000 7 
 fake.rf 1440.00000000 50498.93911940405959626 1.00000 7 
 fake.rf 1440.00000000 50508.94847668262993423 1.00000 7 
 fake.rf 1440.00000000 50518.91232587593361458 1.00000 7 
 fake.rf 1440.00000000 50528.84577044519236821 1.00000 7 
 fake.rf 1440.00000000 50538.79954898504087524 1.00000 7 
 fake.rf 1440.00000000 50548.81735627620542317 1.00000 7 
 fake.rf 1440.00000000 50558.81377875449597781 1.00000 7 
 fake.rf 1440.00000000 50568.79015342589577031 1.00000 7 
 fake.rf 1440.00000000 50578.72637585151581163 1.00000 7 
 fake.rf 1440.00000000 50588.73195539394581743 1.00000 7 
 fake.rf 1440.00000000 50598.69005236176168339 1.00000 7 
 fake.rf 1440.00000000 50608.60171853412988696 1.00000 7 
 fake.rf 1440.00000000 50618.58011633834771104 1.00000 7 
 fake.rf 1440.00000000 50628.55708606406660977 1.00000 7 
 fake.rf 1440.00000000 50638.57846952151920306 1.00000 7 
 fake.rf 1440.00000000 50648.52840730454645168 1.00000 7 
 fake.rf 1440.00000000 50658.51481579881043160 1.00000 7 
 fake.rf 1440.00000000 50668.45542461410302693 1.00000 7 
 fake.rf 1440.00000000 50678.44876309039815609 1.00000 7 
 fake.rf 1440.00000000 50688.40852635971037188 1.00000 7 
 fake.rf 1440.00000000 50698.39256516881781778 1.00000 7 
 fake.rf 1440.00000000 50708.40628797982395781 1.00000 7 
 fake.rf 1440.00000000 50718.34578723220738539 1.00000 7 
 fake.rf 1440.00000000 50728.27729976166592962 1.00000 7 
 fake.rf 1440.00000000 50738.25008088547438234 1.00000 7 
 fake.rf 1440.00000000 50748.24026465592402602 1.00000 7 
 fake.rf 1440.00000000 50758.24934858783755587 1.00000 7 
 fake.rf 1440.00000000 50768.18419084465326918 1.00000 7 
 fake.rf 1440.00000000 50778.16509943374971670 1.00000 7 
 fake.rf 1440.00000000 50788.16162265348991056 1.00000 7 
 fake.rf 1440.00000000 50798.10650056732603730 1.00000 7 
 fake.rf 1440.00000000 50808.12268681916200919 1.00000 7 
 fake.rf 1440.00000000 50818.07253830914066128 1.00000 7 
 fake.rf 1440.00000000 50828.00856974483953721 1.00000 7 
 fake.rf 1440.00000000 50837.98550492191866468 1.00000 7 
 fake.rf 1440.00000000 50847.99977261190656108 1.00000 7 
 fake.rf 1440.00000000 50857.98091568373797600 1.00000 7 
 fake.rf 1440.00000000 50867.89824432525801257 1.00000 7 
 fake.rf 1440.00000000 50877.91619101503525613 1.00000 7 
 fake.rf 1440.00000000 50887.86086088089749424 1.00000 7 
 fake.rf 1440.00000000 50897.81107331548546924 1.00000 7 
 fake.rf 1440.00000000 50907.81442135405601235 1.00000 7 
 fake.rf 1440.00000000 50917.78139504709855956 1.00000 7 
 fake.rf 1440.00000000 50927.73730969160411064 1.00000 7 
 fake.rf 1440.00000000 50937.74493170454579882 1.00000 7 
 fake.rf 1440.00000000 50947.67725986145323347 1.00000 7 
 fake.rf 1440.00000000 50957.69374997163848207 1.00000 7 
 fake.rf 1440.00000000 50967.63175147232404072 1.00000 7 
 fake.rf 1440.00000000 50977.61532614807065045 1.00000 7 
 fake.rf 1440.00000000 50987.56912569901396282 1.00000 7 
 fake.rf 1440.00000000 50997.57752813029054906 1.00000 7 
 fake.rf 1440.00000000 51007.57244596275196002 1.00000 7 
 fake.rf 1440.00000000 51017.48393934440009190 1.00000 7 
 fake.rf 1440.00000000 51027.45914534555038244 1.00000 7 
 fake.rf 1440.00000000 51037.49621333395786849 1.00000 7 
 fake.rf 1440.00000000 51047.40779216392871831 1.00000 7 
 fake.rf 1440.00000000 51057.40048633332908423 1.00000 7 
 fake.rf 1440.00000000 51067.39060926288809483 1.00000 7 
 fake.rf 1440.00000000 51077.34766800969963541 1.00000 7 
 fake.rf 1440.00000000 51087.34857510321592855 1.00000 7 
 fake.rf 1440.00000000 51097.27919220939503830 1.00000 7 
 fake.rf 1440.00000000 51107.29176656459822681 1.00000 7 
 fake.rf 1440.00000000 51117.25283088077670612 1.00000 7 
 fake.rf 1440.00000000 51127.24393715964239604 1.00000 7 
 fake.rf 1440.00000000 51137.21984729023104421 1.00000 7 
 fake.rf 1440.00000000 51147.18515115905426782 1.00000 7 
 fake.rf 1440.00000000 51157.13449606401636416 1.00000 7 
 fake.rf 1440.00000000 51167.11885358246821909 1.00000 7 
 fake.rf 1440.00000000 51177.11212377022419062 1.00000 7 
 fake.rf 1440.00000000 51187.02338637601908644 1.00000 7 
 fake.rf 1440.00000000 51197.06305145433465853 1.00000 7 
 fake.rf 1440.00000000 51207.03383841154528611 1.00000 7 
 fake.rf 1440.00000000 51216.97575336206055852 1.00000 7 
 fake.rf 1440.00000000 51226.92636309394764993 1.00000 7 
 fake.rf 1440.00000000 51236.88036903504437447 1.00000 7 
 fake.rf 1440.00000000 51246.85721037599159899 1.00000 7 
 fake.rf 1440.00000000 51256.85078594344651037 1.00000 7 
 fake.rf 1440.00000000 51266.84858634508898945 1.00000 7 
 fake.rf 1440.00000000 51276.79073347210855971 1.00000 7 
 fake.rf 1440.00000000 51286.79518808385118334 1.00000 7 
 fake.rf 1440.00000000 51296.77409233829129320 1.00000 7 
 fake.rf 1440.00000000 51306.75194622061773941 1.00000 7 
 fake.rf 1440.00000000 51316.69528967918751050 1.00000 7 
 fake.rf 1440.00000000 51326.69632499581510743 1.00000 7 
 fake.rf 1440.00000000 51336.67668920989634529 1.00000 7 
 fake.rf 1440.00000000 51346.60107167455822008 1.00000 7 
 fake.rf 1440.00000000 51356.62432346671273109 1.00000 7 
 fake.rf 1440.00000000 51366.54135281905464794 1.00000 7 
 fake.rf 1440.00000000 51376.56649585314311679 1.00000 7 
 fake.rf 1440.00000000 51386.49077741101389449 1.00000 7 
 fake.rf 1440.00000000 51396.51935152754048630 1.00000 7 
 fake.rf 1440.00000000 51406.41908271843708889 1.00000 7 
 fake.rf 1440.00000000 51416.46657624933518349 1.00000 7 
 fake.rf 1440.00000000 51426.40018573984044536 1.00000 7 
 fake.rf 1440.00000000 51436.40166080830631046 1.00000 7 
 fake.rf 1440.00000000 51446.36903548250689866 1.00000 7 
 fake.rf 1440.00000000 51456.29525322104179352 1.00000 7 
 fake.rf 1440.00000000 51466.27337750881693879 1.00000 7 
 fake.rf 1440.00000000 51476.25241403831057241 1.00000 7 
 fake.rf 1440.00000000 51486.19920628110871519 1.00000 7 
 fake.rf 1440.00000000 51496.19923086284785896 1.00000 7 
 fake.rf 1440.00000000 51506.16190345748167445 1.00000 7 
 fake.rf 1440.00000000 51516.19012032561265713 1.00000 7 
 fake.rf 1440.00000000 51526.15936414557280187 1.00000 7 
 fake.rf 1440.00000000 51536.09995087476361419 1.00000 7 
 fake.rf 1440.00000000 51546.10947804191061650 1.00000 7 
 fake.rf 1440.00000000 51556.08286750741381255 1.00000 7 
 fake.rf 1440.00000000 51566.04433408747190626 1.00000 7 
 fake.rf 1440.00000000 51575.99563265226676023 1.00000 7 
 fake.rf 1440.00000000 51585.93847358273765380 1.00000 7 
 fake.rf 1440.00000000 51595.93169917421949933 1.00000 7 
 fake.rf 1440.00000000 51605.88920627650474415 1.00000 7 
 fake.rf 1440.00000000 51615.92053877493237124 1.00000 7 
 fake.rf 1440.00000000 51625.88441212736710995 1.00000 7 
 fake.rf 1440.00000000 51635.78692557546028397 1.00000 7 
 fake.rf 1440.00000000 51645.82592664293225226 1.00000 7 
 fake.rf 1440.00000000 51655.74148675076374104 1.00000 7 
 fake.rf 1440.00000000 51665.77788968702941119 1.00000 7 
 fake.rf 1440.00000000 51675.67789111974980187 1.00000 7 
 fake.rf 1440.00000000 51685.72923191425004319 1.00000 7 
 fake.rf 1440.00000000 51695.63388738730872163 1.00000 7 
 fake.rf 1440.00000000 51705.67310065932679208 1.00000 7 
 fake.rf 1440.00000000 51715.65147688436783824 1.00000 7 
 fake.rf 1440.00000000 51725.54759693772815865 1.00000 7 
 fake.rf 1440.00000000 51735.54772404342907777 1.00000 7 
 fake.rf 1440.00000000 51745.55487966460044191 1.00000 7 
 fake.rf 1440.00000000 51755.52901206734774675 1.00000 7 
 fake.rf 1440.00000000 51765.48266120575275551 1.00000 7 
 fake.rf 1440.00000000 51775.41191215648685997 1.00000 7 
 fake.rf 1440.00000000 51785.39238543380110258 1.00000 7 
 fake.rf 1440.00000000 51795.40346442422099571 1.00000 7 
 fake.rf 1440.00000000 51805.36004429115245529 1.00000 7 
 fake.rf 1440.00000000 51815.33049453759143077 1.00000 7 
 fake.rf 1440.00000000 51825.31376139711966644 1.00000 7 
 fake.rf 1440.00000000 51835.26688942162802931 1.00000 7 
 fake.rf 1440.00000000 51845.28856401538389775 1.00000 7 
 fake.rf 1440.00000000 51855.22532904654505259 1.00000 7 
 fake.rf 1440.00000000 51865.17915090061146088 1.00000 7 
 fake.rf 1440.00000000 51875.18959643164389561 1.00000 7 
 fake.rf 1440.00000000 51885.10496433853782605 1.00000 7 
 fake.rf 1440.00000000 51895.11226479840274095 1.00000 7 
 fake.rf 1440.00000000 51905.05990690172852808 1.00000 7 
 fake.rf 1440.00000000 51915.04341961380336201 1.00000 7 
 fake.rf 1440.00000000 51925.02602355065519646 1.00000 7 
 fake.rf 1440.00000000 51935.04817660878715202 1.00000 7 
 fake.rf 1440.00000000 51944.96150714796184289 1.00000 7 
 fake.rf 1440.00000000 51954.92708317501606174 1.00000 7 
 fake.rf 1440.00000000 51964.89210063913489179 1.00000 7 
 fake.rf 1440.00000000 51974.86913842440270628 1.00000 7 
 fake.rf 1440.00000000 51984.84535359665041199 1.00000 7 
 fake.rf 1440.00000000 51994.80568285584319099 1.00000 7 
 fake.rf 1440.00000000 52004.79801377201925305 1.00000 7 
 fake.rf 1440.00000000 52014.75741316334913833 1.00000 7 
 fake.rf 1440.00000000 52024.72342305391060080 1.00000 7 
 fake.rf 1440.00000000 52034.72251166701838443 1.00000 7 
 fake.rf 1440.00000000 52044.70934247733195832 1.00000 7 
 fake.rf 1440.00000000 52054.70981239528400408 1.00000 7 
 fake.rf 1440.00000000 52064.62700436067490628 1.00000 7 
 fake.rf 1440.00000000 52074.59478865275249149 1.00000 7 
 fake.rf 1440.00000000 52084.63514713132915190 1.00000 7 
 fake.rf 1440.00000000 52094.56011678915167096 1.00000 7 
 fake.rf 1440.00000000 52104.56628436187320119 1.00000 7 
 fake.rf 1440.00000000 52114.50719370529081687 1.00000 7 
 fake.rf 1440.00000000 52124.51325128190185509 1.00000 7 
 fake.rf 1440.00000000 52134.44665671020617026 1.00000 7 
 fake.rf 1440.00000000 52144.45133177223030430 1.00000 7 
 fake.rf 1440.00000000 52154.42303496094751836 1.00000 7 
 fake.rf 1440.00000000 52164.40384304217613476 1.00000 7 
 fake.rf 1440.00000000 52174.38964431758426343 1.00000 7 
 fake.rf 1440.00000000 52184.31576400914302383 1.00000 7 
 fake.rf 1440.00000000 52194.32257766068759963 1.00000 7 
 fake.rf 1440.00000000 52204.25965035902770950 1.00000 7 
 fake.rf 1440.00000000 52214.24404987621669250 1.00000 7 
 fake.rf 1440.00000000 52224.17834722563632255 1.00000 7 
 fake.rf 1440.00000000 52234.20866155634857364 1.00000 7 
 fake.rf 1440.00000000 52244.15918513171337878 1.00000 7 
 fake.rf 1440.00000000 52254.11745067425026434 1.00000 7 
 fake.rf 1440.00000000 52264.14064533735357543 1.00000 7 
 fake.rf 1440.00000000 52274.08349073012776387 1.00000 7 
 fake.rf 1440.00000000 52284.04609839378779768 1.00000 7 
 fake.rf 1440.00000000 52293.98947918200162022 1.00000 7 
 fake.rf 1440.00000000 52304.00329156392669816 1.00000 7 
 fake.rf 1440.00000000 52313.98553446234619102 1.00000 7 
 fake.rf 1440.00000000 52323.91561901131348122 1.00000 7 
 fake.rf 1440.00000000 52333.92274558035219911 1.00000 7 
 fake.rf 1440.00000000 52343.93138141515391837 1.00000 7 
 fake.rf 1440.00000000 52353.87560112233609644 1.00000 7 
 fake.rf 1440.00000000 52363.82716860083945321 1.00000 7 
 fake.rf 1440.00000000 52373.78030079359838211 1.00000 7 
 fake.rf 1440.00000000 52383.80294237734719687 1.00000 7 
 fake.rf 1440.00000000 52393.73883936647022708 1.00000 7 
 fake.rf 1440.00000000 52403.72757886538358818 1.00000 7 
 fake.rf 1440.00000000 52413.70035904582183051 1.00000 7 
 fake.rf 1440.00000000 52423.68780305041758183 1.00000 7 
 fake.rf 1440.00000000 52433.62657111851036262 1.00000 7 
 fake.rf 1440.00000000 52443.64339438865203746 1.00000 7 
 fake.rf 1440.00000000 52453.57948448579765000 1.00000 7 
 fake.rf 1440.00000000 52463.60059333135612647 1.00000 7 
 fake.rf 1440.00000000 52473.54219575637447193 1.00000 7 
 fake.rf 1440.00000000 52483.49139142123717860 1.00000 7 
 fake.rf 1440.00000000 52493.46592435197779380 1.00000 7 
 fake.rf 1440.00000000 52503.44164467906895766 1.00000 7 
 fake.rf 1440.00000000 52513.43855073229176611 1.00000 7 
 fake.rf 1440.00000000 52523.42478751432138750 1.00000 7 
 fake.rf 1440.00000000 52533.36210957153165424 1.00000 7 
 fake.rf 1440.00000000 52543.33330090295114445 1.00000 7 
 fake.rf 1440.00000000 52553.29736561930572947 1.00000 7 
 fake.rf 1440.00000000 52563.30359086186648909 1.00000 7 
 fake.rf 1440.00000000 52573.24194786185219286 1.00000 7 
 fake.rf 1440.00000000 52583.25949562123101799 1.00000 7 
 fake.rf 1440.00000000 52593.17229950703193708 1.00000 7 
 fake.rf 1440.00000000 52603.16467498444284345 1.00000 7 
 fake.rf 1440.00000000 52613.14000620390106633 1.00000 7 
 fake.rf 1440.00000000 52623.14569057612079206 1.00000 7 
 fake.rf 1440.00000000 52633.09545497726558949 1.00000 7 
 fake.rf 1440.00000000 52643.10521708328529655 1.00000 7 
 fake.rf 1440.00000000 52653.06350832094796033 1.00000 7 
 fake.rf 1440.00000000 52662.98479673562169978 1.00000 7 
 fake.rf 1440.00000000 52672.97343063948494901 1.00000 7 
 fake.rf 1440.00000000 52682.99549167639772307 1.00000 7 
 fake.rf 1440.00000000 52692.96672607441258762 1.00000 7 
 fake.rf 1440.00000000 52702.91856132391316336 1.00000 7 
 fake.rf 1440.00000000 52712.87333281298446508 1.00000 7 
 fake.rf 1440.00000000 52722.84465177213450815 1.00000 7 
 fake.rf 1440.00000000 52732.81123531182965891 1.00000 7 
 fake.rf 1440.00000000 52742.81541258242033976 1.00000 7 
 fake.rf 1440.00000000 52752.74752580005754865 1.00000 7 
 fake.rf 1440.00000000 52762.76083707014874236 1.00000 7 
 fake.rf 1440.00000000 52772.73009422524852852 1.00000 7 
 fake.rf 1440.00000000 52782.71444746383682300 1.00000 7 
 fake.rf 1440.00000000 52792.62092547254626496 1.00000 7 
 fake.rf 1440.00000000 52802.67535318930446309 1.00000 7 
 fake.rf 1440.00000000 52812.57939779441314698 1.00000 7 
 fake.rf 1440.00000000 52822.59341943695910970 1.00000 7 
 fake.rf 1440.00000000 52832.57805497766441860 1.00000 7 
 fake.rf 1440.00000000 52842.53005930515585220 1.00000 7 
 fake.rf 1440.00000000 52852.45924332536788981 1.00000 7 
 fake.rf 1440.00000000 52862.43524784237643033 1.00000 7 
 fake.rf 1440.00000000 52872.42078174565433102 1.00000 7 
 fake.rf 1440.00000000 52882.39896043342150733 1.00000 7 
 fake.rf 1440.00000000 52892.41981711627775198 1.00000 7 
 fake.rf 1440.00000000 52902.34545923346176011 1.00000 7 
 fake.rf 1440.00000000 52912.34331774574290108 1.00000 7 
 fake.rf 1440.00000000 52922.28347660889288662 1.00000 7 
 fake.rf 1440.00000000 52932.24210745122169897 1.00000 7 
 fake.rf 1440.00000000 52942.21703465827562951 1.00000 7 
 fake.rf 1440.00000000 52952.19425997741771539 1.00000 7 
 fake.rf 1440.00000000 52962.22181972117650517 1.00000 7 
 fake.rf 1440.00000000 52972.14533965444975649 1.00000 7 
 fake.rf 1440.00000000 52982.13850323319670110 1.00000 7 
 fake.rf 1440.00000000 52992.13209502199308076 1.00000 7 
 fake.rf 1440.00000000 53002.05415369260696679 1.00000 7 
 fake.rf 1440.00000000 53012.02645679486994723 1.00000 7 
 fake.rf 1440.00000000 53022.00212445985473053 1.00000 7 
 fake.rf 1440.00000000 53032.00613971424075999 1.00000 7 
 fake.rf 1440.00000000 53041.97233076778939775 1.00000 7 
 fake.rf 1440.00000000 53051.97947999030122546 1.00000 7 
 fake.rf 1440.00000000 53061.94291280631250274 1.00000 7 
 fake.rf 1440.00000000 53071.86638614149050142 1.00000 7 
 fake.rf 1440.00000000 53081.87009679064362544 1.00000 7 
 fake.rf 1440.00000000 53091.84518720816122439 1.00000 7 
 fake.rf 1440.00000000 53101.78577619483034411 1.00000 7 
 fake.rf 1440.00000000 53111.78788560499845772 1.00000 7 
 fake.rf 1440.00000000 53121.77765827516538621 1.00000 7 
 fake.rf 1440.00000000 53131.75957327243491690 1.00000 7 
 fake.rf 1440.00000000 53141.69028917761808373 1.00000 7 
 fake.rf 1440.00000000 53151.65937054102415260 1.00000 7 
 fake.rf 1440.00000000 53161.68110720829697158 1.00000 7 
 fake.rf 1440.00000000 53171.61513196609750409 1.00000 7 
 fake.rf 1440.00000000 53181.59705156021033190 1.00000 7 
 fake.rf 1440.00000000 53191.54093789461040842 1.00000 7 
 fake.rf 1440.00000000 53201.52312370486970039 1.00000 7 
 fake.rf 1440.00000000 53211.54132308609413826 1.00000 7 
 fake.rf 1440.00000000 53221.51037226497009414 1.00000 7 
 fake.rf 1440.00000000 53231.46002123756742463 1.00000 7 
 fake.rf 1440.00000000 53241.46415582801740740 1.00000 7 
 fake.rf 1440.00000000 53251.43543651151856366 1.00000 7 
 fake.rf 1440.00000000 53261.38961516408323504 1.00000 7 
 fake.rf 1440.00000000 53271.36528046143290638 1.00000 7 
 fake.rf 1440.00000000 53281.28738543826517926 1.00000 7 
 fake.rf 1440.00000000 53291.26203199047063563 1.00000 7 
 fake.rf 1440.00000000 53301.25859341072958841 1.00000 7 
 fake.rf 1440.00000000 53311.21339476496200760 1.00000 7 
 fake.rf 1440.00000000 53321.18764875662535374 1.00000 7 
 fake.rf 1440.00000000 53331.18718219582098783 1.00000 7 
 fake.rf 1440.00000000 53341.17330307765408293 1.00000 7 
 fake.rf 1440.00000000 53351.14105247990222480 1.00000 7 
 fake.rf 1440.00000000 53361.09170612661550592 1.00000 7 
 fake.rf 1440.00000000 53371.06856412872298989 1.00000 7 
 fake.rf 1440.00000000 53381.07042453293735917 1.00000 7 
 fake.rf 1440.00000000 53391.05209322020969509 1.00000 7 
 fake.rf 1440.00000000 53401.03134599483214018 1.00000 7 
 fake.rf 1440.00000000 53411.00109967735158989 1.00000 7 
 fake.rf 1440.00000000 53420.92884876829525709 1.00000 7 
 fake.rf 1440.00000000 53430.92517853213846024 1.00000 7 
 fake.rf 1440.00000000 53440.90415157632946475 1.00000 7 
 fake.rf 1440.00000000 53450.87325421307848572 1.00000 7 
 fake.rf 1440.00000000 53460.86596968985426415 1.00000 7 
 fake.rf 1440.00000000 53470.81065040780272923 1.00000 7 
 fake.rf 1440.00000000 53480.74108219098343042 1.00000 7 
 fake.rf 1440.00000000 53490.74302150825303315 1.00000 7 
 fake.rf 1440.00000000 53500.74222629830268261 1.00000 7 
 fake.rf 1440.00000000 53510.68214817196666999 1.00000 7 
 fake.rf 1440.00000000 53520.64625790363414737 1.00000 7 
 fake.rf 1440.00000000 53530.64181613903512158 1.00000 7 
 fake.rf 1440.00000000 53540.64202473525094916 1.00000 7 
 fake.rf 1440.00000000 53550.55424002693371932 1.00000 7 
 fake.rf 1440.00000000 53560.54838325827522283 1.00000 7 
 fake.rf 1440.00000000 53570.53007483212728346 1.00000 7 
 fake.rf 1440.00000000 53580.52859306836263187 1.00000 7 
 fake.rf 1440.00000000 53590.47214564603468645 1.00000 7 
 fake.rf 1440.00000000 53600.45578808997569453 1.00000 7 
 fake.rf 1440.00000000 53610.39483881199409510 1.00000 7 
 fake.rf 1440.00000000 53620.40383034965295650 1.00000 7 
 fake.rf 1440.00000000 53630.38903116391927739 1.00000 7 
 fake.rf 1440.00000000 53640.35491958740020735 1.00000 7 
 fake.rf 1440.00000000 53650.29400304808006439 1.00000 7 
 fake.rf 1440.00000000 53660.27425756472550589 1.00000 7 
