FORMAT 1
MODE 1
 fake.rf 1440.00000000 50000.28268618587295435 1.00000 7 
 fake.rf 1440.00000000 50010.29253226555186984 1.00000 7 
 fake.rf 1440.00000000 50020.23283488623631499 1.00000 7 
 fake.rf 1440.00000000 50030.20425214871610464 1.00000 7 
 fake.rf 1440.00000000 50040.16751389864678146 1.00000 7 
 fake.rf 1440.00000000 50050.19971754175747947 1.00000 7 
 fake.rf 1440.00000000 50060.16094058717434123 1.00000 7 
 fake.rf 1440.00000000 50070.09755235938699158 1.00000 7 
 fake.rf 1440.00000000 50080.11111927157256218 1.00000 7 
 fake.rf 1440.00000000 50090.06079868115769571 1.00000 7 
 fake.rf 1440.00000000 50100.03987540904234166 1.00000 7 
 fake.rf 1440.00000000 50109.99994826622852528 1.00000 7 
 fake.rf 1440.00000000 50119.99465111140130702 1.00000 7 
 fake.rf 1440.00000000 50129.95496207472791284 1.00000 7 
 fake.rf 1440.00000000 50139.89108870068075063 1.00000 7 
 fake.rf 1440.00000000 50149.86678724161566478 1.00000 7 
 fake.rf 1440.00000000 50159.86285652343882191 1.00000 7 
 fake.rf 1440.00000000 50169.82875342408379638 1.00000 7 
 fake.rf 1440.00000000 50179.84942362617250211 1.00000 7 
 fake.rf 1440.00000000 50189.78333877055866097 1.00000 7 
 fake.rf 1440.00000000 50199.80525679771320924 1.00000 7 
 fake.rf 1440.00000000 50209.75907027381707692 1.00000 7 
 fake.rf 1440.00000000 50219.74057053735377920 1.00000 7 
 fake.rf 1440.00000000 50229.65768744141050561 1.00000 7 
 fake.rf 1440.00000000 50239.68434123290357718 1.00000 7 
 fake.rf 1440.00000000 50249.63668146675878035 1.00000 7 
 fake.rf 1440.00000000 50259.63197329848973283 1.00000 7 
 fake.rf 1440.00000000 50269.60641741970404439 1.00000 7 
 fake.rf 1440.00000000 50279.50493678252644969 1.00000 7 
 fake.rf 1440.00000000 50289.54268809601870061 1.00000 7 
 fake.rf 1440.00000000 50299.49082745631027080 1.00000 7 
 fake.rf 1440.00000000 50309.43634146816102160 1.00000 7 
 fake.rf 1440.00000000 50319.42790985253277114 1.00000 7 
 fake.rf 1440.00000000 50329.42698953456199362 1.00000 7 
 fake.rf 1440.00000000 50339.37122515417188140 1.00000 7 
 fake.rf 1440.00000000 50349.35335956513772615 1.00000 7 
 fake.rf 1440.00000000 50359.32861391193424794 1.00000 7 
 fake.rf 1440.00000000 50369.26137691539129548 1.00000 7 
 fake.rf 1440.00000000 50379.29076076571725196 1.00000 7 
 fake.rf 1440.00000000 50389.22355303506704161 1.00000 7 
 fake.rf 1440.00000000 50399.21663307124083175 1.00000 7 
 fake.rf 1440.00000000 50409.16906467301808448 1.00000 7 
 fake.rf 1440.00000000 50419.17256743756020398 1.00000 7 
 fake.rf 1440.00000000 50429.10432137114778683 1.00000 7 
 fake.rf 1440.00000000 50439.12770159940388126 1.00000 7 
 fake.rf 1440.00000000 50449.09463529037117624 1.00000 7 
 fake.rf 1440.00000000 50459.02939212164815430 1.00000 7 
 fake.rf 1440.00000000 50468.99281262651765090 1.00000 7 
 fake.rf 1440.00000000 50479.03628089995145345 1.00000 7 
 fake.rf 1440.00000000 50488.93567892702153443 1.00000 7 
 fake.rf 1440.00000000 50498.94365221425750434 1.00000 7 
 fake.rf 1440.00000000 50508.95300951852353677 1.00000 7 
 fake.rf 1440.00000000 50518.91685868836808027 1.00000 7 
 fake.rf 1440.00000000 50528.85030327002167283 1.00000 7 
 fake.rf 1440.00000000 50538.80408179566308036 1.00000 7 
 fake.rf 1440.00000000 50548.82188909534956878 1.00000 7 
 fake.rf 1440.00000000 50558.81831156261584681 1.00000 7 
 fake.rf 1440.00000000 50568.79468624480887584 1.00000 7 
 fake.rf 1440.00000000 50578.73090870044046596 1.00000 7 
 fake.rf 1440.00000000 50588.73648818428145546 1.00000 7 
 fake.rf 1440.00000000 50598.69458518520294632 1.00000 7 
 fake.rf 1440.00000000 50608.60625131878839511 1.00000 7 
 fake.rf 1440.00000000 50618.58464916594465066 1.00000 7 
 fake.rf 1440.00000000 50628.56161884067848078 1.00000 7 
 fake.rf 1440.00000000 50638.58300235720770388 1.00000 7 
 fake.rf 1440.00000000 50648.53294014878196450 1.00000 7 
 fake.rf 1440.00000000 50658.51934858487589608 1.00000 7 
 fake.rf 1440.00000000 50668.45995743171105730 1.00000 7 
 fake.rf 1440.00000000 50678.45329590105454898 1.00000 7 
 fake.rf 1440.00000000 50688.41305918152077936 1.00000 7 
 fake.rf 1440.00000000 50698.39709796950665321 1.00000 7 
 fake.rf 1440.00000000 50708.41082082019506316 1.00000 7 
 fake.rf 1440.00000000 50718.35032003385112986 1.00000 7 
 fake.rf 1440.00000000 50728.28183258154717095 1.00000 7 
 fake.rf 1440.00000000 50738.25461368466265810 1.00000 7 
 fake.rf 1440.00000000 50748.24479747133189989 1.00000 7 
 fake.rf 1440.00000000 50758.25388137886466922 1.00000 7 
 fake.rf 1440.00000000 50768.18872363866559994 1.00000 7 
 fake.rf 1440.00000000 50778.16963225639918278 1.00000 7 
 fake.rf 1440.00000000 50788.16615545095476847 1.00000 7 
 fake.rf 1440.00000000 50798.11103339717953276 1.00000 7 
 fake.rf 1440.00000000 50808.12721966720943101 1.00000 7 
 fake.rf 1440.00000000 50818.07707111914005438 1.00000 7 
 fake.rf 1440.00000000 50828.01310256050931358 1.00000 7 
 fake.rf 1440.00000000 50837.99003773239880033 1.00000 7 
 fake.rf 1440.00000000 50848.00430541328208278 1.00000 7 
 fake.rf 1440.00000000 50857.98544849839146664 1.00000 7 
 fake.rf 1440.00000000 50867.90277715231931666 1.00000 7 
 fake.rf 1440.00000000 50877.92072382455693003 1.00000 7 
 fake.rf 1440.00000000 50887.86539366713319055 1.00000 7 
 fake.rf 1440.00000000 50897.81560614983606072 1.00000 7 
 fake.rf 1440.00000000 50907.81895415499074886 1.00000 7 
 fake.rf 1440.00000000 50917.78592783668638688 1.00000 7 
 fake.rf 1440.00000000 50927.74184246605781823 1.00000 7 
 fake.rf 1440.00000000 50937.74946449979082885 1.00000 7 
 fake.rf 1440.00000000 50947.68179268629497969 1.00000 7 
 fake.rf 1440.00000000 50957.69828278635939967 1.00000 7 
 fake.rf 1440.00000000 50967.63628426521652770 1.00000 7 
 fake.rf 1440.00000000 50977.61985895161274129 1.00000 7 
 fake.rf 1440.00000000 50987.57365851306301607 1.00000 7 
 fake.rf 1440.00000000 50997.58206095084586451 1.00000 7 
 fake.rf 1440.00000000 51007.57697876681143967 1.00000 7 
 fake.rf 1440.00000000 51017.48847212806904494 1.00000 7 
 fake.rf 1440.00000000 51027.46367814233617466 1.00000 7 
 fake.rf 1440.00000000 51037.50074618098776824 1.00000 7 
 fake.rf 1440.00000000 51047.41232499350224217 1.00000 7 
 fake.rf 1440.00000000 51057.40501913155245717 1.00000 7 
 fake.rf 1440.00000000 51067.39514206351573478 1.00000 7 
 fake.rf 1440.00000000 51077.35220079675577054 1.00000 7 
 fake.rf 1440.00000000 51087.35310787551384593 1.00000 7 
 fake.rf 1440.00000000 51097.28372501314824561 1.00000 7 
 fake.rf 1440.00000000 51107.29629936647978639 1.00000 7 
 fake.rf 1440.00000000 51117.25736369785991897 1.00000 7 
 fake.rf 1440.00000000 51127.24846997064048892 1.00000 7 
 fake.rf 1440.00000000 51137.22438007052271303 1.00000 7 
 fake.rf 1440.00000000 51147.18968395294871598 1.00000 7 
 fake.rf 1440.00000000 51157.13902886780756774 1.00000 7 
 fake.rf 1440.00000000 51167.12338638772515154 1.00000 7 
 fake.rf 1440.00000000 51177.11665657004276753 1.00000 7 
 fake.rf 1440.00000000 51187.02791918790395798 1.00000 7 
 fake.rf 1440.00000000 51197.06758425137955015 1.00000 7 
 fake.rf 1440.00000000 51207.03837121879309535 1.00000 7 
 fake.rf 1440.00000000 51216.98028618192838834 1.00000 7 
 fake.rf 1440.00000000 51226.93089589310508103 1.00000 7 
 fake.rf 1440.00000000 51236.88490186952415684 1.00000 7 
 fake.rf 1440.00000000 51246.86174318099289238 1.00000 7 
 fake.rf 1440.00000000 51256.85531876887794311 1.00000 7 
 fake.rf 1440.00000000 51266.85311916035587743 1.00000 7 
 fake.rf 1440.00000000 51276.79526628477709238 1.00000 7 
 fake.rf 1440.00000000 51286.79972088616594661 1.00000 7 
 fake.rf 1440.00000000 51296.77862513279016810 1.00000 7 
 fake.rf 1440.00000000 51306.75647905264413495 1.00000 7 
 fake.rf 1440.00000000 51316.69982245539337384 1.00000 7 
 fake.rf 1440.00000000 51326.70085777981724817 1.00000 7 
 fake.rf 1440.00000000 51336.68122204326126834 1.00000 7 
 fake.rf 1440.00000000 51346.60560448169724879 1.00000 7 
 fake.rf 1440.00000000 51356.62885626225972757 1.00000 7 
 fake.rf 1440.00000000 51366.54588563848916039 1.00000 7 
 fake.rf 1440.00000000 51376.57102866814087960 1.00000 7 
 fake.rf 1440.00000000 51386.49531023918012451 1.00000 7 
 fake.rf 1440.00000000 51396.52388434891267721 1.00000 7 
 fake.rf 1440.00000000 51406.42361551310405332 1.00000 7 
 fake.rf 1440.00000000 51416.47110905874518494 1.00000 7 
 fake.rf 1440.00000000 51426.40471854853389999 1.00000 7 
 fake.rf 1440.00000000 51436.40619363265206943 1.00000 7 
 fake.rf 1440.00000000 51446.37356832753637192 1.00000 7 
 fake.rf 1440.00000000 51456.29978600059017069 1.00000 7 
 fake.rf 1440.00000000 51466.27791031690521706 1.00000 7 
 fake.rf 1440.00000000 51476.25694686217771689 1.00000 7 
 fake.rf 1440.00000000 51486.20373909976437687 1.00000 7 
 fake.rf 1440.00000000 51496.20376365005593300 1.00000 7 
 fake.rf 1440.00000000 51506.16643626432882641 1.00000 7 
 fake.rf 1440.00000000 51516.19465314917001564 1.00000 7 
 fake.rf 1440.00000000 51526.16389697280463622 1.00000 7 
 fake.rf 1440.00000000 51536.10448366819231580 1.00000 7 
 fake.rf 1440.00000000 51546.11401082264377038 1.00000 7 
 fake.rf 1440.00000000 51556.08740030869868676 1.00000 7 
 fake.rf 1440.00000000 51566.04886692270891047 1.00000 7 
 fake.rf 1440.00000000 51576.00016547171356152 1.00000 7 
 fake.rf 1440.00000000 51585.94300639231978067 1.00000 7 
 fake.rf 1440.00000000 51595.93623197659534085 1.00000 7 
 fake.rf 1440.00000000 51605.89373912086731266 1.00000 7 
 fake.rf 1440.00000000 51615.92507161215038991 1.00000 7 
 fake.rf 1440.00000000 51625.88894493437802424 1.00000 7 
 fake.rf 1440.00000000 51635.79145836782890200 1.00000 7 
 fake.rf 1440.00000000 51645.83045946651521518 1.00000 7 
 fake.rf 1440.00000000 51655.74601954439315321 1.00000 7 
 fake.rf 1440.00000000 51665.78242246547943139 1.00000 7 
 fake.rf 1440.00000000 51675.68242393950805891 1.00000 7 
 fake.rf 1440.00000000 51685.73376473207705928 1.00000 7 
 fake.rf 1440.00000000 51695.63842020162861957 1.00000 7 
 fake.rf 1440.00000000 51705.67763345892349136 1.00000 7 
 fake.rf 1440.00000000 51715.65600972526632972 1.00000 7 
 fake.rf 1440.00000000 51725.55212975884860427 1.00000 7 
 fake.rf 1440.00000000 51735.55225684269235487 1.00000 7 
 fake.rf 1440.00000000 51745.55941250004299548 1.00000 7 
 fake.rf 1440.00000000 51755.53354490439460633 1.00000 7 
 fake.rf 1440.00000000 51765.48719399134111185 1.00000 7 
 fake.rf 1440.00000000 51775.41644495399502546 1.00000 7 
 fake.rf 1440.00000000 51785.39691825791576463 1.00000 7 
 fake.rf 1440.00000000 51795.40799722793618542 1.00000 7 
 fake.rf 1440.00000000 51805.36457708794488752 1.00000 7 
 fake.rf 1440.00000000 51815.33502736192129490 1.00000 7 
 fake.rf 1440.00000000 51825.31829420739780190 1.00000 7 
 fake.rf 1440.00000000 51835.27142224529153225 1.00000 7 
 fake.rf 1440.00000000 51845.29309685921876039 1.00000 7 
 fake.rf 1440.00000000 51855.22986185237625278 1.00000 7 
 fake.rf 1440.00000000 51865.18368370989550797 1.00000 7 
 fake.rf 1440.00000000 51875.19412924370043783 1.00000 7 
 fake.rf 1440.00000000 51885.10949712977013348 1.00000 7 
 fake.rf 1440.00000000 51895.11679758749539459 1.00000 7 
 fake.rf 1440.00000000 51905.06443971150339678 1.00000 7 
 fake.rf 1440.00000000 51915.04795240650524590 1.00000 7 
 fake.rf 1440.00000000 51925.03055634545083308 1.00000 7 
 fake.rf 1440.00000000 51935.05270943118453530 1.00000 7 
 fake.rf 1440.00000000 51944.96603994664434722 1.00000 7 
 fake.rf 1440.00000000 51954.93161597724661149 1.00000 7 
 fake.rf 1440.00000000 51964.89663347637451096 1.00000 7 
 fake.rf 1440.00000000 51974.87367125482616004 1.00000 7 
 fake.rf 1440.00000000 51984.84988638197903299 1.00000 7 
 fake.rf 1440.00000000 51994.81021566967704572 1.00000 7 
 fake.rf 1440.00000000 52004.80254658832071613 1.00000 7 
 fake.rf 1440.00000000 52014.76194599926369122 1.00000 7 
 fake.rf 1440.00000000 52024.72795585892049886 1.00000 7 
 fake.rf 1440.00000000 52034.72704449369838642 1.00000 7 
 fake.rf 1440.00000000 52044.71387531605221000 1.00000 7 
 fake.rf 1440.00000000 52054.71434518365178690 1.00000 7 
 fake.rf 1440.00000000 52064.63153720260805457 1.00000 7 
 fake.rf 1440.00000000 52074.59932144414660371 1.00000 7 
 fake.rf 1440.00000000 52084.63967997327869597 1.00000 7 
 fake.rf 1440.00000000 52094.56464958886727601 1.00000 7 
 fake.rf 1440.00000000 52104.57081716677503636 1.00000 7 
 fake.rf 1440.00000000 52114.51172654585579380 1.00000 7 
 fake.rf 1440.00000000 52124.51778411641416966 1.00000 7 
 fake.rf 1440.00000000 52134.45118950850459427 1.00000 7 
 fake.rf 1440.00000000 52144.45586460431931997 1.00000 7 
 fake.rf 1440.00000000 52154.42756776408011277 1.00000 7 
 fake.rf 1440.00000000 52164.40837585838769996 1.00000 7 
 fake.rf 1440.00000000 52174.39417711327649485 1.00000 7 
 fake.rf 1440.00000000 52184.32029683507447970 1.00000 7 
 fake.rf 1440.00000000 52194.32711047946810723 1.00000 7 
 fake.rf 1440.00000000 52204.26418319198297624 1.00000 7 
 fake.rf 1440.00000000 52214.24858268628950597 1.00000 7 
 fake.rf 1440.00000000 52224.18288004081704301 1.00000 7 
 fake.rf 1440.00000000 52234.21319436784852286 1.00000 7 
 fake.rf 1440.00000000 52244.16371796000013106 1.00000 7 
 fake.rf 1440.00000000 52254.12198346041584429 1.00000 7 
 fake.rf 1440.00000000 52264.14517814754214342 1.00000 7 
 fake.rf 1440.00000000 52274.08802356190055605 1.00000 7 
 fake.rf 1440.00000000 52284.05063118769112762 1.00000 7 
 fake.rf 1440.00000000 52293.99401201619210866 1.00000 7 
 fake.rf 1440.00000000 52304.00782438563586396 1.00000 7 
 fake.rf 1440.00000000 52313.99006726559153790 1.00000 7 
 fake.rf 1440.00000000 52323.92015181018859593 1.00000 7 
 fake.rf 1440.00000000 52333.92727841758256346 1.00000 7 
 fake.rf 1440.00000000 52343.93591423222476067 1.00000 7 
 fake.rf 1440.00000000 52353.88013393362412984 1.00000 7 
 fake.rf 1440.00000000 52363.83170142680173953 1.00000 7 
 fake.rf 1440.00000000 52373.78483356705610063 1.00000 7 
 fake.rf 1440.00000000 52383.80747521635175445 1.00000 7 
 fake.rf 1440.00000000 52393.74337218541873540 1.00000 7 
 fake.rf 1440.00000000 52403.73211166320402654 1.00000 7 
 fake.rf 1440.00000000 52413.70489188126718005 1.00000 7 
 fake.rf 1440.00000000 52423.69233588535856683 1.00000 7 
 fake.rf 1440.00000000 52433.63110391229395191 1.00000 7 
 fake.rf 1440.00000000 52443.64792721737693881 1.00000 7 
 fake.rf 1440.00000000 52453.58401728127132913 1.00000 7 
 fake.rf 1440.00000000 52463.60512616646297346 1.00000 7 
 fake.rf 1440.00000000 52473.54672853257767429 1.00000 7 
 fake.rf 1440.00000000 52483.49592419958124268 1.00000 7 
 fake.rf 1440.00000000 52493.47045713884403639 1.00000 7 
 fake.rf 1440.00000000 52503.44617750673392464 1.00000 7 
 fake.rf 1440.00000000 52513.44308352535723117 1.00000 7 
 fake.rf 1440.00000000 52523.42932030990365178 1.00000 7 
 fake.rf 1440.00000000 52533.36664236505106729 1.00000 7 
 fake.rf 1440.00000000 52543.33783369719370882 1.00000 7 
 fake.rf 1440.00000000 52553.30189840235920684 1.00000 7 
 fake.rf 1440.00000000 52563.30812364613325016 1.00000 7 
 fake.rf 1440.00000000 52573.24648066734622276 1.00000 7 
 fake.rf 1440.00000000 52583.26402845814593334 1.00000 7 
 fake.rf 1440.00000000 52593.17683231785808928 1.00000 7 
 fake.rf 1440.00000000 52603.16920782150603486 1.00000 7 
 fake.rf 1440.00000000 52613.14453900684441123 1.00000 7 
 fake.rf 1440.00000000 52623.15022339313512489 1.00000 7 
 fake.rf 1440.00000000 52633.09998779023423054 1.00000 7 
 fake.rf 1440.00000000 52643.10974988157358823 1.00000 7 
 fake.rf 1440.00000000 52653.06804110959069476 1.00000 7 
 fake.rf 1440.00000000 52662.98932953909252674 1.00000 7 
 fake.rf 1440.00000000 52672.97796344033334037 1.00000 7 
 fake.rf 1440.00000000 52683.00002451870855680 1.00000 7 
 fake.rf 1440.00000000 52692.97125887987690973 1.00000 7 
 fake.rf 1440.00000000 52702.92309411756491500 1.00000 7 
 fake.rf 1440.00000000 52712.87786566514371600 1.00000 7 
 fake.rf 1440.00000000 52722.84918456517565488 1.00000 7 
 fake.rf 1440.00000000 52732.81576813904916889 1.00000 7 
 fake.rf 1440.00000000 52742.81994538733395217 1.00000 7 
 fake.rf 1440.00000000 52752.75205858659914782 1.00000 7 
 fake.rf 1440.00000000 52762.76536991305544433 1.00000 7 
 fake.rf 1440.00000000 52772.73462700501944411 1.00000 7 
 fake.rf 1440.00000000 52782.71898027710761170 1.00000 7 
 fake.rf 1440.00000000 52792.62545824788214688 1.00000 7 
 fake.rf 1440.00000000 52802.67988597553266672 1.00000 7 
 fake.rf 1440.00000000 52812.58393060709745370 1.00000 7 
 fake.rf 1440.00000000 52822.59795226365185528 1.00000 7 
 fake.rf 1440.00000000 52832.58258778193023630 1.00000 7 
 fake.rf 1440.00000000 52842.53459210501099363 1.00000 7 
 fake.rf 1440.00000000 52852.46377610891034138 1.00000 7 
 fake.rf 1440.00000000 52862.43978067756377826 1.00000 7 
 fake.rf 1440.00000000 52872.42531458888447560 1.00000 7 
 fake.rf 1440.00000000 52882.40349323750369237 1.00000 7 
 fake.rf 1440.00000000 52892.42434994081912336 1.00000 7 
 fake.rf 1440.00000000 52902.34999206134204996 1.00000 7 
 fake.rf 1440.00000000 52912.34785052213500833 1.00000 7 
 fake.rf 1440.00000000 52922.28800941019309079 1.00000 7 
 fake.rf 1440.00000000 52932.24664024053512179 1.00000 7 
 fake.rf 1440.00000000 52942.22156744150206009 1.00000 7 
 fake.rf 1440.00000000 52952.19879276557427872 1.00000 7 
 fake.rf 1440.00000000 52962.22635252311669163 1.00000 7 
 fake.rf 1440.00000000 52972.14987246527504183 1.00000 7 
 fake.rf 1440.00000000 52982.14303603135165943 1.00000 7 
 fake.rf 1440.00000000 52992.13662782539820739 1.00000 7 
 fake.rf 1440.00000000 53002.05868649128248649 1.00000 7 
 fake.rf 1440.00000000 53012.03098961999242178 1.00000 7 
 fake.rf 1440.00000000 53022.00665728488396411 1.00000 7 
 fake.rf 1440.00000000 53032.01067254012576413 1.00000 7 
 fake.rf 1440.00000000 53041.97686357302706739 1.00000 7 
 fake.rf 1440.00000000 53051.98401279070387204 1.00000 7 
 fake.rf 1440.00000000 53061.94744560926040222 1.00000 7 
 fake.rf 1440.00000000 53071.87091894645211809 1.00000 7 
 fake.rf 1440.00000000 53081.87462962235781205 1.00000 7 
 fake.rf 1440.00000000 53091.84972002983572281 1.00000 7 
 fake.rf 1440.00000000 53101.79030902256359425 1.00000 7 
 fake.rf 1440.00000000 53111.79241842779449101 1.00000 7 
 fake.rf 1440.00000000 53121.78219109309419821 1.00000 7 
 fake.rf 1440.00000000 53131.76410609888787562 1.00000 7 
 fake.rf 1440.00000000 53141.69482198714369403 1.00000 7 
 fake.rf 1440.00000000 53151.66390333896110576 1.00000 7 
 fake.rf 1440.00000000 53161.68564001858534951 1.00000 7 
 fake.rf 1440.00000000 53171.61966480575518901 1.00000 7 
 fake.rf 1440.00000000 53181.60158438756637977 1.00000 7 
 fake.rf 1440.00000000 53191.54547073991669848 1.00000 7 
 fake.rf 1440.00000000 53201.52765654622143998 1.00000 7 
 fake.rf 1440.00000000 53211.54585589994334427 1.00000 7 
 fake.rf 1440.00000000 53221.51490506691363080 1.00000 7 
 fake.rf 1440.00000000 53231.46455407382836000 1.00000 7 
 fake.rf 1440.00000000 53241.46868864398564725 1.00000 7 
 fake.rf 1440.00000000 53251.43996931519337323 1.00000 7 
 fake.rf 1440.00000000 53261.39414797547580349 1.00000 7 
 fake.rf 1440.00000000 53271.36981329375847594 1.00000 7 
 fake.rf 1440.00000000 53281.29191826888490979 1.00000 7 
 fake.rf 1440.00000000 53291.26656480101355484 1.00000 7 
 fake.rf 1440.00000000 53301.26312625707784321 1.00000 7 
 fake.rf 1440.00000000 53311.21792756507261046 1.00000 7 
 fake.rf 1440.00000000 53321.19218156919281171 1.00000 7 
 fake.rf 1440.00000000 53331.19171499563963579 1.00000 7 
 fake.rf 1440.00000000 53341.17783588959188990 1.00000 7 
 fake.rf 1440.00000000 53351.14558527266576959 1.00000 7 
 fake.rf 1440.00000000 53361.09623892873378637 1.00000 7 
 fake.rf 1440.00000000 53371.07309695153223927 1.00000 7 
 fake.rf 1440.00000000 53381.07495734962808598 1.00000 7 
 fake.rf 1440.00000000 53391.05662604423108775 1.00000 7 
 fake.rf 1440.00000000 53401.03587878126492328 1.00000 7 
 fake.rf 1440.00000000 53411.00563251457275982 1.00000 7 
 fake.rf 1440.00000000 53420.93338158439013341 1.00000 7 
 fake.rf 1440.00000000 53430.92971132841902104 1.00000 7 
 fake.rf 1440.00000000 53440.90868442359827739 1.00000 7 
 fake.rf 1440.00000000 53450.87778705270538637 1.00000 7 
 fake.rf 1440.00000000 53460.87050248416088039 1.00000 7 
 fake.rf 1440.00000000 53470.81518322671742283 1.00000 7 
 fake.rf 1440.00000000 53480.74561497772051766 1.00000 7 
 fake.rf 1440.00000000 53490.74755432915013387 1.00000 7 
 fake.rf 1440.00000000 53500.74675909211787328 1.00000 7 
 fake.rf 1440.00000000 53510.68668097065471301 1.00000 7 
 fake.rf 1440.00000000 53520.65079073142263510 1.00000 7 
 fake.rf 1440.00000000 53530.64634895132550696 1.00000 7 
 fake.rf 1440.00000000 53540.64655751752417956 1.00000 7 
 fake.rf 1440.00000000 53550.55877280421217179 1.00000 7 
 fake.rf 1440.00000000 53560.55291610124742618 1.00000 7 
 fake.rf 1440.00000000 53570.53460764773687330 1.00000 7 
 fake.rf 1440.00000000 53580.53312589087484952 1.00000 7 
 fake.rf 1440.00000000 53590.47667848652490363 1.00000 7 
 fake.rf 1440.00000000 53600.46032093039572430 1.00000 7 
 fake.rf 1440.00000000 53610.39937162342289056 1.00000 7 
 fake.rf 1440.00000000 53620.40836318337620980 1.00000 7 
 fake.rf 1440.00000000 53630.39356396015540440 1.00000 7 
 fake.rf 1440.00000000 53640.35945242154491197 1.00000 7 
 fake.rf 1440.00000000 53650.29853585863425991 1.00000 7 
 fake.rf 1440.00000000 53660.27879036335738050 1.00000 7 
