FORMAT 1
MODE 1
 fake.rf 1440.00000000 50000.29048330136369671 1.00000 7 
 fake.rf 1440.00000000 50010.30032936729372040 1.00000 7 
 fake.rf 1440.00000000 50020.24063201714594840 1.00000 7 
 fake.rf 1440.00000000 50030.21204927615855595 1.00000 7 
 fake.rf 1440.00000000 50040.17531099173585218 1.00000 7 
 fake.rf 1440.00000000 50050.20751465547533954 1.00000 7 
 fake.rf 1440.00000000 50060.16873772353471495 1.00000 7 
 fake.rf 1440.00000000 50070.10534947909175685 1.00000 7 
 fake.rf 1440.00000000 50080.11891639369107310 1.00000 7 
 fake.rf 1440.00000000 50090.06859578121605736 1.00000 7 
 fake.rf 1440.00000000 50100.04767253404196836 1.00000 7 
 fake.rf 1440.00000000 50110.00774536947599103 1.00000 7 
 fake.rf 1440.00000000 50120.00244823384128878 1.00000 7 
 fake.rf 1440.00000000 50129.96275920145959049 1.00000 7 
 fake.rf 1440.00000000 50139.89888579991086104 1.00000 7 
 fake.rf 1440.00000000 50149.87458435461782003 1.00000 7 
 fake.rf 1440.00000000 50159.87065363820170560 1.00000 7 
 fake.rf 1440.00000000 50169.83655054463710243 1.00000 7 
 fake.rf 1440.00000000 50179.85722073041063851 1.00000 7 
 fake.rf 1440.00000000 50189.79113588136042523 1.00000 7 
 fake.rf 1440.00000000 50199.81305389057278532 1.00000 7 
 fake.rf 1440.00000000 50209.76686737470410549 1.00000 7 
 fake.rf 1440.00000000 50219.74836764908004838 1.00000 7 
 fake.rf 1440.00000000 50229.66548454458956385 1.00000 7 
 fake.rf 1440.00000000 50239.69213835533882673 1.00000 7 
 fake.rf 1440.00000000 50249.64447857093622218 1.00000 7 
 fake.rf 1440.00000000 50259.63977040411329256 1.00000 7 
 fake.rf 1440.00000000 50269.61421454018357835 1.00000 7 
 fake.rf 1440.00000000 50279.51273390389754780 1.00000 7 
 fake.rf 1440.00000000 50289.55048520794117195 1.00000 7 
 fake.rf 1440.00000000 50299.49862458969613499 1.00000 7 
 fake.rf 1440.00000000 50309.44413858839402209 1.00000 7 
 fake.rf 1440.00000000 50319.43570696099586570 1.00000 7 
 fake.rf 1440.00000000 50329.43478665138765038 1.00000 7 
 fake.rf 1440.00000000 50339.37902226443660680 1.00000 7 
 fake.rf 1440.00000000 50349.36115668533614098 1.00000 7 
 fake.rf 1440.00000000 50359.33641102758398489 1.00000 7 
 fake.rf 1440.00000000 50369.26917402957268877 1.00000 7 
 fake.rf 1440.00000000 50379.29855787654085120 1.00000 7 
 fake.rf 1440.00000000 50389.23135013816435190 1.00000 7 
 fake.rf 1440.00000000 50399.22443020434616656 1.00000 7 
 fake.rf 1440.00000000 50409.17686178646210848 1.00000 7 
 fake.rf 1440.00000000 50419.18036455878832314 1.00000 7 
 fake.rf 1440.00000000 50429.11211849995154921 1.00000 7 
 fake.rf 1440.00000000 50439.13549871863403240 1.00000 7 
 fake.rf 1440.00000000 50449.10243241958956162 1.00000 7 
 fake.rf 1440.00000000 50459.03718923292585430 1.00000 7 
 fake.rf 1440.00000000 50469.00060975177307654 1.00000 7 
 fake.rf 1440.00000000 50479.04407801496656916 1.00000 7 
 fake.rf 1440.00000000 50488.94347603507193156 1.00000 7 
 fake.rf 1440.00000000 50498.95144934100288836 1.00000 7 
 fake.rf 1440.00000000 50508.96080663826418800 1.00000 7 
 fake.rf 1440.00000000 50518.92465580045994500 1.00000 7 
 fake.rf 1440.00000000 50528.85810038002996336 1.00000 7 
 fake.rf 1440.00000000 50538.81187890585359668 1.00000 7 
 fake.rf 1440.00000000 50548.82968620076763244 1.00000 7 
 fake.rf 1440.00000000 50558.82610866753017120 1.00000 7 
 fake.rf 1440.00000000 50568.80248336536300968 1.00000 7 
 fake.rf 1440.00000000 50578.73870579914877155 1.00000 7 
 fake.rf 1440.00000000 50588.74428529184574543 1.00000 7 
 fake.rf 1440.00000000 50598.70238228842935513 1.00000 7 
 fake.rf 1440.00000000 50608.61404844288428961 1.00000 7 
 fake.rf 1440.00000000 50618.59244627490644675 1.00000 7 
 fake.rf 1440.00000000 50628.56941596329681232 1.00000 7 
 fake.rf 1440.00000000 50638.59079946496383684 1.00000 7 
 fake.rf 1440.00000000 50648.54073726103455755 1.00000 7 
 fake.rf 1440.00000000 50658.52714570634875102 1.00000 7 
 fake.rf 1440.00000000 50668.46775455616047523 1.00000 7 
 fake.rf 1440.00000000 50678.46109299954488492 1.00000 7 
 fake.rf 1440.00000000 50688.42085631034936455 1.00000 7 
 fake.rf 1440.00000000 50698.40489508015910047 1.00000 7 
 fake.rf 1440.00000000 50708.41861791694034878 1.00000 7 
 fake.rf 1440.00000000 50718.35811715354689966 1.00000 7 
 fake.rf 1440.00000000 50728.28962970159653167 1.00000 7 
 fake.rf 1440.00000000 50738.26241079992302474 1.00000 7 
 fake.rf 1440.00000000 50748.25259459919256244 1.00000 7 
 fake.rf 1440.00000000 50758.26167849617434413 1.00000 7 
 fake.rf 1440.00000000 50768.19652075893846543 1.00000 7 
 fake.rf 1440.00000000 50778.17742939469288643 1.00000 7 
 fake.rf 1440.00000000 50788.17395257182015911 1.00000 7 
 fake.rf 1440.00000000 50798.11883049707715898 1.00000 7 
 fake.rf 1440.00000000 50808.13501676726320611 1.00000 7 
 fake.rf 1440.00000000 50818.08486823893872852 1.00000 7 
 fake.rf 1440.00000000 50828.02089968710597034 1.00000 7 
 fake.rf 1440.00000000 50837.99783486835393020 1.00000 7 
 fake.rf 1440.00000000 50848.01210251901889592 1.00000 7 
 fake.rf 1440.00000000 50857.99324561437153491 1.00000 7 
 fake.rf 1440.00000000 50867.91057425796843461 1.00000 7 
 fake.rf 1440.00000000 50877.92852094771669869 1.00000 7 
 fake.rf 1440.00000000 50887.87319080457884724 1.00000 7 
 fake.rf 1440.00000000 50897.82340326042854883 1.00000 7 
 fake.rf 1440.00000000 50907.82675128015072019 1.00000 7 
 fake.rf 1440.00000000 50917.79372494895891066 1.00000 7 
 fake.rf 1440.00000000 50927.74963958537599495 1.00000 7 
 fake.rf 1440.00000000 50937.75726162480853176 1.00000 7 
 fake.rf 1440.00000000 50947.68958981154039378 1.00000 7 
 fake.rf 1440.00000000 50957.70607991000120407 1.00000 7 
 fake.rf 1440.00000000 50967.64408139030470934 1.00000 7 
 fake.rf 1440.00000000 50977.62765607748679741 1.00000 7 
 fake.rf 1440.00000000 50987.58145561085625985 1.00000 7 
 fake.rf 1440.00000000 50997.58985806168896460 1.00000 7 
 fake.rf 1440.00000000 51007.58477587247037732 1.00000 7 
 fake.rf 1440.00000000 51017.49626925046276682 1.00000 7 
 fake.rf 1440.00000000 51027.47147526118652650 1.00000 7 
 fake.rf 1440.00000000 51037.50854328441490182 1.00000 7 
 fake.rf 1440.00000000 51047.42012211795724497 1.00000 7 
 fake.rf 1440.00000000 51057.41281622982470623 1.00000 7 
 fake.rf 1440.00000000 51067.40293917063655726 1.00000 7 
 fake.rf 1440.00000000 51077.35999792544184217 1.00000 7 
 fake.rf 1440.00000000 51087.36090500214240606 1.00000 7 
 fake.rf 1440.00000000 51097.29152211966653496 1.00000 7 
 fake.rf 1440.00000000 51107.30409646214810238 1.00000 7 
 fake.rf 1440.00000000 51117.26516082709779454 1.00000 7 
 fake.rf 1440.00000000 51127.25626707479415245 1.00000 7 
 fake.rf 1440.00000000 51137.23217720650153240 1.00000 7 
 fake.rf 1440.00000000 51147.19748107422231342 1.00000 7 
 fake.rf 1440.00000000 51157.14682598081576614 1.00000 7 
 fake.rf 1440.00000000 51167.13118350904809972 1.00000 7 
 fake.rf 1440.00000000 51177.12445369571715048 1.00000 7 
 fake.rf 1440.00000000 51187.03571630456870167 1.00000 7 
 fake.rf 1440.00000000 51197.07538135832891157 1.00000 7 
 fake.rf 1440.00000000 51207.04616833859400415 1.00000 7 
 fake.rf 1440.00000000 51216.98808328740250673 1.00000 7 
 fake.rf 1440.00000000 51226.93869301816219419 1.00000 7 
 fake.rf 1440.00000000 51236.89269899281172371 1.00000 7 
 fake.rf 1440.00000000 51246.86954028973901032 1.00000 7 
 fake.rf 1440.00000000 51256.86311587229343445 1.00000 7 
 fake.rf 1440.00000000 51266.86091626322871662 1.00000 7 
 fake.rf 1440.00000000 51276.80306338865717919 1.00000 7 
 fake.rf 1440.00000000 51286.80751798814302944 1.00000 7 
 fake.rf 1440.00000000 51296.78642227181531865 1.00000 7 
 fake.rf 1440.00000000 51306.76427615736084675 1.00000 7 
 fake.rf 1440.00000000 51316.70761959320202905 1.00000 7 
 fake.rf 1440.00000000 51326.70865490408252896 1.00000 7 
 fake.rf 1440.00000000 51336.68901913395290393 1.00000 7 
 fake.rf 1440.00000000 51346.61340158036713532 1.00000 7 
 fake.rf 1440.00000000 51356.63665337598542848 1.00000 7 
 fake.rf 1440.00000000 51366.55368275960876545 1.00000 7 
 fake.rf 1440.00000000 51376.57882580687820351 1.00000 7 
 fake.rf 1440.00000000 51386.50310733565013877 1.00000 7 
 fake.rf 1440.00000000 51396.53168147194258353 1.00000 7 
 fake.rf 1440.00000000 51406.43141262261023172 1.00000 7 
 fake.rf 1440.00000000 51416.47890619629373177 1.00000 7 
 fake.rf 1440.00000000 51426.41251568144324224 1.00000 7 
 fake.rf 1440.00000000 51436.41399074924935420 1.00000 7 
 fake.rf 1440.00000000 51446.38136542584109634 1.00000 7 
 fake.rf 1440.00000000 51456.30758311647586112 1.00000 7 
 fake.rf 1440.00000000 51466.28570741614078088 1.00000 7 
 fake.rf 1440.00000000 51476.26474399150766459 1.00000 7 
 fake.rf 1440.00000000 51486.21153619203547080 1.00000 7 
 fake.rf 1440.00000000 51496.21156076736125229 1.00000 7 
 fake.rf 1440.00000000 51506.17423338407730782 1.00000 7 
 fake.rf 1440.00000000 51516.20245025913350290 1.00000 7 
 fake.rf 1440.00000000 51526.17169408531800912 1.00000 7 
 fake.rf 1440.00000000 51536.11228078183346568 1.00000 7 
 fake.rf 1440.00000000 51546.12180794885754764 1.00000 7 
 fake.rf 1440.00000000 51556.09519743700653294 1.00000 7 
 fake.rf 1440.00000000 51566.05666404050015927 1.00000 7 
 fake.rf 1440.00000000 51576.00796259910120511 1.00000 7 
 fake.rf 1440.00000000 51585.95080352812065172 1.00000 7 
 fake.rf 1440.00000000 51595.94402908638812733 1.00000 7 
 fake.rf 1440.00000000 51605.90153622110964449 1.00000 7 
 fake.rf 1440.00000000 51615.93286873450260188 1.00000 7 
 fake.rf 1440.00000000 51625.89674204028215243 1.00000 7 
 fake.rf 1440.00000000 51635.79925550656256661 1.00000 7 
 fake.rf 1440.00000000 51645.83825657536743137 1.00000 7 
 fake.rf 1440.00000000 51655.75381664987900976 1.00000 7 
 fake.rf 1440.00000000 51665.79021958877279985 1.00000 7 
 fake.rf 1440.00000000 51675.69022105525096933 1.00000 7 
 fake.rf 1440.00000000 51685.74156183854857005 1.00000 7 
 fake.rf 1440.00000000 51695.64621730753178497 1.00000 7 
 fake.rf 1440.00000000 51705.68543056031829508 1.00000 7 
 fake.rf 1440.00000000 51715.66380682305143779 1.00000 7 
 fake.rf 1440.00000000 51725.55992687436967259 1.00000 7 
 fake.rf 1440.00000000 51735.56005395441181705 1.00000 7 
 fake.rf 1440.00000000 51745.56720960182544644 1.00000 7 
 fake.rf 1440.00000000 51755.54134201022459294 1.00000 7 
 fake.rf 1440.00000000 51765.49499111679529051 1.00000 7 
 fake.rf 1440.00000000 51775.42424207725338903 1.00000 7 
 fake.rf 1440.00000000 51785.40471536261786056 1.00000 7 
 fake.rf 1440.00000000 51795.41579435197205328 1.00000 7 
 fake.rf 1440.00000000 51805.37237420488640538 1.00000 7 
 fake.rf 1440.00000000 51815.34282447351348466 1.00000 7 
 fake.rf 1440.00000000 51825.32609131063867736 1.00000 7 
 fake.rf 1440.00000000 51835.27921933515094821 1.00000 7 
 fake.rf 1440.00000000 51845.30089396706233984 1.00000 7 
 fake.rf 1440.00000000 51855.23765896444309931 1.00000 7 
 fake.rf 1440.00000000 51865.19148080316321625 1.00000 7 
 fake.rf 1440.00000000 51875.20192637725458695 1.00000 7 
 fake.rf 1440.00000000 51885.11729425661162551 1.00000 7 
 fake.rf 1440.00000000 51895.12459471266165423 1.00000 7 
 fake.rf 1440.00000000 51905.07223682687510191 1.00000 7 
 fake.rf 1440.00000000 51915.05574953083625900 1.00000 7 
 fake.rf 1440.00000000 51925.03835346585197286 1.00000 7 
 fake.rf 1440.00000000 51935.06050655057428145 1.00000 7 
 fake.rf 1440.00000000 51944.97383705178266311 1.00000 7 
 fake.rf 1440.00000000 51954.93941307952098185 1.00000 7 
 fake.rf 1440.00000000 51964.90443058464570569 1.00000 7 
 fake.rf 1440.00000000 51974.88146835234672949 1.00000 7 
 fake.rf 1440.00000000 51984.85768351499156026 1.00000 7 
 fake.rf 1440.00000000 51994.81801278250619092 1.00000 7 
 fake.rf 1440.00000000 52004.81034370917603127 1.00000 7 
 fake.rf 1440.00000000 52014.76974309657439122 1.00000 7 
 fake.rf 1440.00000000 52024.73575298715951476 1.00000 7 
 fake.rf 1440.00000000 52034.73484159999851428 1.00000 7 
 fake.rf 1440.00000000 52044.72167241369712798 1.00000 7 
 fake.rf 1440.00000000 52054.72214230490674680 1.00000 7 
 fake.rf 1440.00000000 52064.63933432502352971 1.00000 7 
 fake.rf 1440.00000000 52074.60711856873061620 1.00000 7 
 fake.rf 1440.00000000 52084.64747708198196818 1.00000 7 
 fake.rf 1440.00000000 52094.57244672253651174 1.00000 7 
 fake.rf 1440.00000000 52104.57861428459988318 1.00000 7 
 fake.rf 1440.00000000 52114.51952365311127124 1.00000 7 
 fake.rf 1440.00000000 52124.52558121753431308 1.00000 7 
 fake.rf 1440.00000000 52134.45898664025240166 1.00000 7 
 fake.rf 1440.00000000 52144.46366169894070453 1.00000 7 
 fake.rf 1440.00000000 52154.43536487351864039 1.00000 7 
 fake.rf 1440.00000000 52164.41617296443859786 1.00000 7 
 fake.rf 1440.00000000 52174.40197422594239285 1.00000 7 
 fake.rf 1440.00000000 52184.32809395699601041 1.00000 7 
 fake.rf 1440.00000000 52194.33490760724203739 1.00000 7 
 fake.rf 1440.00000000 52204.27198028881235459 1.00000 7 
 fake.rf 1440.00000000 52214.25637981379857777 1.00000 7 
 fake.rf 1440.00000000 52224.19067715181569511 1.00000 7 
 fake.rf 1440.00000000 52234.22099146304320882 1.00000 7 
 fake.rf 1440.00000000 52244.17151505376886078 1.00000 7 
 fake.rf 1440.00000000 52254.12978059686455268 1.00000 7 
 fake.rf 1440.00000000 52264.15297525196375261 1.00000 7 
 fake.rf 1440.00000000 52274.09582067686354634 1.00000 7 
 fake.rf 1440.00000000 52284.05842830575434732 1.00000 7 
 fake.rf 1440.00000000 52294.00180912519829590 1.00000 7 
 fake.rf 1440.00000000 52304.01562149987340788 1.00000 7 
 fake.rf 1440.00000000 52313.99786438487174678 1.00000 7 
 fake.rf 1440.00000000 52323.92794893611121054 1.00000 7 
 fake.rf 1440.00000000 52333.93507553738217908 1.00000 7 
 fake.rf 1440.00000000 52343.94371135495337199 1.00000 7 
 fake.rf 1440.00000000 52353.88793105030321939 1.00000 7 
 fake.rf 1440.00000000 52363.83949853024009258 1.00000 7 
 fake.rf 1440.00000000 52373.79263070582220863 1.00000 7 
 fake.rf 1440.00000000 52383.81527232377845849 1.00000 7 
 fake.rf 1440.00000000 52393.75116931220800964 1.00000 7 
 fake.rf 1440.00000000 52403.73990877299596036 1.00000 7 
 fake.rf 1440.00000000 52413.71268898911333167 1.00000 7 
 fake.rf 1440.00000000 52423.70013300546543533 1.00000 7 
 fake.rf 1440.00000000 52433.63890103271068099 1.00000 7 
 fake.rf 1440.00000000 52443.65572431337255210 1.00000 7 
 fake.rf 1440.00000000 52453.59181440467930457 1.00000 7 
 fake.rf 1440.00000000 52463.61292328132059382 1.00000 7 
 fake.rf 1440.00000000 52473.55452567001578501 1.00000 7 
 fake.rf 1440.00000000 52483.50372131960260447 1.00000 7 
 fake.rf 1440.00000000 52493.47825425796139953 1.00000 7 
 fake.rf 1440.00000000 52503.45397461664765970 1.00000 7 
 fake.rf 1440.00000000 52513.45088066018832507 1.00000 7 
 fake.rf 1440.00000000 52523.43711742452979863 1.00000 7 
 fake.rf 1440.00000000 52533.37443947669213173 1.00000 7 
 fake.rf 1440.00000000 52543.34563081426238895 1.00000 7 
 fake.rf 1440.00000000 52553.30969552249782240 1.00000 7 
 fake.rf 1440.00000000 52563.31592076347598308 1.00000 7 
 fake.rf 1440.00000000 52573.25427776180189809 1.00000 7 
 fake.rf 1440.00000000 52583.27182558139831414 1.00000 7 
 fake.rf 1440.00000000 52593.18462944989169117 1.00000 7 
 fake.rf 1440.00000000 52603.17700492541837320 1.00000 7 
 fake.rf 1440.00000000 52613.15233611067086983 1.00000 7 
 fake.rf 1440.00000000 52623.15802052626586160 1.00000 7 
 fake.rf 1440.00000000 52633.10778489675019998 1.00000 7 
 fake.rf 1440.00000000 52643.11754701559410918 1.00000 7 
 fake.rf 1440.00000000 52653.07583822062035850 1.00000 7 
 fake.rf 1440.00000000 52662.99712665728436534 1.00000 7 
 fake.rf 1440.00000000 52672.98576056363507902 1.00000 7 
 fake.rf 1440.00000000 52683.00782162548824417 1.00000 7 
 fake.rf 1440.00000000 52692.97905599602916382 1.00000 7 
 fake.rf 1440.00000000 52702.93089123991124723 1.00000 7 
 fake.rf 1440.00000000 52712.88566277315693753 1.00000 7 
 fake.rf 1440.00000000 52722.85698168389493290 1.00000 7 
 fake.rf 1440.00000000 52732.82356526797919472 1.00000 7 
 fake.rf 1440.00000000 52742.82774248978203957 1.00000 7 
 fake.rf 1440.00000000 52752.75985569843749801 1.00000 7 
 fake.rf 1440.00000000 52762.77316703407953469 1.00000 7 
 fake.rf 1440.00000000 52772.74242412787385348 1.00000 7 
 fake.rf 1440.00000000 52782.72677740268897040 1.00000 7 
 fake.rf 1440.00000000 52792.63325536985396269 1.00000 7 
 fake.rf 1440.00000000 52802.68768309507695591 1.00000 7 
 fake.rf 1440.00000000 52812.59172770791235152 1.00000 7 
 fake.rf 1440.00000000 52822.60574939732168431 1.00000 7 
 fake.rf 1440.00000000 52832.59038489727089782 1.00000 7 
 fake.rf 1440.00000000 52842.54238921947676388 1.00000 7 
 fake.rf 1440.00000000 52852.47157323218135616 1.00000 7 
 fake.rf 1440.00000000 52862.44757778709447749 1.00000 7 
 fake.rf 1440.00000000 52872.43311169981600628 1.00000 7 
 fake.rf 1440.00000000 52882.41129035780604184 1.00000 7 
 fake.rf 1440.00000000 52892.43214703862631509 1.00000 7 
 fake.rf 1440.00000000 52902.35778915781863674 1.00000 7 
 fake.rf 1440.00000000 52912.35564765054139258 1.00000 7 
 fake.rf 1440.00000000 52922.29580651712262096 1.00000 7 
 fake.rf 1440.00000000 52932.25443737302759928 1.00000 7 
 fake.rf 1440.00000000 52942.22936457430513002 1.00000 7 
 fake.rf 1440.00000000 52952.20658989201914579 1.00000 7 
 fake.rf 1440.00000000 52962.23414961848161653 1.00000 7 
 fake.rf 1440.00000000 52972.15766957722927444 1.00000 7 
 fake.rf 1440.00000000 52982.15083314060808206 1.00000 7 
 fake.rf 1440.00000000 52992.14442493528807887 1.00000 7 
 fake.rf 1440.00000000 53002.06648360171871914 1.00000 7 
 fake.rf 1440.00000000 53012.03878672169826203 1.00000 7 
 fake.rf 1440.00000000 53022.01445439690242623 1.00000 7 
 fake.rf 1440.00000000 53032.01846965603242268 1.00000 7 
 fake.rf 1440.00000000 53041.98466068690105502 1.00000 7 
 fake.rf 1440.00000000 53051.99180991716135836 1.00000 7 
 fake.rf 1440.00000000 53061.95524270772788000 1.00000 7 
 fake.rf 1440.00000000 53071.87871606805306968 1.00000 7 
 fake.rf 1440.00000000 53081.88242674639882424 1.00000 7 
 fake.rf 1440.00000000 53091.85751712656761114 1.00000 7 
 fake.rf 1440.00000000 53101.79810613094126381 1.00000 7 
 fake.rf 1440.00000000 53111.80021553739234363 1.00000 7 
 fake.rf 1440.00000000 53121.78998819746320592 1.00000 7 
 fake.rf 1440.00000000 53131.77190321715410093 1.00000 7 
 fake.rf 1440.00000000 53141.70261911554866074 1.00000 7 
 fake.rf 1440.00000000 53151.67170046411035855 1.00000 7 
 fake.rf 1440.00000000 53161.69343713383804229 1.00000 7 
 fake.rf 1440.00000000 53171.62746190886178965 1.00000 7 
 fake.rf 1440.00000000 53181.60938149709088663 1.00000 7 
 fake.rf 1440.00000000 53191.55326784304539345 1.00000 7 
 fake.rf 1440.00000000 53201.53545365359577701 1.00000 7 
 fake.rf 1440.00000000 53211.55365301140025025 1.00000 7 
 fake.rf 1440.00000000 53221.52270218523627321 1.00000 7 
 fake.rf 1440.00000000 53231.47235118614204907 1.00000 7 
 fake.rf 1440.00000000 53241.47648574785299402 1.00000 7 
 fake.rf 1440.00000000 53251.44776645130145809 1.00000 7 
 fake.rf 1440.00000000 53261.40194508947652352 1.00000 7 
 fake.rf 1440.00000000 53271.37761040155335124 1.00000 7 
 fake.rf 1440.00000000 53281.29971536797087239 1.00000 7 
 fake.rf 1440.00000000 53291.27436192715558860 1.00000 7 
 fake.rf 1440.00000000 53301.27092337053233706 1.00000 7 
 fake.rf 1440.00000000 53311.22572466743895703 1.00000 7 
 fake.rf 1440.00000000 53321.19997867436867267 1.00000 7 
 fake.rf 1440.00000000 53331.19951210707193212 1.00000 7 
 fake.rf 1440.00000000 53341.18563300082007572 1.00000 7 
 fake.rf 1440.00000000 53351.15338239439143209 1.00000 7 
 fake.rf 1440.00000000 53361.10403605132712812 1.00000 7 
 fake.rf 1440.00000000 53371.08089407455850761 1.00000 7 
 fake.rf 1440.00000000 53381.08275446388626762 1.00000 7 
 fake.rf 1440.00000000 53391.06442315075191729 1.00000 7 
 fake.rf 1440.00000000 53401.04367590510720376 1.00000 7 
 fake.rf 1440.00000000 53411.01342963078801063 1.00000 7 
 fake.rf 1440.00000000 53420.94117870567097839 1.00000 7 
 fake.rf 1440.00000000 53430.93750844806896794 1.00000 7 
 fake.rf 1440.00000000 53440.91648151769057407 1.00000 7 
 fake.rf 1440.00000000 53450.88558416555374819 1.00000 7 
 fake.rf 1440.00000000 53460.87829959452589890 1.00000 7 
 fake.rf 1440.00000000 53470.82298034280129784 1.00000 7 
 fake.rf 1440.00000000 53480.75341209720128433 1.00000 7 
 fake.rf 1440.00000000 53490.75535145133272152 1.00000 7 
 fake.rf 1440.00000000 53500.75455620375048582 1.00000 7 
 fake.rf 1440.00000000 53510.69447809084615741 1.00000 7 
 fake.rf 1440.00000000 53520.65858782635214297 1.00000 7 
 fake.rf 1440.00000000 53530.65414606867033598 1.00000 7 
 fake.rf 1440.00000000 53540.65435463380762471 1.00000 7 
 fake.rf 1440.00000000 53550.56656993771435893 1.00000 7 
 fake.rf 1440.00000000 53560.56071320182673645 1.00000 7 
 fake.rf 1440.00000000 53570.54240475646584585 1.00000 7 
 fake.rf 1440.00000000 53580.54092302880663468 1.00000 7 
 fake.rf 1440.00000000 53590.48447559898979264 1.00000 7 
 fake.rf 1440.00000000 53600.46811802821373050 1.00000 7 
 fake.rf 1440.00000000 53610.40716873575424017 1.00000 7 
 fake.rf 1440.00000000 53620.41616028650251380 1.00000 7 
 fake.rf 1440.00000000 53630.40136106622747292 1.00000 7 
 fake.rf 1440.00000000 53640.36724952006618139 1.00000 7 
 fake.rf 1440.00000000 53650.30633298959170929 1.00000 7 
 fake.rf 1440.00000000 53660.28658748426611425 1.00000 7 
