FORMAT 1
MODE 1
 fake.rf 1440.00000000 50000.30861020298638309 1.00000 7 
 fake.rf 1440.00000000 50010.31845625233168207 1.00000 7 
 fake.rf 1440.00000000 50020.25875889824014564 1.00000 7 
 fake.rf 1440.00000000 50030.23017616182810841 1.00000 7 
 fake.rf 1440.00000000 50040.19343789292763702 1.00000 7 
 fake.rf 1440.00000000 50050.22564157792525563 1.00000 7 
 fake.rf 1440.00000000 50060.18686460370300750 1.00000 7 
 fake.rf 1440.00000000 50070.12347637514177734 1.00000 7 
 fake.rf 1440.00000000 50080.13704328584717373 1.00000 7 
 fake.rf 1440.00000000 50090.08672269884459993 1.00000 7 
 fake.rf 1440.00000000 50100.06579943634884344 1.00000 7 
 fake.rf 1440.00000000 50110.02587226746442184 1.00000 7 
 fake.rf 1440.00000000 50120.02057513570062852 1.00000 7 
 fake.rf 1440.00000000 50129.98088611602139153 1.00000 7 
 fake.rf 1440.00000000 50139.91701269527310458 1.00000 7 
 fake.rf 1440.00000000 50149.89271125339338298 1.00000 7 
 fake.rf 1440.00000000 50159.88878055163477399 1.00000 7 
 fake.rf 1440.00000000 50169.85467744661687917 1.00000 7 
 fake.rf 1440.00000000 50179.87534762224665030 1.00000 7 
 fake.rf 1440.00000000 50189.80926276357021010 1.00000 7 
 fake.rf 1440.00000000 50199.83118078464596223 1.00000 7 
 fake.rf 1440.00000000 50209.78499429921173913 1.00000 7 
 fake.rf 1440.00000000 50219.76649455099779473 1.00000 7 
 fake.rf 1440.00000000 50229.68361143885670472 1.00000 7 
 fake.rf 1440.00000000 50239.71026527104523041 1.00000 7 
 fake.rf 1440.00000000 50249.66260548632687843 1.00000 7 
 fake.rf 1440.00000000 50259.65789732772288190 1.00000 7 
 fake.rf 1440.00000000 50269.63234145464867098 1.00000 7 
 fake.rf 1440.00000000 50279.53086079911161121 1.00000 7 
 fake.rf 1440.00000000 50289.56861210833738696 1.00000 7 
 fake.rf 1440.00000000 50299.51675146933756011 1.00000 7 
 fake.rf 1440.00000000 50309.46226550178860748 1.00000 7 
 fake.rf 1440.00000000 50319.45383386622349420 1.00000 7 
 fake.rf 1440.00000000 50329.45291354126211658 1.00000 7 
 fake.rf 1440.00000000 50339.39714915859740785 1.00000 7 
 fake.rf 1440.00000000 50349.37928357629467513 1.00000 7 
 fake.rf 1440.00000000 50359.35453794375249714 1.00000 7 
 fake.rf 1440.00000000 50369.28730093311172311 1.00000 7 
 fake.rf 1440.00000000 50379.31668479770900149 1.00000 7 
 fake.rf 1440.00000000 50389.24947703732131643 1.00000 7 
 fake.rf 1440.00000000 50399.24255709152767935 1.00000 7 
 fake.rf 1440.00000000 50409.19498869143384567 1.00000 7 
 fake.rf 1440.00000000 50419.19849146381734784 1.00000 7 
 fake.rf 1440.00000000 50429.13024539753124031 1.00000 7 
 fake.rf 1440.00000000 50439.15362562677452374 1.00000 7 
 fake.rf 1440.00000000 50449.12055933017028053 1.00000 7 
 fake.rf 1440.00000000 50459.05531613461718621 1.00000 7 
 fake.rf 1440.00000000 50469.01873663806731329 1.00000 7 
 fake.rf 1440.00000000 50479.06220492779995368 1.00000 7 
 fake.rf 1440.00000000 50488.96160294479048147 1.00000 7 
 fake.rf 1440.00000000 50498.96957623398645509 1.00000 7 
 fake.rf 1440.00000000 50508.97893352394323330 1.00000 7 
 fake.rf 1440.00000000 50518.94278270407811249 1.00000 7 
 fake.rf 1440.00000000 50528.87622726236788395 1.00000 7 
 fake.rf 1440.00000000 50538.83000581521758932 1.00000 7 
 fake.rf 1440.00000000 50548.84781311133059134 1.00000 7 
 fake.rf 1440.00000000 50558.84423557820597495 1.00000 7 
 fake.rf 1440.00000000 50568.82061027430414768 1.00000 7 
 fake.rf 1440.00000000 50578.75683272311226091 1.00000 7 
 fake.rf 1440.00000000 50588.76241219069413901 1.00000 7 
 fake.rf 1440.00000000 50598.72050918867359215 1.00000 7 
 fake.rf 1440.00000000 50608.63217534421950461 1.00000 7 
 fake.rf 1440.00000000 50618.61057318743262456 1.00000 7 
 fake.rf 1440.00000000 50628.58754287394189575 1.00000 7 
 fake.rf 1440.00000000 50638.60892638764265072 1.00000 7 
 fake.rf 1440.00000000 50648.55886417149329759 1.00000 7 
 fake.rf 1440.00000000 50658.54527258863733508 1.00000 7 
 fake.rf 1440.00000000 50668.48588146342735072 1.00000 7 
 fake.rf 1440.00000000 50678.47921992175150763 1.00000 7 
 fake.rf 1440.00000000 50688.43898321787183292 1.00000 7 
 fake.rf 1440.00000000 50698.42302199925930850 1.00000 7 
 fake.rf 1440.00000000 50708.43674484056299789 1.00000 7 
 fake.rf 1440.00000000 50718.37624405231490243 1.00000 7 
 fake.rf 1440.00000000 50728.30775660054412413 1.00000 7 
 fake.rf 1440.00000000 50738.28053769168085552 1.00000 7 
 fake.rf 1440.00000000 50748.27072149159481285 1.00000 7 
 fake.rf 1440.00000000 50758.27980538750314210 1.00000 7 
 fake.rf 1440.00000000 50768.21464764693485350 1.00000 7 
 fake.rf 1440.00000000 50778.19555628986881146 1.00000 7 
 fake.rf 1440.00000000 50788.19207946546017141 1.00000 7 
 fake.rf 1440.00000000 50798.13695739145023822 1.00000 7 
 fake.rf 1440.00000000 50808.15314366017552672 1.00000 7 
 fake.rf 1440.00000000 50818.10299513666168636 1.00000 7 
 fake.rf 1440.00000000 50828.03902658875899334 1.00000 7 
 fake.rf 1440.00000000 50838.01596177347444083 1.00000 7 
 fake.rf 1440.00000000 50848.03022944107980763 1.00000 7 
 fake.rf 1440.00000000 50858.01137252478240214 1.00000 7 
 fake.rf 1440.00000000 50867.92870115742686465 1.00000 7 
 fake.rf 1440.00000000 50877.94664784741655339 1.00000 7 
 fake.rf 1440.00000000 50887.89131769994415677 1.00000 7 
 fake.rf 1440.00000000 50897.84153015957334532 1.00000 7 
 fake.rf 1440.00000000 50907.84487819380113649 1.00000 7 
 fake.rf 1440.00000000 50917.81185184121770604 1.00000 7 
 fake.rf 1440.00000000 50927.76776649862343405 1.00000 7 
 fake.rf 1440.00000000 50937.77538851334255199 1.00000 7 
 fake.rf 1440.00000000 50947.70771670486578131 1.00000 7 
 fake.rf 1440.00000000 50957.72420681470180526 1.00000 7 
 fake.rf 1440.00000000 50967.66220829218023525 1.00000 7 
 fake.rf 1440.00000000 50977.64578296908217325 1.00000 7 
 fake.rf 1440.00000000 50987.59958251540171048 1.00000 7 
 fake.rf 1440.00000000 50997.60798497242038252 1.00000 7 
 fake.rf 1440.00000000 51007.60290278437442524 1.00000 7 
 fake.rf 1440.00000000 51017.51439614848986182 1.00000 7 
 fake.rf 1440.00000000 51027.48960215934018336 1.00000 7 
 fake.rf 1440.00000000 51037.52667020445371548 1.00000 7 
 fake.rf 1440.00000000 51047.43824902000406141 1.00000 7 
 fake.rf 1440.00000000 51057.43094315264907479 1.00000 7 
 fake.rf 1440.00000000 51067.42106607443678712 1.00000 7 
 fake.rf 1440.00000000 51077.37812483167758515 1.00000 7 
 fake.rf 1440.00000000 51087.37903191887689758 1.00000 7 
 fake.rf 1440.00000000 51097.30964901363581987 1.00000 7 
 fake.rf 1440.00000000 51107.32222335758772758 1.00000 7 
 fake.rf 1440.00000000 51117.28328771721261603 1.00000 7 
 fake.rf 1440.00000000 51127.27439397882854166 1.00000 7 
 fake.rf 1440.00000000 51137.25030408847462837 1.00000 7 
 fake.rf 1440.00000000 51147.21560796652958558 1.00000 7 
 fake.rf 1440.00000000 51157.16495286573191237 1.00000 7 
 fake.rf 1440.00000000 51167.14931041937873957 1.00000 7 
 fake.rf 1440.00000000 51177.14258061286951929 1.00000 7 
 fake.rf 1440.00000000 51187.05384319866206155 1.00000 7 
 fake.rf 1440.00000000 51197.09350826058948059 1.00000 7 
 fake.rf 1440.00000000 51207.06429524673286835 1.00000 7 
 fake.rf 1440.00000000 51217.00621020080759749 1.00000 7 
 fake.rf 1440.00000000 51226.95681994134915271 1.00000 7 
 fake.rf 1440.00000000 51236.91082589963417959 1.00000 7 
 fake.rf 1440.00000000 51246.88766720038756475 1.00000 7 
 fake.rf 1440.00000000 51256.88124277781424709 1.00000 7 
 fake.rf 1440.00000000 51266.87904315130932886 1.00000 7 
 fake.rf 1440.00000000 51276.82119029618233341 1.00000 7 
 fake.rf 1440.00000000 51286.82564488618149667 1.00000 7 
 fake.rf 1440.00000000 51296.80454914860883520 1.00000 7 
 fake.rf 1440.00000000 51306.78240305434600188 1.00000 7 
 fake.rf 1440.00000000 51316.72574649837965310 1.00000 7 
 fake.rf 1440.00000000 51326.72678181061796820 1.00000 7 
 fake.rf 1440.00000000 51336.70714605621252247 1.00000 7 
 fake.rf 1440.00000000 51346.63152849499408248 1.00000 7 
 fake.rf 1440.00000000 51356.65478028107104436 1.00000 7 
 fake.rf 1440.00000000 51366.57180966249801202 1.00000 7 
 fake.rf 1440.00000000 51376.59695269990321620 1.00000 7 
 fake.rf 1440.00000000 51386.52123426293835351 1.00000 7 
 fake.rf 1440.00000000 51396.54980838899847129 1.00000 7 
 fake.rf 1440.00000000 51406.44953951161637207 1.00000 7 
 fake.rf 1440.00000000 51416.49703309312240762 1.00000 7 
 fake.rf 1440.00000000 51426.43064256886007968 1.00000 7 
 fake.rf 1440.00000000 51436.43211763750129251 1.00000 7 
 fake.rf 1440.00000000 51446.39949233065107492 1.00000 7 
 fake.rf 1440.00000000 51456.32571003542153321 1.00000 7 
 fake.rf 1440.00000000 51466.30383433512819025 1.00000 7 
 fake.rf 1440.00000000 51476.28287090766089307 1.00000 7 
 fake.rf 1440.00000000 51486.22966310438937398 1.00000 7 
 fake.rf 1440.00000000 51496.22968765967751636 1.00000 7 
 fake.rf 1440.00000000 51506.19236030461213360 1.00000 7 
 fake.rf 1440.00000000 51516.22057715957295798 1.00000 7 
 fake.rf 1440.00000000 51526.18982098761560451 1.00000 7 
 fake.rf 1440.00000000 51536.13040768583502427 1.00000 7 
 fake.rf 1440.00000000 51546.13993484622422869 1.00000 7 
 fake.rf 1440.00000000 51556.11332431456472136 1.00000 7 
 fake.rf 1440.00000000 51566.07479094004895259 1.00000 7 
 fake.rf 1440.00000000 51576.02608950678768096 1.00000 7 
 fake.rf 1440.00000000 51585.96893043164439163 1.00000 7 
 fake.rf 1440.00000000 51595.96215596188616104 1.00000 7 
 fake.rf 1440.00000000 51605.91966312769191561 1.00000 7 
 fake.rf 1440.00000000 51615.95099564111644241 1.00000 7 
 fake.rf 1440.00000000 51625.91486892213263715 1.00000 7 
 fake.rf 1440.00000000 51635.81738238760359039 1.00000 7 
 fake.rf 1440.00000000 51645.85638348771801631 1.00000 7 
 fake.rf 1440.00000000 51655.77194355203724285 1.00000 7 
 fake.rf 1440.00000000 51665.80834648395844866 1.00000 7 
 fake.rf 1440.00000000 51675.70834795663943595 1.00000 7 
 fake.rf 1440.00000000 51685.75968873208458376 1.00000 7 
 fake.rf 1440.00000000 51695.66434422571626683 1.00000 7 
 fake.rf 1440.00000000 51705.70355745056425789 1.00000 7 
 fake.rf 1440.00000000 51715.68193374510529026 1.00000 7 
 fake.rf 1440.00000000 51725.57805378206022695 1.00000 7 
 fake.rf 1440.00000000 51735.57818084978525874 1.00000 7 
 fake.rf 1440.00000000 51745.58533650117003688 1.00000 7 
 fake.rf 1440.00000000 51755.55946889993730764 1.00000 7 
 fake.rf 1440.00000000 51765.51311801293848802 1.00000 7 
 fake.rf 1440.00000000 51775.44236897825888377 1.00000 7 
 fake.rf 1440.00000000 51785.42284227702901589 1.00000 7 
 fake.rf 1440.00000000 51795.43392125085701494 1.00000 7 
 fake.rf 1440.00000000 51805.39050110094332879 1.00000 7 
 fake.rf 1440.00000000 51815.36095137673722988 1.00000 7 
 fake.rf 1440.00000000 51825.34421819904380513 1.00000 7 
 fake.rf 1440.00000000 51835.29734623776397839 1.00000 7 
 fake.rf 1440.00000000 51845.31902086507785299 1.00000 7 
 fake.rf 1440.00000000 51855.25578587266377184 1.00000 7 
 fake.rf 1440.00000000 51865.20960770646419391 1.00000 7 
 fake.rf 1440.00000000 51875.22005328740588581 1.00000 7 
 fake.rf 1440.00000000 51885.13542115501478591 1.00000 7 
 fake.rf 1440.00000000 51895.14272161350780976 1.00000 7 
 fake.rf 1440.00000000 51905.09036373055877434 1.00000 7 
 fake.rf 1440.00000000 51915.07387642319394772 1.00000 7 
 fake.rf 1440.00000000 51925.05648035848859223 1.00000 7 
 fake.rf 1440.00000000 51935.07863347582523161 1.00000 7 
 fake.rf 1440.00000000 51944.99196395815877736 1.00000 7 
 fake.rf 1440.00000000 51954.95753999350962005 1.00000 7 
 fake.rf 1440.00000000 51964.92255749529972775 1.00000 7 
 fake.rf 1440.00000000 51974.89959525157295417 1.00000 7 
 fake.rf 1440.00000000 51984.87581042228707062 1.00000 7 
 fake.rf 1440.00000000 51994.83613968621463641 1.00000 7 
 fake.rf 1440.00000000 52004.82847060714297172 1.00000 7 
 fake.rf 1440.00000000 52014.78787000728558709 1.00000 7 
 fake.rf 1440.00000000 52024.75387989920219667 1.00000 7 
 fake.rf 1440.00000000 52034.75296849213521000 1.00000 7 
 fake.rf 1440.00000000 52044.73979932448815333 1.00000 7 
 fake.rf 1440.00000000 52054.74026920867255797 1.00000 7 
 fake.rf 1440.00000000 52064.65746121675988434 1.00000 7 
 fake.rf 1440.00000000 52074.62524546943555492 1.00000 7 
 fake.rf 1440.00000000 52084.66560396399408006 1.00000 7 
 fake.rf 1440.00000000 52094.59057363553952058 1.00000 7 
 fake.rf 1440.00000000 52104.59674120790304741 1.00000 7 
 fake.rf 1440.00000000 52114.53765054685970171 1.00000 7 
 fake.rf 1440.00000000 52124.54370813278807262 1.00000 7 
 fake.rf 1440.00000000 52134.47711352971461096 1.00000 7 
 fake.rf 1440.00000000 52144.48178860756529929 1.00000 7 
 fake.rf 1440.00000000 52154.45349176786588075 1.00000 7 
 fake.rf 1440.00000000 52164.43429989015323045 1.00000 7 
 fake.rf 1440.00000000 52174.42010113350213274 1.00000 7 
 fake.rf 1440.00000000 52184.34622085662729418 1.00000 7 
 fake.rf 1440.00000000 52194.35303449134560694 1.00000 7 
 fake.rf 1440.00000000 52204.29010721091083624 1.00000 7 
 fake.rf 1440.00000000 52214.27450669338504952 1.00000 7 
 fake.rf 1440.00000000 52224.20880406108643967 1.00000 7 
 fake.rf 1440.00000000 52234.23911835788081248 1.00000 7 
 fake.rf 1440.00000000 52244.18964196447173620 1.00000 7 
 fake.rf 1440.00000000 52254.14790749944171111 1.00000 7 
 fake.rf 1440.00000000 52264.17110216884599438 1.00000 7 
 fake.rf 1440.00000000 52274.11394760310631469 1.00000 7 
 fake.rf 1440.00000000 52284.07655522371817725 1.00000 7 
 fake.rf 1440.00000000 52294.01993603096034136 1.00000 7 
 fake.rf 1440.00000000 52304.03374841532695427 1.00000 7 
 fake.rf 1440.00000000 52314.01599127911758558 1.00000 7 
 fake.rf 1440.00000000 52323.94607584961179469 1.00000 7 
 fake.rf 1440.00000000 52333.95320241455270605 1.00000 7 
 fake.rf 1440.00000000 52343.96183824867030765 1.00000 7 
 fake.rf 1440.00000000 52353.90605797351178197 1.00000 7 
 fake.rf 1440.00000000 52363.85762542868272718 1.00000 7 
 fake.rf 1440.00000000 52373.81075759922793011 1.00000 7 
 fake.rf 1440.00000000 52383.83339924039924540 1.00000 7 
 fake.rf 1440.00000000 52393.76929619717349240 1.00000 7 
 fake.rf 1440.00000000 52403.75803567263132265 1.00000 7 
 fake.rf 1440.00000000 52413.73081589794766444 1.00000 7 
 fake.rf 1440.00000000 52423.71825989340399943 1.00000 7 
 fake.rf 1440.00000000 52433.65702793257134218 1.00000 7 
 fake.rf 1440.00000000 52443.67385123560051241 1.00000 7 
 fake.rf 1440.00000000 52453.60994130409279279 1.00000 7 
 fake.rf 1440.00000000 52463.63105017774936911 1.00000 7 
 fake.rf 1440.00000000 52473.57265254723330727 1.00000 7 
 fake.rf 1440.00000000 52483.52184821449745300 1.00000 7 
 fake.rf 1440.00000000 52493.49638117261087089 1.00000 7 
 fake.rf 1440.00000000 52503.47210153469036698 1.00000 7 
 fake.rf 1440.00000000 52513.46900753768444758 1.00000 7 
 fake.rf 1440.00000000 52523.45524432479625077 1.00000 7 
 fake.rf 1440.00000000 52533.39256637927819327 1.00000 7 
 fake.rf 1440.00000000 52543.36375770841534560 1.00000 7 
 fake.rf 1440.00000000 52553.32782243508689746 1.00000 7 
 fake.rf 1440.00000000 52563.33404767031235494 1.00000 7 
 fake.rf 1440.00000000 52573.27240466850690837 1.00000 7 
 fake.rf 1440.00000000 52583.28995248343909452 1.00000 7 
 fake.rf 1440.00000000 52593.20275633540552462 1.00000 7 
 fake.rf 1440.00000000 52603.19513182004710927 1.00000 7 
 fake.rf 1440.00000000 52613.17046301152004162 1.00000 7 
 fake.rf 1440.00000000 52623.17614741752633734 1.00000 7 
 fake.rf 1440.00000000 52633.12591180743962127 1.00000 7 
 fake.rf 1440.00000000 52643.13567391089541303 1.00000 7 
 fake.rf 1440.00000000 52653.09396513392814043 1.00000 7 
 fake.rf 1440.00000000 52663.01525356175372394 1.00000 7 
 fake.rf 1440.00000000 52673.00388746733295520 1.00000 7 
 fake.rf 1440.00000000 52683.02594851627251415 1.00000 7 
 fake.rf 1440.00000000 52692.99718291347635812 1.00000 7 
 fake.rf 1440.00000000 52702.94901814627667136 1.00000 7 
 fake.rf 1440.00000000 52712.90378965141010781 1.00000 7 
 fake.rf 1440.00000000 52722.87510857517727203 1.00000 7 
 fake.rf 1440.00000000 52732.84169216047465056 1.00000 7 
 fake.rf 1440.00000000 52742.84586940389530341 1.00000 7 
 fake.rf 1440.00000000 52752.77798261713719086 1.00000 7 
 fake.rf 1440.00000000 52762.79129394281089915 1.00000 7 
 fake.rf 1440.00000000 52772.76055104449562094 1.00000 7 
 fake.rf 1440.00000000 52782.74490428339843007 1.00000 7 
 fake.rf 1440.00000000 52792.65138226617093054 1.00000 7 
 fake.rf 1440.00000000 52802.70580998567618991 1.00000 7 
 fake.rf 1440.00000000 52812.60985463248971428 1.00000 7 
 fake.rf 1440.00000000 52822.62387630127246041 1.00000 7 
 fake.rf 1440.00000000 52832.60851177987316873 1.00000 7 
 fake.rf 1440.00000000 52842.56051611250656208 1.00000 7 
 fake.rf 1440.00000000 52852.48970012060845747 1.00000 7 
 fake.rf 1440.00000000 52862.46570468193491621 1.00000 7 
 fake.rf 1440.00000000 52872.45123860368648394 1.00000 7 
 fake.rf 1440.00000000 52882.42941727413546715 1.00000 7 
 fake.rf 1440.00000000 52892.45027394571841839 1.00000 7 
 fake.rf 1440.00000000 52902.37591605227465053 1.00000 7 
 fake.rf 1440.00000000 52912.37377454084783679 1.00000 7 
 fake.rf 1440.00000000 52922.31393343296842957 1.00000 7 
 fake.rf 1440.00000000 52932.27256427870641176 1.00000 7 
 fake.rf 1440.00000000 52942.24749145833145292 1.00000 7 
 fake.rf 1440.00000000 52952.22471679521162002 1.00000 7 
 fake.rf 1440.00000000 52962.25227652624822383 1.00000 7 
 fake.rf 1440.00000000 52972.17579648170733009 1.00000 7 
 fake.rf 1440.00000000 52982.16896004345204219 1.00000 7 
 fake.rf 1440.00000000 52992.16255182912930621 1.00000 7 
 fake.rf 1440.00000000 53002.08461049049506997 1.00000 7 
 fake.rf 1440.00000000 53012.05691362628445518 1.00000 7 
 fake.rf 1440.00000000 53022.03258131555250188 1.00000 7 
 fake.rf 1440.00000000 53032.03659655744867152 1.00000 7 
 fake.rf 1440.00000000 53042.00278759186509348 1.00000 7 
 fake.rf 1440.00000000 53052.00993682338552659 1.00000 7 
 fake.rf 1440.00000000 53061.97336962706813779 1.00000 7 
 fake.rf 1440.00000000 53071.89684296871464042 1.00000 7 
 fake.rf 1440.00000000 53081.90055365790947661 1.00000 7 
 fake.rf 1440.00000000 53091.87564404720678723 1.00000 7 
 fake.rf 1440.00000000 53101.81623303719528906 1.00000 7 
 fake.rf 1440.00000000 53111.81834242497603427 1.00000 7 
 fake.rf 1440.00000000 53121.80811509797480952 1.00000 7 
 fake.rf 1440.00000000 53131.79003009782725542 1.00000 7 
 fake.rf 1440.00000000 53141.72074599618498070 1.00000 7 
 fake.rf 1440.00000000 53151.68982735236777515 1.00000 7 
 fake.rf 1440.00000000 53161.71156401626036114 1.00000 7 
 fake.rf 1440.00000000 53171.64558881974291182 1.00000 7 
 fake.rf 1440.00000000 53181.62750840397065488 1.00000 7 
 fake.rf 1440.00000000 53191.57139476069865580 1.00000 7 
 fake.rf 1440.00000000 53201.55358053934321561 1.00000 7 
 fake.rf 1440.00000000 53211.57177991802043238 1.00000 7 
 fake.rf 1440.00000000 53221.54082907448836437 1.00000 7 
 fake.rf 1440.00000000 53231.49047810746030507 1.00000 7 
 fake.rf 1440.00000000 53241.49461266253679170 1.00000 7 
 fake.rf 1440.00000000 53251.46589335200842896 1.00000 7 
 fake.rf 1440.00000000 53261.42007200939888989 1.00000 7 
 fake.rf 1440.00000000 53271.39573728345888171 1.00000 7 
 fake.rf 1440.00000000 53281.31784228782088064 1.00000 7 
 fake.rf 1440.00000000 53291.29248884254203489 1.00000 7 
 fake.rf 1440.00000000 53301.28905024683662006 1.00000 7 
 fake.rf 1440.00000000 53311.24385156128560581 1.00000 7 
 fake.rf 1440.00000000 53321.21810558917277589 1.00000 7 
 fake.rf 1440.00000000 53331.21763901390981033 1.00000 7 
 fake.rf 1440.00000000 53341.20375991538237415 1.00000 7 
 fake.rf 1440.00000000 53351.17150929434801654 1.00000 7 
 fake.rf 1440.00000000 53361.12216295158965806 1.00000 7 
 fake.rf 1440.00000000 53371.09902098602259457 1.00000 7 
 fake.rf 1440.00000000 53381.10088138443926198 1.00000 7 
 fake.rf 1440.00000000 53391.08255005898871559 1.00000 7 
 fake.rf 1440.00000000 53401.06180279761512253 1.00000 7 
 fake.rf 1440.00000000 53411.03155653315775808 1.00000 7 
 fake.rf 1440.00000000 53420.95930561853877805 1.00000 7 
 fake.rf 1440.00000000 53430.95563536511532021 1.00000 7 
 fake.rf 1440.00000000 53440.93460843103481750 1.00000 7 
 fake.rf 1440.00000000 53450.90371106577207883 1.00000 7 
 fake.rf 1440.00000000 53460.89642649672084929 1.00000 7 
 fake.rf 1440.00000000 53470.84110722890802947 1.00000 7 
 fake.rf 1440.00000000 53480.77153900184768176 1.00000 7 
 fake.rf 1440.00000000 53490.77347835609248250 1.00000 7 
 fake.rf 1440.00000000 53500.77268312166464526 1.00000 7 
 fake.rf 1440.00000000 53510.71260499867248583 1.00000 7 
 fake.rf 1440.00000000 53520.67671472841912816 1.00000 7 
 fake.rf 1440.00000000 53530.67227297238186523 1.00000 7 
 fake.rf 1440.00000000 53540.67248154528473592 1.00000 7 
 fake.rf 1440.00000000 53550.58469682712627247 1.00000 7 
 fake.rf 1440.00000000 53560.57884011679620073 1.00000 7 
 fake.rf 1440.00000000 53570.56053166032371138 1.00000 7 
 fake.rf 1440.00000000 53580.55904991320171149 1.00000 7 
 fake.rf 1440.00000000 53590.50260251648845866 1.00000 7 
 fake.rf 1440.00000000 53600.48624492482495540 1.00000 7 
 fake.rf 1440.00000000 53610.42529562560728706 1.00000 7 
 fake.rf 1440.00000000 53620.43428720546986810 1.00000 7 
 fake.rf 1440.00000000 53630.41948797184120679 1.00000 7 
 fake.rf 1440.00000000 53640.38537642241013259 1.00000 7 
 fake.rf 1440.00000000 53650.32445988403402026 1.00000 7 
 fake.rf 1440.00000000 53660.30471438184039101 1.00000 7 
