FORMAT 1
MODE 1
 fake.rf 1440.00000000 50000.30434353280814008 1.00000 7 
 fake.rf 1440.00000000 50010.31418958788574969 1.00000 7 
 fake.rf 1440.00000000 50020.25449222613737632 1.00000 7 
 fake.rf 1440.00000000 50030.22590949666025040 1.00000 7 
 fake.rf 1440.00000000 50040.18917120965923928 1.00000 7 
 fake.rf 1440.00000000 50050.22137491089289085 1.00000 7 
 fake.rf 1440.00000000 50060.18259793575312244 1.00000 7 
 fake.rf 1440.00000000 50070.11920970753297055 1.00000 7 
 fake.rf 1440.00000000 50080.13277662501918286 1.00000 7 
 fake.rf 1440.00000000 50090.08245601075001119 1.00000 7 
 fake.rf 1440.00000000 50100.06153275477282705 1.00000 7 
 fake.rf 1440.00000000 50110.02160558632152387 1.00000 7 
 fake.rf 1440.00000000 50120.01630846448159318 1.00000 7 
 fake.rf 1440.00000000 50129.97661942357565579 1.00000 7 
 fake.rf 1440.00000000 50139.91274602453005471 1.00000 7 
 fake.rf 1440.00000000 50149.88844458153732120 1.00000 7 
 fake.rf 1440.00000000 50159.88451386236916818 1.00000 7 
 fake.rf 1440.00000000 50169.85041078067894915 1.00000 7 
 fake.rf 1440.00000000 50179.87108096387675715 1.00000 7 
 fake.rf 1440.00000000 50189.80499610613786032 1.00000 7 
 fake.rf 1440.00000000 50199.82691411346577937 1.00000 7 
 fake.rf 1440.00000000 50209.78072760672433361 1.00000 7 
 fake.rf 1440.00000000 50219.76222788041204836 1.00000 7 
 fake.rf 1440.00000000 50229.67934479687459870 1.00000 7 
 fake.rf 1440.00000000 50239.70599860111557433 1.00000 7 
 fake.rf 1440.00000000 50249.65833881148801510 1.00000 7 
 fake.rf 1440.00000000 50259.65363065491634131 1.00000 7 
 fake.rf 1440.00000000 50269.62807479298127333 1.00000 7 
 fake.rf 1440.00000000 50279.52659414304468299 1.00000 7 
 fake.rf 1440.00000000 50289.56434542026260814 1.00000 7 
 fake.rf 1440.00000000 50299.51248480765521975 1.00000 7 
 fake.rf 1440.00000000 50309.45799882703333594 1.00000 7 
 fake.rf 1440.00000000 50319.44956721365706542 1.00000 7 
 fake.rf 1440.00000000 50329.44864688109450412 1.00000 7 
 fake.rf 1440.00000000 50339.39288250554434612 1.00000 7 
 fake.rf 1440.00000000 50349.37501691413355687 1.00000 7 
 fake.rf 1440.00000000 50359.35027126660500585 1.00000 7 
 fake.rf 1440.00000000 50369.28303426182312563 1.00000 7 
 fake.rf 1440.00000000 50379.31241813501423721 1.00000 7 
 fake.rf 1440.00000000 50389.24521036066580848 1.00000 7 
 fake.rf 1440.00000000 50399.23829044865350113 1.00000 7 
 fake.rf 1440.00000000 50409.19072201913674647 1.00000 7 
 fake.rf 1440.00000000 50419.19422480326903013 1.00000 7 
 fake.rf 1440.00000000 50429.12597874534321463 1.00000 7 
 fake.rf 1440.00000000 50439.14935895064853000 1.00000 7 
 fake.rf 1440.00000000 50449.11629264296607644 1.00000 7 
 fake.rf 1440.00000000 50459.05104945648171721 1.00000 7 
 fake.rf 1440.00000000 50469.01446997092498137 1.00000 7 
 fake.rf 1440.00000000 50479.05793825213629589 1.00000 7 
 fake.rf 1440.00000000 50488.95733626715498943 1.00000 7 
 fake.rf 1440.00000000 50498.96530958444771287 1.00000 7 
 fake.rf 1440.00000000 50508.97466686651608825 1.00000 7 
 fake.rf 1440.00000000 50518.93851601814165519 1.00000 7 
 fake.rf 1440.00000000 50528.87196061314720552 1.00000 7 
 fake.rf 1440.00000000 50538.82573914191668862 1.00000 7 
 fake.rf 1440.00000000 50548.84354644217742702 1.00000 7 
 fake.rf 1440.00000000 50558.83996890237756006 1.00000 7 
 fake.rf 1440.00000000 50568.81634359378194432 1.00000 7 
 fake.rf 1440.00000000 50578.75256604232208701 1.00000 7 
 fake.rf 1440.00000000 50588.75814553838043608 1.00000 7 
 fake.rf 1440.00000000 50598.71624250350964758 1.00000 7 
 fake.rf 1440.00000000 50608.62790868890625617 1.00000 7 
 fake.rf 1440.00000000 50618.60630651995016649 1.00000 7 
 fake.rf 1440.00000000 50628.58327620836898575 1.00000 7 
 fake.rf 1440.00000000 50638.60465970689441662 1.00000 7 
 fake.rf 1440.00000000 50648.55459746881480498 1.00000 7 
 fake.rf 1440.00000000 50658.54100593608133707 1.00000 7 
 fake.rf 1440.00000000 50668.48161477770275596 1.00000 7 
 fake.rf 1440.00000000 50678.47495325236684849 1.00000 7 
 fake.rf 1440.00000000 50688.43471654494453560 1.00000 7 
 fake.rf 1440.00000000 50698.41875530344285750 1.00000 7 
 fake.rf 1440.00000000 50708.43247814185325240 1.00000 7 
 fake.rf 1440.00000000 50718.37197738939246960 1.00000 7 
 fake.rf 1440.00000000 50728.30348991224665056 1.00000 7 
 fake.rf 1440.00000000 50738.27627102726453145 1.00000 7 
 fake.rf 1440.00000000 50748.26645480374214614 1.00000 7 
 fake.rf 1440.00000000 50758.27553872767296639 1.00000 7 
 fake.rf 1440.00000000 50768.21038097992009241 1.00000 7 
 fake.rf 1440.00000000 50778.19128960112146842 1.00000 7 
 fake.rf 1440.00000000 50788.18781279380656102 1.00000 7 
 fake.rf 1440.00000000 50798.13269072550835048 1.00000 7 
 fake.rf 1440.00000000 50808.14887701948919130 1.00000 7 
 fake.rf 1440.00000000 50818.09872849343305390 1.00000 7 
 fake.rf 1440.00000000 50828.03475989590132755 1.00000 7 
 fake.rf 1440.00000000 50838.01169508347215853 1.00000 7 
 fake.rf 1440.00000000 50848.02596277202452413 1.00000 7 
 fake.rf 1440.00000000 50858.00710585203340486 1.00000 7 
 fake.rf 1440.00000000 50867.92443447368147247 1.00000 7 
 fake.rf 1440.00000000 50877.94238117293307155 1.00000 7 
 fake.rf 1440.00000000 50887.88705104262307799 1.00000 7 
 fake.rf 1440.00000000 50897.83726347787057165 1.00000 7 
 fake.rf 1440.00000000 50907.84061149750231934 1.00000 7 
 fake.rf 1440.00000000 50917.80758519352133362 1.00000 7 
 fake.rf 1440.00000000 50927.76349983762509410 1.00000 7 
 fake.rf 1440.00000000 50937.77112184776175496 1.00000 7 
 fake.rf 1440.00000000 50947.70345003787637239 1.00000 7 
 fake.rf 1440.00000000 50957.71994012186826239 1.00000 7 
 fake.rf 1440.00000000 50967.65794163119579352 1.00000 7 
 fake.rf 1440.00000000 50977.64151631194138048 1.00000 7 
 fake.rf 1440.00000000 50987.59531585484702276 1.00000 7 
 fake.rf 1440.00000000 50997.60371829820781997 1.00000 7 
 fake.rf 1440.00000000 51007.59863611890663293 1.00000 7 
 fake.rf 1440.00000000 51017.51012949717148715 1.00000 7 
 fake.rf 1440.00000000 51027.48533549103310136 1.00000 7 
 fake.rf 1440.00000000 51037.52240353422519803 1.00000 7 
 fake.rf 1440.00000000 51047.43398232517961688 1.00000 7 
 fake.rf 1440.00000000 51057.42667646590881603 1.00000 7 
 fake.rf 1440.00000000 51067.41679941442534840 1.00000 7 
 fake.rf 1440.00000000 51077.37385815216684648 1.00000 7 
 fake.rf 1440.00000000 51087.37476522651536470 1.00000 7 
 fake.rf 1440.00000000 51097.30538234816210519 1.00000 7 
 fake.rf 1440.00000000 51107.31795670688926236 1.00000 7 
 fake.rf 1440.00000000 51117.27902104752285339 1.00000 7 
 fake.rf 1440.00000000 51127.27012730392684858 1.00000 7 
 fake.rf 1440.00000000 51137.24603741262070145 1.00000 7 
 fake.rf 1440.00000000 51147.21134131334376605 1.00000 7 
 fake.rf 1440.00000000 51157.16068618936315460 1.00000 7 
 fake.rf 1440.00000000 51167.14504376691475329 1.00000 7 
 fake.rf 1440.00000000 51177.13831394422091847 1.00000 7 
 fake.rf 1440.00000000 51187.04957650879320852 1.00000 7 
 fake.rf 1440.00000000 51197.08924157094712015 1.00000 7 
 fake.rf 1440.00000000 51207.06002859562663687 1.00000 7 
 fake.rf 1440.00000000 51217.00194353278779857 1.00000 7 
 fake.rf 1440.00000000 51226.95255325582580141 1.00000 7 
 fake.rf 1440.00000000 51236.90655923538912475 1.00000 7 
 fake.rf 1440.00000000 51246.88340053246359673 1.00000 7 
 fake.rf 1440.00000000 51256.87697610085361077 1.00000 7 
 fake.rf 1440.00000000 51266.87477648004902164 1.00000 7 
 fake.rf 1440.00000000 51276.81692361645652056 1.00000 7 
 fake.rf 1440.00000000 51286.82137822996657306 1.00000 7 
 fake.rf 1440.00000000 51296.80028247351251025 1.00000 7 
 fake.rf 1440.00000000 51306.77813638940754259 1.00000 7 
 fake.rf 1440.00000000 51316.72147982092215912 1.00000 7 
 fake.rf 1440.00000000 51326.72251512878760948 1.00000 7 
 fake.rf 1440.00000000 51336.70287937376188481 1.00000 7 
 fake.rf 1440.00000000 51346.62726181002176062 1.00000 7 
 fake.rf 1440.00000000 51356.65051359994637536 1.00000 7 
 fake.rf 1440.00000000 51366.56754297292272327 1.00000 7 
 fake.rf 1440.00000000 51376.59268602068732434 1.00000 7 
 fake.rf 1440.00000000 51386.51696756921671749 1.00000 7 
 fake.rf 1440.00000000 51396.54554170171999417 1.00000 7 
 fake.rf 1440.00000000 51406.44527284668830092 1.00000 7 
 fake.rf 1440.00000000 51416.49276643910521045 1.00000 7 
 fake.rf 1440.00000000 51426.42637590518343771 1.00000 7 
 fake.rf 1440.00000000 51436.42785098518164943 1.00000 7 
 fake.rf 1440.00000000 51446.39522565089880146 1.00000 7 
 fake.rf 1440.00000000 51456.32144334067166724 1.00000 7 
 fake.rf 1440.00000000 51466.29956764124954560 1.00000 7 
 fake.rf 1440.00000000 51476.27860421603732277 1.00000 7 
 fake.rf 1440.00000000 51486.22539641543288269 1.00000 7 
 fake.rf 1440.00000000 51496.22542098025286705 1.00000 7 
 fake.rf 1440.00000000 51506.18809360634396199 1.00000 7 
 fake.rf 1440.00000000 51516.21631048159346733 1.00000 7 
 fake.rf 1440.00000000 51526.18555431255333588 1.00000 7 
 fake.rf 1440.00000000 51536.12614103827998235 1.00000 7 
 fake.rf 1440.00000000 51546.13566818852584106 1.00000 7 
 fake.rf 1440.00000000 51556.10905764523897687 1.00000 7 
 fake.rf 1440.00000000 51566.07052425879633972 1.00000 7 
 fake.rf 1440.00000000 51576.02182283405626251 1.00000 7 
 fake.rf 1440.00000000 51585.96466375610910049 1.00000 7 
 fake.rf 1440.00000000 51595.95788930298046537 1.00000 7 
 fake.rf 1440.00000000 51605.91539645664506963 1.00000 7 
 fake.rf 1440.00000000 51615.94672894056914458 1.00000 7 
 fake.rf 1440.00000000 51625.91060227392114257 1.00000 7 
 fake.rf 1440.00000000 51635.81311573627613143 1.00000 7 
 fake.rf 1440.00000000 51645.85211680215076413 1.00000 7 
 fake.rf 1440.00000000 51655.76767688532633471 1.00000 7 
 fake.rf 1440.00000000 51665.80407982710045900 1.00000 7 
 fake.rf 1440.00000000 51675.70408128817831894 1.00000 7 
 fake.rf 1440.00000000 51685.75542206551828173 1.00000 7 
 fake.rf 1440.00000000 51695.66007753022991622 1.00000 7 
 fake.rf 1440.00000000 51705.69929077503132575 1.00000 7 
 fake.rf 1440.00000000 51715.67766707113233693 1.00000 7 
 fake.rf 1440.00000000 51725.57378708747286211 1.00000 7 
 fake.rf 1440.00000000 51735.57391419835966317 1.00000 7 
 fake.rf 1440.00000000 51745.58106983519435929 1.00000 7 
 fake.rf 1440.00000000 51755.55520225261682299 1.00000 7 
 fake.rf 1440.00000000 51765.50885132312124526 1.00000 7 
 fake.rf 1440.00000000 51775.43810231641372255 1.00000 7 
 fake.rf 1440.00000000 51785.41857559540086697 1.00000 7 
 fake.rf 1440.00000000 51795.42965459425923314 1.00000 7 
 fake.rf 1440.00000000 51805.38623443576001293 1.00000 7 
 fake.rf 1440.00000000 51815.35668471077059039 1.00000 7 
 fake.rf 1440.00000000 51825.33995153718039006 1.00000 7 
 fake.rf 1440.00000000 51835.29307958882764140 1.00000 7 
 fake.rf 1440.00000000 51845.31475420546997057 1.00000 7 
 fake.rf 1440.00000000 51855.25151919592619976 1.00000 7 
 fake.rf 1440.00000000 51865.20534104095443695 1.00000 7 
 fake.rf 1440.00000000 51875.21578658564813580 1.00000 7 
 fake.rf 1440.00000000 51885.13115450193798139 1.00000 7 
 fake.rf 1440.00000000 51895.13845492074204913 1.00000 7 
 fake.rf 1440.00000000 51905.08609706870940670 1.00000 7 
 fake.rf 1440.00000000 51915.06960973674936710 1.00000 7 
 fake.rf 1440.00000000 51925.05221368561332440 1.00000 7 
 fake.rf 1440.00000000 51935.07436680525142236 1.00000 7 
 fake.rf 1440.00000000 51944.98769727898437409 1.00000 7 
 fake.rf 1440.00000000 51954.95327333321359120 1.00000 7 
 fake.rf 1440.00000000 51964.91829080218187897 1.00000 7 
 fake.rf 1440.00000000 51974.89532859617766647 1.00000 7 
 fake.rf 1440.00000000 51984.87154373630010795 1.00000 7 
 fake.rf 1440.00000000 51994.83187303559468972 1.00000 7 
 fake.rf 1440.00000000 52004.82420391480415844 1.00000 7 
 fake.rf 1440.00000000 52014.78360332892294338 1.00000 7 
 fake.rf 1440.00000000 52024.74961323522750689 1.00000 7 
 fake.rf 1440.00000000 52034.74870185565886871 1.00000 7 
 fake.rf 1440.00000000 52044.73553263968018356 1.00000 7 
 fake.rf 1440.00000000 52054.73600253327665754 1.00000 7 
 fake.rf 1440.00000000 52064.65319455952777616 1.00000 7 
 fake.rf 1440.00000000 52074.62097879244982224 1.00000 7 
 fake.rf 1440.00000000 52084.66133729368624827 1.00000 7 
 fake.rf 1440.00000000 52094.58630696567307794 1.00000 7 
 fake.rf 1440.00000000 52104.59247453530791461 1.00000 7 
 fake.rf 1440.00000000 52114.53338389340131087 1.00000 7 
 fake.rf 1440.00000000 52124.53944146543456739 1.00000 7 
 fake.rf 1440.00000000 52134.47284686696396605 1.00000 7 
 fake.rf 1440.00000000 52144.47752194321693509 1.00000 7 
 fake.rf 1440.00000000 52154.44922511773815899 1.00000 7 
 fake.rf 1440.00000000 52164.43003322272596378 1.00000 7 
 fake.rf 1440.00000000 52174.41583443569315293 1.00000 7 
 fake.rf 1440.00000000 52184.34195416716843852 1.00000 7 
 fake.rf 1440.00000000 52194.34876783137569234 1.00000 7 
 fake.rf 1440.00000000 52204.28584052663783055 1.00000 7 
 fake.rf 1440.00000000 52214.27024005212371449 1.00000 7 
 fake.rf 1440.00000000 52224.20453738010138878 1.00000 7 
 fake.rf 1440.00000000 52234.23485168179309213 1.00000 7 
 fake.rf 1440.00000000 52244.18537531112515282 1.00000 7 
 fake.rf 1440.00000000 52254.14364083510781711 1.00000 7 
 fake.rf 1440.00000000 52264.16683548895120737 1.00000 7 
 fake.rf 1440.00000000 52274.10968091368407684 1.00000 7 
 fake.rf 1440.00000000 52284.07228855481127994 1.00000 7 
 fake.rf 1440.00000000 52294.01566935781809775 1.00000 7 
 fake.rf 1440.00000000 52304.02948173240625707 1.00000 7 
 fake.rf 1440.00000000 52314.01172462511893357 1.00000 7 
 fake.rf 1440.00000000 52323.94180915296180956 1.00000 7 
 fake.rf 1440.00000000 52333.94893576167127591 1.00000 7 
 fake.rf 1440.00000000 52343.95757159550085902 1.00000 7 
 fake.rf 1440.00000000 52353.90179128664356867 1.00000 7 
 fake.rf 1440.00000000 52363.85335876913620012 1.00000 7 
 fake.rf 1440.00000000 52373.80649094894033979 1.00000 7 
 fake.rf 1440.00000000 52383.82913256644296851 1.00000 7 
 fake.rf 1440.00000000 52393.76502953796455131 1.00000 7 
 fake.rf 1440.00000000 52403.75376902403888479 1.00000 7 
 fake.rf 1440.00000000 52413.72654921434973119 1.00000 7 
 fake.rf 1440.00000000 52423.71399323639266754 1.00000 7 
 fake.rf 1440.00000000 52433.65276124813673420 1.00000 7 
 fake.rf 1440.00000000 52443.66958456463055427 1.00000 7 
 fake.rf 1440.00000000 52453.60567462700255348 1.00000 7 
 fake.rf 1440.00000000 52463.62678353198967685 1.00000 7 
 fake.rf 1440.00000000 52473.56838587762109682 1.00000 7 
 fake.rf 1440.00000000 52483.51758157381636494 1.00000 7 
 fake.rf 1440.00000000 52493.49211451336219625 1.00000 7 
 fake.rf 1440.00000000 52503.46783484737132142 1.00000 7 
 fake.rf 1440.00000000 52513.46474088619678611 1.00000 7 
 fake.rf 1440.00000000 52523.45097764849737842 1.00000 7 
 fake.rf 1440.00000000 52533.38829969724788072 1.00000 7 
 fake.rf 1440.00000000 52543.35949102861765425 1.00000 7 
 fake.rf 1440.00000000 52553.32355576813823816 1.00000 7 
 fake.rf 1440.00000000 52563.32978101991727371 1.00000 7 
 fake.rf 1440.00000000 52573.26813799299122465 1.00000 7 
 fake.rf 1440.00000000 52583.28568581319312258 1.00000 7 
 fake.rf 1440.00000000 52593.19848966836133997 1.00000 7 
 fake.rf 1440.00000000 52603.19086513996637322 1.00000 7 
 fake.rf 1440.00000000 52613.16619635467363025 1.00000 7 
 fake.rf 1440.00000000 52623.17188074091058070 1.00000 7 
 fake.rf 1440.00000000 52633.12164512892693580 1.00000 7 
 fake.rf 1440.00000000 52643.13140723210736382 1.00000 7 
 fake.rf 1440.00000000 52653.08969845355345996 1.00000 7 
 fake.rf 1440.00000000 52663.01098687788740804 1.00000 7 
 fake.rf 1440.00000000 52672.99962078602066740 1.00000 7 
 fake.rf 1440.00000000 52683.02168183421415293 1.00000 7 
 fake.rf 1440.00000000 52692.99291625291257546 1.00000 7 
 fake.rf 1440.00000000 52702.94475146642015417 1.00000 7 
 fake.rf 1440.00000000 52712.89952300245352035 1.00000 7 
 fake.rf 1440.00000000 52722.87084191780612130 1.00000 7 
 fake.rf 1440.00000000 52732.83742550722823239 1.00000 7 
 fake.rf 1440.00000000 52742.84160274485525477 1.00000 7 
 fake.rf 1440.00000000 52752.77371593242204639 1.00000 7 
 fake.rf 1440.00000000 52762.78702727055590671 1.00000 7 
 fake.rf 1440.00000000 52772.75628438164816458 1.00000 7 
 fake.rf 1440.00000000 52782.74063764259493325 1.00000 7 
 fake.rf 1440.00000000 52792.64711562271029877 1.00000 7 
 fake.rf 1440.00000000 52802.70154333436016003 1.00000 7 
 fake.rf 1440.00000000 52812.60558792969094100 1.00000 7 
 fake.rf 1440.00000000 52822.61960961302009920 1.00000 7 
 fake.rf 1440.00000000 52832.60424512096103555 1.00000 7 
 fake.rf 1440.00000000 52842.55624944159479028 1.00000 7 
 fake.rf 1440.00000000 52852.48543344434842339 1.00000 7 
 fake.rf 1440.00000000 52862.46143800057199513 1.00000 7 
 fake.rf 1440.00000000 52872.44697191821485305 1.00000 7 
 fake.rf 1440.00000000 52882.42515059946252975 1.00000 7 
 fake.rf 1440.00000000 52892.44600729753186030 1.00000 7 
 fake.rf 1440.00000000 52902.37164938068928777 1.00000 7 
 fake.rf 1440.00000000 52912.36950786681155279 1.00000 7 
 fake.rf 1440.00000000 52922.30966676529538972 1.00000 7 
 fake.rf 1440.00000000 52932.26829758920188951 1.00000 7 
 fake.rf 1440.00000000 52942.24322478474477549 1.00000 7 
 fake.rf 1440.00000000 52952.22045011359748656 1.00000 7 
 fake.rf 1440.00000000 52962.24800985193466119 1.00000 7 
 fake.rf 1440.00000000 52972.17152982398791039 1.00000 7 
 fake.rf 1440.00000000 52982.16469335624929826 1.00000 7 
 fake.rf 1440.00000000 52992.15828518070924247 1.00000 7 
 fake.rf 1440.00000000 53002.08034381768143461 1.00000 7 
 fake.rf 1440.00000000 53012.05264694505017786 1.00000 7 
 fake.rf 1440.00000000 53022.02831461683105019 1.00000 7 
 fake.rf 1440.00000000 53032.03232989309872281 1.00000 7 
 fake.rf 1440.00000000 53041.99852091955470712 1.00000 7 
 fake.rf 1440.00000000 53052.00567016664510689 1.00000 7 
 fake.rf 1440.00000000 53061.96910293782374879 1.00000 7 
 fake.rf 1440.00000000 53071.89257629839449493 1.00000 7 
 fake.rf 1440.00000000 53081.89628697712197436 1.00000 7 
 fake.rf 1440.00000000 53091.87137736455235526 1.00000 7 
 fake.rf 1440.00000000 53101.81196634509818466 1.00000 7 
 fake.rf 1440.00000000 53111.81407575761749484 1.00000 7 
 fake.rf 1440.00000000 53121.80384844889258389 1.00000 7 
 fake.rf 1440.00000000 53131.78576342843934199 1.00000 7 
 fake.rf 1440.00000000 53141.71647932705564443 1.00000 7 
 fake.rf 1440.00000000 53151.68556066869340881 1.00000 7 
 fake.rf 1440.00000000 53161.70729735709269903 1.00000 7 
 fake.rf 1440.00000000 53171.64132212308913594 1.00000 7 
 fake.rf 1440.00000000 53181.62324173441469810 1.00000 7 
 fake.rf 1440.00000000 53191.56712807000549859 1.00000 7 
 fake.rf 1440.00000000 53201.54931389923521579 1.00000 7 
 fake.rf 1440.00000000 53211.56751324449597007 1.00000 7 
 fake.rf 1440.00000000 53221.53656242352608174 1.00000 7 
 fake.rf 1440.00000000 53231.48621142384510208 1.00000 7 
 fake.rf 1440.00000000 53241.49034599055828920 1.00000 7 
 fake.rf 1440.00000000 53251.46162665971169048 1.00000 7 
 fake.rf 1440.00000000 53261.41580532727920172 1.00000 7 
 fake.rf 1440.00000000 53271.39147062037256930 1.00000 7 
 fake.rf 1440.00000000 53281.31357560370947368 1.00000 7 
 fake.rf 1440.00000000 53291.28822216744561047 1.00000 7 
 fake.rf 1440.00000000 53301.28478358999745979 1.00000 7 
 fake.rf 1440.00000000 53311.23958490502732133 1.00000 7 
 fake.rf 1440.00000000 53321.21383889696849678 1.00000 7 
 fake.rf 1440.00000000 53331.21337235308830671 1.00000 7 
 fake.rf 1440.00000000 53341.19949325492653003 1.00000 7 
 fake.rf 1440.00000000 53351.16724259878943926 1.00000 7 
 fake.rf 1440.00000000 53361.11789629015298431 1.00000 7 
 fake.rf 1440.00000000 53371.09475432677723461 1.00000 7 
 fake.rf 1440.00000000 53381.09661469476446172 1.00000 7 
 fake.rf 1440.00000000 53391.07828337231941518 1.00000 7 
 fake.rf 1440.00000000 53401.05753612513848694 1.00000 7 
 fake.rf 1440.00000000 53411.02728987094312529 1.00000 7 
 fake.rf 1440.00000000 53420.95503893430257492 1.00000 7 
 fake.rf 1440.00000000 53430.95136869144251435 1.00000 7 
 fake.rf 1440.00000000 53440.93034173704582557 1.00000 7 
 fake.rf 1440.00000000 53450.89944441073562587 1.00000 7 
 fake.rf 1440.00000000 53460.89215981296602109 1.00000 7 
 fake.rf 1440.00000000 53470.83684055482832420 1.00000 7 
 fake.rf 1440.00000000 53480.76727231571599575 1.00000 7 
 fake.rf 1440.00000000 53490.76921167247524735 1.00000 7 
 fake.rf 1440.00000000 53500.76841643132924986 1.00000 7 
 fake.rf 1440.00000000 53510.70833832794852825 1.00000 7 
 fake.rf 1440.00000000 53520.67244807590520495 1.00000 7 
 fake.rf 1440.00000000 53530.66800629369017983 1.00000 7 
 fake.rf 1440.00000000 53540.66821486033558486 1.00000 7 
 fake.rf 1440.00000000 53550.58043014794813885 1.00000 7 
 fake.rf 1440.00000000 53560.57457342004160594 1.00000 7 
 fake.rf 1440.00000000 53570.55626500476355645 1.00000 7 
 fake.rf 1440.00000000 53580.55478326867012129 1.00000 7 
 fake.rf 1440.00000000 53590.49833582355471506 1.00000 7 
 fake.rf 1440.00000000 53600.48197825992428633 1.00000 7 
 fake.rf 1440.00000000 53610.42102895753413705 1.00000 7 
 fake.rf 1440.00000000 53620.43002052203389596 1.00000 7 
 fake.rf 1440.00000000 53630.41522128176223205 1.00000 7 
 fake.rf 1440.00000000 53640.38110977747161101 1.00000 7 
 fake.rf 1440.00000000 53650.32019322414028650 1.00000 7 
 fake.rf 1440.00000000 53660.30044771625188815 1.00000 7 
