FORMAT 1
MODE 1
 fake.rf 1440.00000000 50000.31657412349289871 1.00000 7 
 fake.rf 1440.00000000 50010.32642017460863926 1.00000 7 
 fake.rf 1440.00000000 50020.26672281428689004 1.00000 7 
 fake.rf 1440.00000000 50030.23814012603601142 1.00000 7 
 fake.rf 1440.00000000 50040.20140178291402577 1.00000 7 
 fake.rf 1440.00000000 50050.23360549717072132 1.00000 7 
 fake.rf 1440.00000000 50060.19482852636082626 1.00000 7 
 fake.rf 1440.00000000 50070.13144031960520053 1.00000 7 
 fake.rf 1440.00000000 50080.14500723886311917 1.00000 7 
 fake.rf 1440.00000000 50090.09468661075530704 1.00000 7 
 fake.rf 1440.00000000 50100.07376332648574646 1.00000 7 
 fake.rf 1440.00000000 50110.03383620669901077 1.00000 7 
 fake.rf 1440.00000000 50120.02853904984144151 1.00000 7 
 fake.rf 1440.00000000 50129.98885003648980785 1.00000 7 
 fake.rf 1440.00000000 50139.92497658920208181 1.00000 7 
 fake.rf 1440.00000000 50149.90067519365876691 1.00000 7 
 fake.rf 1440.00000000 50159.89674443496335599 1.00000 7 
 fake.rf 1440.00000000 50169.86264139825092201 1.00000 7 
 fake.rf 1440.00000000 50179.88331152445584493 1.00000 7 
 fake.rf 1440.00000000 50189.81722666048324299 1.00000 7 
 fake.rf 1440.00000000 50199.83914470555395582 1.00000 7 
 fake.rf 1440.00000000 50209.79295823570035751 1.00000 7 
 fake.rf 1440.00000000 50219.77445849982461823 1.00000 7 
 fake.rf 1440.00000000 50229.69157539909500088 1.00000 7 
 fake.rf 1440.00000000 50239.71822920297822179 1.00000 7 
 fake.rf 1440.00000000 50249.67056942922669549 1.00000 7 
 fake.rf 1440.00000000 50259.66586119517580755 1.00000 7 
 fake.rf 1440.00000000 50269.64030539982596224 1.00000 7 
 fake.rf 1440.00000000 50279.53882469314007508 1.00000 7 
 fake.rf 1440.00000000 50289.57657603938600133 1.00000 7 
 fake.rf 1440.00000000 50299.52471543340205429 1.00000 7 
 fake.rf 1440.00000000 50309.47022942329013873 1.00000 7 
 fake.rf 1440.00000000 50319.46179776305688591 1.00000 7 
 fake.rf 1440.00000000 50329.46087743229298184 1.00000 7 
 fake.rf 1440.00000000 50339.40511312336004934 1.00000 7 
 fake.rf 1440.00000000 50349.38724748356638727 1.00000 7 
 fake.rf 1440.00000000 50359.36250189702825963 1.00000 7 
 fake.rf 1440.00000000 50369.29526485315801665 1.00000 7 
 fake.rf 1440.00000000 50379.32464873700372721 1.00000 7 
 fake.rf 1440.00000000 50389.25744096621217238 1.00000 7 
 fake.rf 1440.00000000 50399.25052103160255967 1.00000 7 
 fake.rf 1440.00000000 50409.20295258667861305 1.00000 7 
 fake.rf 1440.00000000 50419.20645537436227102 1.00000 7 
 fake.rf 1440.00000000 50429.13820927424988483 1.00000 7 
 fake.rf 1440.00000000 50439.16158952675475291 1.00000 7 
 fake.rf 1440.00000000 50449.12852325843913803 1.00000 7 
 fake.rf 1440.00000000 50459.06328006794552365 1.00000 7 
 fake.rf 1440.00000000 50469.02670054249162845 1.00000 7 
 fake.rf 1440.00000000 50479.07016879204153170 1.00000 7 
 fake.rf 1440.00000000 50488.96956685929568209 1.00000 7 
 fake.rf 1440.00000000 50498.97754016258958387 1.00000 7 
 fake.rf 1440.00000000 50508.98689748893753304 1.00000 7 
 fake.rf 1440.00000000 50518.95074659784376792 1.00000 7 
 fake.rf 1440.00000000 50528.88419120795921202 1.00000 7 
 fake.rf 1440.00000000 50538.83796974752664610 1.00000 7 
 fake.rf 1440.00000000 50548.85577707075465881 1.00000 7 
 fake.rf 1440.00000000 50558.85219952088909423 1.00000 7 
 fake.rf 1440.00000000 50568.82857415271085699 1.00000 7 
 fake.rf 1440.00000000 50578.76479661750101258 1.00000 7 
 fake.rf 1440.00000000 50588.77037613633086366 1.00000 7 
 fake.rf 1440.00000000 50598.72847315421273606 1.00000 7 
 fake.rf 1440.00000000 50608.64013925362674584 1.00000 7 
 fake.rf 1440.00000000 50618.61853708373537586 1.00000 7 
 fake.rf 1440.00000000 50628.59550681397149319 1.00000 7 
 fake.rf 1440.00000000 50638.61689026498648047 1.00000 7 
 fake.rf 1440.00000000 50648.56682812024395446 1.00000 7 
 fake.rf 1440.00000000 50658.55323649292485655 1.00000 7 
 fake.rf 1440.00000000 50668.49384539335807531 1.00000 7 
 fake.rf 1440.00000000 50678.48718382692289453 1.00000 7 
 fake.rf 1440.00000000 50688.44694716556107394 1.00000 7 
 fake.rf 1440.00000000 50698.43098586960392637 1.00000 7 
 fake.rf 1440.00000000 50708.44470874378999525 1.00000 7 
 fake.rf 1440.00000000 50718.38420801149469241 1.00000 7 
 fake.rf 1440.00000000 50728.31572048458201252 1.00000 7 
 fake.rf 1440.00000000 50738.28850162352361153 1.00000 7 
 fake.rf 1440.00000000 50748.27868537669163373 1.00000 7 
 fake.rf 1440.00000000 50758.28776933133474714 1.00000 7 
 fake.rf 1440.00000000 50768.22261154715004849 1.00000 7 
 fake.rf 1440.00000000 50778.20352025075637670 1.00000 7 
 fake.rf 1440.00000000 50788.20004334688677261 1.00000 7 
 fake.rf 1440.00000000 50798.14492136481718632 1.00000 7 
 fake.rf 1440.00000000 50808.16110755861368631 1.00000 7 
 fake.rf 1440.00000000 50818.11095907922459958 1.00000 7 
 fake.rf 1440.00000000 50828.04699053585304824 1.00000 7 
 fake.rf 1440.00000000 50838.02392572693697304 1.00000 7 
 fake.rf 1440.00000000 50848.03819331930142056 1.00000 7 
 fake.rf 1440.00000000 50858.01933643867139523 1.00000 7 
 fake.rf 1440.00000000 50867.93666508354788647 1.00000 7 
 fake.rf 1440.00000000 50877.95461179200696122 1.00000 7 
 fake.rf 1440.00000000 50887.89928164530969568 1.00000 7 
 fake.rf 1440.00000000 50897.84949406655434601 1.00000 7 
 fake.rf 1440.00000000 50907.85284210449537312 1.00000 7 
 fake.rf 1440.00000000 50917.81981572945883840 1.00000 7 
 fake.rf 1440.00000000 50927.77573040901687307 1.00000 7 
 fake.rf 1440.00000000 50937.78335246060685648 1.00000 7 
 fake.rf 1440.00000000 50947.71568065452140317 1.00000 7 
 fake.rf 1440.00000000 50957.73217069310799232 1.00000 7 
 fake.rf 1440.00000000 50967.67017216685659164 1.00000 7 
 fake.rf 1440.00000000 50977.65374692744154572 1.00000 7 
 fake.rf 1440.00000000 50987.60754643993269752 1.00000 7 
 fake.rf 1440.00000000 50997.61594888375411827 1.00000 7 
 fake.rf 1440.00000000 51007.61086673994173779 1.00000 7 
 fake.rf 1440.00000000 51017.52236010993057391 1.00000 7 
 fake.rf 1440.00000000 51027.49756604729249787 1.00000 7 
 fake.rf 1440.00000000 51037.53463411112665327 1.00000 7 
 fake.rf 1440.00000000 51047.44621292351279607 1.00000 7 
 fake.rf 1440.00000000 51057.43890710328420823 1.00000 7 
 fake.rf 1440.00000000 51067.42903000285431148 1.00000 7 
 fake.rf 1440.00000000 51077.38608869877056051 1.00000 7 
 fake.rf 1440.00000000 51087.38699583370689794 1.00000 7 
 fake.rf 1440.00000000 51097.31761293337644858 1.00000 7 
 fake.rf 1440.00000000 51107.33018727712787310 1.00000 7 
 fake.rf 1440.00000000 51117.29125168379699673 1.00000 7 
 fake.rf 1440.00000000 51127.28235786863515600 1.00000 7 
 fake.rf 1440.00000000 51137.25826802909508473 1.00000 7 
 fake.rf 1440.00000000 51147.22357184883166070 1.00000 7 
 fake.rf 1440.00000000 51157.17291679849864394 1.00000 7 
 fake.rf 1440.00000000 51167.15727431094672895 1.00000 7 
 fake.rf 1440.00000000 51177.15054452788001527 1.00000 7 
 fake.rf 1440.00000000 51187.06180712521662812 1.00000 7 
 fake.rf 1440.00000000 51197.10147220920737610 1.00000 7 
 fake.rf 1440.00000000 51207.07225915723206455 1.00000 7 
 fake.rf 1440.00000000 51217.01417408865224346 1.00000 7 
 fake.rf 1440.00000000 51226.96478385410525647 1.00000 7 
 fake.rf 1440.00000000 51236.91878977589975364 1.00000 7 
 fake.rf 1440.00000000 51246.89563107755472871 1.00000 7 
 fake.rf 1440.00000000 51256.88920670401513036 1.00000 7 
 fake.rf 1440.00000000 51266.88700706764247528 1.00000 7 
 fake.rf 1440.00000000 51276.82915423693778934 1.00000 7 
 fake.rf 1440.00000000 51286.83360879177589453 1.00000 7 
 fake.rf 1440.00000000 51296.81251304452563033 1.00000 7 
 fake.rf 1440.00000000 51306.79036700678085836 1.00000 7 
 fake.rf 1440.00000000 51316.73371040365063322 1.00000 7 
 fake.rf 1440.00000000 51326.73474567954360026 1.00000 7 
 fake.rf 1440.00000000 51336.71510995157050061 1.00000 7 
 fake.rf 1440.00000000 51346.63949236982852398 1.00000 7 
 fake.rf 1440.00000000 51356.66274421504007819 1.00000 7 
 fake.rf 1440.00000000 51366.57977357619008174 1.00000 7 
 fake.rf 1440.00000000 51376.60491663560748066 1.00000 7 
 fake.rf 1440.00000000 51386.52919812326284443 1.00000 7 
 fake.rf 1440.00000000 51396.55777228559969316 1.00000 7 
 fake.rf 1440.00000000 51406.45750344811194665 1.00000 7 
 fake.rf 1440.00000000 51416.50499704264298373 1.00000 7 
 fake.rf 1440.00000000 51426.43860647451157675 1.00000 7 
 fake.rf 1440.00000000 51436.44008155820167971 1.00000 7 
 fake.rf 1440.00000000 51446.40745627445729227 1.00000 7 
 fake.rf 1440.00000000 51456.33367395867076510 1.00000 7 
 fake.rf 1440.00000000 51466.31179827769285140 1.00000 7 
 fake.rf 1440.00000000 51476.29083477297739790 1.00000 7 
 fake.rf 1440.00000000 51486.23762702313791451 1.00000 7 
 fake.rf 1440.00000000 51496.23765161884835351 1.00000 7 
 fake.rf 1440.00000000 51506.20032425506149565 1.00000 7 
 fake.rf 1440.00000000 51516.22854111311504965 1.00000 7 
 fake.rf 1440.00000000 51526.19778494746053710 1.00000 7 
 fake.rf 1440.00000000 51536.13837157772968922 1.00000 7 
 fake.rf 1440.00000000 51546.14789881137732408 1.00000 7 
 fake.rf 1440.00000000 51556.12128826700480033 1.00000 7 
 fake.rf 1440.00000000 51566.08275485990765574 1.00000 7 
 fake.rf 1440.00000000 51576.03405338303121752 1.00000 7 
 fake.rf 1440.00000000 51585.97689436809908514 1.00000 7 
 fake.rf 1440.00000000 51595.97011994097097087 1.00000 7 
 fake.rf 1440.00000000 51605.92762705085006658 1.00000 7 
 fake.rf 1440.00000000 51615.95895955850392767 1.00000 7 
 fake.rf 1440.00000000 51625.92283288880795311 1.00000 7 
 fake.rf 1440.00000000 51635.82534631447266094 1.00000 7 
 fake.rf 1440.00000000 51645.86434742709000290 1.00000 7 
 fake.rf 1440.00000000 51655.77990751668095015 1.00000 7 
 fake.rf 1440.00000000 51665.81631037674168638 1.00000 7 
 fake.rf 1440.00000000 51675.71631186437778283 1.00000 7 
 fake.rf 1440.00000000 51685.76765267005804461 1.00000 7 
 fake.rf 1440.00000000 51695.67230813454063565 1.00000 7 
 fake.rf 1440.00000000 51705.71152142847303423 1.00000 7 
 fake.rf 1440.00000000 51715.68989769483730612 1.00000 7 
 fake.rf 1440.00000000 51725.58601769815809490 1.00000 7 
 fake.rf 1440.00000000 51735.58614479484830539 1.00000 7 
 fake.rf 1440.00000000 51745.59330039434627579 1.00000 7 
 fake.rf 1440.00000000 51755.56743286793744829 1.00000 7 
 fake.rf 1440.00000000 51765.52108193903192301 1.00000 7 
 fake.rf 1440.00000000 51775.45033288972336294 1.00000 7 
 fake.rf 1440.00000000 51785.43080621216509130 1.00000 7 
 fake.rf 1440.00000000 51795.44188514988382721 1.00000 7 
 fake.rf 1440.00000000 51805.39846506225206113 1.00000 7 
 fake.rf 1440.00000000 51815.36891528520712313 1.00000 7 
 fake.rf 1440.00000000 51825.35218214947251170 1.00000 7 
 fake.rf 1440.00000000 51835.30531012635031374 1.00000 7 
 fake.rf 1440.00000000 51845.32698476078206795 1.00000 7 
 fake.rf 1440.00000000 51855.26374982512968614 1.00000 7 
 fake.rf 1440.00000000 51865.21757165491806063 1.00000 7 
 fake.rf 1440.00000000 51875.22801717599142535 1.00000 7 
 fake.rf 1440.00000000 51885.14338505345444119 1.00000 7 
 fake.rf 1440.00000000 51895.15068549108237406 1.00000 7 
 fake.rf 1440.00000000 51905.09832767580927637 1.00000 7 
 fake.rf 1440.00000000 51915.08184032442461486 1.00000 7 
 fake.rf 1440.00000000 51925.06444427521582341 1.00000 7 
 fake.rf 1440.00000000 51935.08659738040663001 1.00000 7 
 fake.rf 1440.00000000 51944.99992791911535761 1.00000 7 
 fake.rf 1440.00000000 51954.96550387737880783 1.00000 7 
 fake.rf 1440.00000000 51964.93052138345300506 1.00000 7 
 fake.rf 1440.00000000 51974.90755915918000696 1.00000 7 
 fake.rf 1440.00000000 51984.88377435932647330 1.00000 7 
 fake.rf 1440.00000000 51994.84410363615815598 1.00000 7 
 fake.rf 1440.00000000 52004.83643451601961871 1.00000 7 
 fake.rf 1440.00000000 52014.79583392744470416 1.00000 7 
 fake.rf 1440.00000000 52024.76184384960324181 1.00000 7 
 fake.rf 1440.00000000 52034.76093242162352581 1.00000 7 
 fake.rf 1440.00000000 52044.74776320914656935 1.00000 7 
 fake.rf 1440.00000000 52054.74823310625416539 1.00000 7 
 fake.rf 1440.00000000 52064.66542517468619167 1.00000 7 
 fake.rf 1440.00000000 52074.63320938673026816 1.00000 7 
 fake.rf 1440.00000000 52084.67356793334925058 1.00000 7 
 fake.rf 1440.00000000 52094.59853754303331996 1.00000 7 
 fake.rf 1440.00000000 52104.60470515562040106 1.00000 7 
 fake.rf 1440.00000000 52114.54561447600088542 1.00000 7 
 fake.rf 1440.00000000 52124.55167205708607980 1.00000 7 
 fake.rf 1440.00000000 52134.48507742451498359 1.00000 7 
 fake.rf 1440.00000000 52144.48975250439732321 1.00000 7 
 fake.rf 1440.00000000 52154.46145566636148772 1.00000 7 
 fake.rf 1440.00000000 52164.44226377764165647 1.00000 7 
 fake.rf 1440.00000000 52174.42806507888115419 1.00000 7 
 fake.rf 1440.00000000 52184.35418481184139239 1.00000 7 
 fake.rf 1440.00000000 52194.36099842022080253 1.00000 7 
 fake.rf 1440.00000000 52204.29807113565891896 1.00000 7 
 fake.rf 1440.00000000 52214.28247062290310865 1.00000 7 
 fake.rf 1440.00000000 52224.21676799974296657 1.00000 7 
 fake.rf 1440.00000000 52234.24708232539425978 1.00000 7 
 fake.rf 1440.00000000 52244.19760587601410151 1.00000 7 
 fake.rf 1440.00000000 52254.15587137626451053 1.00000 7 
 fake.rf 1440.00000000 52264.17906611503542536 1.00000 7 
 fake.rf 1440.00000000 52274.12191150391111449 1.00000 7 
 fake.rf 1440.00000000 52284.08451909236336874 1.00000 7 
 fake.rf 1440.00000000 52294.02789997098922115 1.00000 7 
 fake.rf 1440.00000000 52304.04171230629437872 1.00000 7 
 fake.rf 1440.00000000 52314.02395515629335776 1.00000 7 
 fake.rf 1440.00000000 52323.95403971938633703 1.00000 7 
 fake.rf 1440.00000000 52333.96116636366921071 1.00000 7 
 fake.rf 1440.00000000 52343.96980220422520702 1.00000 7 
 fake.rf 1440.00000000 52353.91402192091739209 1.00000 7 
 fake.rf 1440.00000000 52363.86558937443057360 1.00000 7 
 fake.rf 1440.00000000 52373.81872154695428989 1.00000 7 
 fake.rf 1440.00000000 52383.84136312680418968 1.00000 7 
 fake.rf 1440.00000000 52393.77726010978747340 1.00000 7 
 fake.rf 1440.00000000 52403.76599964643995833 1.00000 7 
 fake.rf 1440.00000000 52413.73877979236589653 1.00000 7 
 fake.rf 1440.00000000 52423.72622378686908107 1.00000 7 
 fake.rf 1440.00000000 52433.66499184693679325 1.00000 7 
 fake.rf 1440.00000000 52443.68181515036101814 1.00000 7 
 fake.rf 1440.00000000 52453.61790524414833925 1.00000 7 
 fake.rf 1440.00000000 52463.63901406932506077 1.00000 7 
 fake.rf 1440.00000000 52473.58061645325239652 1.00000 7 
 fake.rf 1440.00000000 52483.52981216848302992 1.00000 7 
 fake.rf 1440.00000000 52493.50434512723552771 1.00000 7 
 fake.rf 1440.00000000 52503.48006544324336886 1.00000 7 
 fake.rf 1440.00000000 52513.47697143502544748 1.00000 7 
 fake.rf 1440.00000000 52523.46320824251178294 1.00000 7 
 fake.rf 1440.00000000 52533.40053032331225324 1.00000 7 
 fake.rf 1440.00000000 52543.37172166369386161 1.00000 7 
 fake.rf 1440.00000000 52553.33578635142792024 1.00000 7 
 fake.rf 1440.00000000 52563.34201157046507902 1.00000 7 
 fake.rf 1440.00000000 52573.28036859817852289 1.00000 7 
 fake.rf 1440.00000000 52583.29791638571090928 1.00000 7 
 fake.rf 1440.00000000 52593.21072026195587412 1.00000 7 
 fake.rf 1440.00000000 52603.20309571885587374 1.00000 7 
 fake.rf 1440.00000000 52613.17842696947114689 1.00000 7 
 fake.rf 1440.00000000 52623.18411130569421275 1.00000 7 
 fake.rf 1440.00000000 52633.13387570895245560 1.00000 7 
 fake.rf 1440.00000000 52643.14363781021052446 1.00000 7 
 fake.rf 1440.00000000 52653.10192901327794601 1.00000 7 
 fake.rf 1440.00000000 52663.02321751346095979 1.00000 7 
 fake.rf 1440.00000000 52673.01185142762652447 1.00000 7 
 fake.rf 1440.00000000 52683.03391248150479598 1.00000 7 
 fake.rf 1440.00000000 52693.00514685021632744 1.00000 7 
 fake.rf 1440.00000000 52702.95698203677246596 1.00000 7 
 fake.rf 1440.00000000 52712.91175358103590298 1.00000 7 
 fake.rf 1440.00000000 52722.88307253817906783 1.00000 7 
 fake.rf 1440.00000000 52732.84965609062246727 1.00000 7 
 fake.rf 1440.00000000 52742.85383328851801465 1.00000 7 
 fake.rf 1440.00000000 52752.78594654391026708 1.00000 7 
 fake.rf 1440.00000000 52762.79925783424107522 1.00000 7 
 fake.rf 1440.00000000 52772.76851491664305982 1.00000 7 
 fake.rf 1440.00000000 52782.75286818051624493 1.00000 7 
 fake.rf 1440.00000000 52792.65934621545401484 1.00000 7 
 fake.rf 1440.00000000 52802.71377395873148330 1.00000 7 
 fake.rf 1440.00000000 52812.61781851365359230 1.00000 7 
 fake.rf 1440.00000000 52822.63184017400461912 1.00000 7 
 fake.rf 1440.00000000 52832.61647570899871340 1.00000 7 
 fake.rf 1440.00000000 52842.56848001974998041 1.00000 7 
 fake.rf 1440.00000000 52852.49766409000908141 1.00000 7 
 fake.rf 1440.00000000 52862.47366862125228337 1.00000 7 
 fake.rf 1440.00000000 52872.45920249444264272 1.00000 7 
 fake.rf 1440.00000000 52882.43738115787508391 1.00000 7 
 fake.rf 1440.00000000 52892.45823787103541491 1.00000 7 
 fake.rf 1440.00000000 52902.38387996736657115 1.00000 7 
 fake.rf 1440.00000000 52912.38173844789731604 1.00000 7 
 fake.rf 1440.00000000 52922.32189736904538790 1.00000 7 
 fake.rf 1440.00000000 52932.28052815265181863 1.00000 7 
 fake.rf 1440.00000000 52942.25545542539772370 1.00000 7 
 fake.rf 1440.00000000 52952.23268073069129969 1.00000 7 
 fake.rf 1440.00000000 52962.26024048026775404 1.00000 7 
 fake.rf 1440.00000000 52972.18376039171856107 1.00000 7 
 fake.rf 1440.00000000 52982.17692393041715704 1.00000 7 
 fake.rf 1440.00000000 52992.17051580153438195 1.00000 7 
 fake.rf 1440.00000000 53002.09257445259166630 1.00000 7 
 fake.rf 1440.00000000 53012.06487756778397724 1.00000 7 
 fake.rf 1440.00000000 53022.04054520724749366 1.00000 7 
 fake.rf 1440.00000000 53032.04456049308282672 1.00000 7 
 fake.rf 1440.00000000 53042.01075153425237119 1.00000 7 
 fake.rf 1440.00000000 53052.01790070746791628 1.00000 7 
 fake.rf 1440.00000000 53061.98133357071770178 1.00000 7 
 fake.rf 1440.00000000 53071.90480691768335930 1.00000 7 
 fake.rf 1440.00000000 53081.90851759662367471 1.00000 7 
 fake.rf 1440.00000000 53091.88360795759351163 1.00000 7 
 fake.rf 1440.00000000 53101.82419694153334788 1.00000 7 
 fake.rf 1440.00000000 53111.82630631514921049 1.00000 7 
 fake.rf 1440.00000000 53121.81607904994916680 1.00000 7 
 fake.rf 1440.00000000 53131.79799405774701171 1.00000 7 
 fake.rf 1440.00000000 53141.72870993278036877 1.00000 7 
 fake.rf 1440.00000000 53151.69779124487034139 1.00000 7 
 fake.rf 1440.00000000 53161.71952793165868556 1.00000 7 
 fake.rf 1440.00000000 53171.65355274351241377 1.00000 7 
 fake.rf 1440.00000000 53181.63547235501266996 1.00000 7 
 fake.rf 1440.00000000 53191.57935865621774596 1.00000 7 
 fake.rf 1440.00000000 53201.56154450750232598 1.00000 7 
 fake.rf 1440.00000000 53211.57974385300298081 1.00000 7 
 fake.rf 1440.00000000 53221.54879302860647883 1.00000 7 
 fake.rf 1440.00000000 53231.49844197370450871 1.00000 7 
 fake.rf 1440.00000000 53241.50257661399785292 1.00000 7 
 fake.rf 1440.00000000 53251.47385722566740540 1.00000 7 
 fake.rf 1440.00000000 53261.42803590267985214 1.00000 7 
 fake.rf 1440.00000000 53271.40370122432056021 1.00000 7 
 fake.rf 1440.00000000 53281.32580617167010928 1.00000 7 
 fake.rf 1440.00000000 53291.30045276247606267 1.00000 7 
 fake.rf 1440.00000000 53301.29701419379792071 1.00000 7 
 fake.rf 1440.00000000 53311.25181551809162528 1.00000 7 
 fake.rf 1440.00000000 53321.22606947852219150 1.00000 7 
 fake.rf 1440.00000000 53331.22560290592810972 1.00000 7 
 fake.rf 1440.00000000 53341.21172381414950436 1.00000 7 
 fake.rf 1440.00000000 53351.17947321754845547 1.00000 7 
 fake.rf 1440.00000000 53361.13012687692103242 1.00000 7 
 fake.rf 1440.00000000 53371.10698493722741631 1.00000 7 
 fake.rf 1440.00000000 53381.10884529759626460 1.00000 7 
 fake.rf 1440.00000000 53391.09051398545220479 1.00000 7 
 fake.rf 1440.00000000 53401.06976670277456165 1.00000 7 
 fake.rf 1440.00000000 53411.03952041005197060 1.00000 7 
 fake.rf 1440.00000000 53420.96726953870005161 1.00000 7 
 fake.rf 1440.00000000 53430.96359926005105123 1.00000 7 
 fake.rf 1440.00000000 53440.94257235587799570 1.00000 7 
 fake.rf 1440.00000000 53450.91167496825003980 1.00000 7 
 fake.rf 1440.00000000 53460.90439046739479068 1.00000 7 
 fake.rf 1440.00000000 53470.84907114690654595 1.00000 7 
 fake.rf 1440.00000000 53480.77950287772162241 1.00000 7 
 fake.rf 1440.00000000 53490.78144231801595154 1.00000 7 
 fake.rf 1440.00000000 53500.78064705630784914 1.00000 7 
 fake.rf 1440.00000000 53510.72056889892456866 1.00000 7 
 fake.rf 1440.00000000 53520.68467862484184394 1.00000 7 
 fake.rf 1440.00000000 53530.68023692968487026 1.00000 7 
 fake.rf 1440.00000000 53540.68044544998711842 1.00000 7 
 fake.rf 1440.00000000 53550.59266076403649492 1.00000 7 
 fake.rf 1440.00000000 53560.58680402969928025 1.00000 7 
 fake.rf 1440.00000000 53570.56849555867419355 1.00000 7 
 fake.rf 1440.00000000 53580.56701383782608161 1.00000 7 
 fake.rf 1440.00000000 53590.51056643667560664 1.00000 7 
 fake.rf 1440.00000000 53600.49420888027543342 1.00000 7 
 fake.rf 1440.00000000 53610.43325956195177895 1.00000 7 
 fake.rf 1440.00000000 53620.44225108402702773 1.00000 7 
 fake.rf 1440.00000000 53630.42745190344034611 1.00000 7 
 fake.rf 1440.00000000 53640.39334032909920325 1.00000 7 
 fake.rf 1440.00000000 53650.33242380977859654 1.00000 7 
 fake.rf 1440.00000000 53660.31267830616394932 1.00000 7 
