FORMAT 1
MODE 1
 fake.rf 1440.00000000 50000.32510312968213384 1.00000 7 
 fake.rf 1440.00000000 50010.33494919943122881 1.00000 7 
 fake.rf 1440.00000000 50020.27525185534382857 1.00000 7 
 fake.rf 1440.00000000 50030.24666909205958731 1.00000 7 
 fake.rf 1440.00000000 50040.20993084242457982 1.00000 7 
 fake.rf 1440.00000000 50050.24213451057555702 1.00000 7 
 fake.rf 1440.00000000 50060.20335753091121589 1.00000 7 
 fake.rf 1440.00000000 50070.13996931722284600 1.00000 7 
 fake.rf 1440.00000000 50080.15353620330136408 1.00000 7 
 fake.rf 1440.00000000 50090.10321563050632321 1.00000 7 
 fake.rf 1440.00000000 50100.08229234605661873 1.00000 7 
 fake.rf 1440.00000000 50110.04236520193454041 1.00000 7 
 fake.rf 1440.00000000 50120.03706805954638526 1.00000 7 
 fake.rf 1440.00000000 50129.99737902254203448 1.00000 7 
 fake.rf 1440.00000000 50139.93350564896037369 1.00000 7 
 fake.rf 1440.00000000 50149.90920416536075521 1.00000 7 
 fake.rf 1440.00000000 50159.90527348333681701 1.00000 7 
 fake.rf 1440.00000000 50169.87117037794991248 1.00000 7 
 fake.rf 1440.00000000 50179.89184055767814030 1.00000 7 
 fake.rf 1440.00000000 50189.82575570925962793 1.00000 7 
 fake.rf 1440.00000000 50199.84767370932574693 1.00000 7 
 fake.rf 1440.00000000 50209.80148720575755661 1.00000 7 
 fake.rf 1440.00000000 50219.78298747287664838 1.00000 7 
 fake.rf 1440.00000000 50229.70010436061971149 1.00000 7 
 fake.rf 1440.00000000 50239.72675818089622268 1.00000 7 
 fake.rf 1440.00000000 50249.67909839919729365 1.00000 7 
 fake.rf 1440.00000000 50259.67439025754185877 1.00000 7 
 fake.rf 1440.00000000 50269.64883436914514903 1.00000 7 
 fake.rf 1440.00000000 50279.54735372562124240 1.00000 7 
 fake.rf 1440.00000000 50289.58510503593030450 1.00000 7 
 fake.rf 1440.00000000 50299.53324443043717196 1.00000 7 
 fake.rf 1440.00000000 50309.47875842554940817 1.00000 7 
 fake.rf 1440.00000000 50319.47032677659286293 1.00000 7 
 fake.rf 1440.00000000 50329.46940647776143862 1.00000 7 
 fake.rf 1440.00000000 50339.41364208390823975 1.00000 7 
 fake.rf 1440.00000000 50349.39577651025653182 1.00000 7 
 fake.rf 1440.00000000 50359.37103084998616964 1.00000 7 
 fake.rf 1440.00000000 50369.30379387151061721 1.00000 7 
 fake.rf 1440.00000000 50379.33317770234401678 1.00000 7 
 fake.rf 1440.00000000 50389.26596998707939790 1.00000 7 
 fake.rf 1440.00000000 50399.25905001227023305 1.00000 7 
 fake.rf 1440.00000000 50409.21148163315119461 1.00000 7 
 fake.rf 1440.00000000 50419.21498438912214368 1.00000 7 
 fake.rf 1440.00000000 50429.14673831738290488 1.00000 7 
 fake.rf 1440.00000000 50439.17011856263448877 1.00000 7 
 fake.rf 1440.00000000 50449.13705223613937889 1.00000 7 
 fake.rf 1440.00000000 50459.07180904941342803 1.00000 7 
 fake.rf 1440.00000000 50469.03522958847971580 1.00000 7 
 fake.rf 1440.00000000 50479.07869782484483068 1.00000 7 
 fake.rf 1440.00000000 50488.97809586820508443 1.00000 7 
 fake.rf 1440.00000000 50498.98606915884584723 1.00000 7 
 fake.rf 1440.00000000 50508.99542646410694502 1.00000 7 
 fake.rf 1440.00000000 50518.95927560885357011 1.00000 7 
 fake.rf 1440.00000000 50528.89272018777016982 1.00000 7 
 fake.rf 1440.00000000 50538.84649871880799310 1.00000 7 
 fake.rf 1440.00000000 50548.86430604859258864 1.00000 7 
 fake.rf 1440.00000000 50558.86072850885930663 1.00000 7 
 fake.rf 1440.00000000 50568.83710317626207242 1.00000 7 
 fake.rf 1440.00000000 50578.77332563108743457 1.00000 7 
 fake.rf 1440.00000000 50588.77890514590106719 1.00000 7 
 fake.rf 1440.00000000 50598.73700213585809848 1.00000 7 
 fake.rf 1440.00000000 50608.64866825246757287 1.00000 7 
 fake.rf 1440.00000000 50618.62706612158183006 1.00000 7 
 fake.rf 1440.00000000 50628.60403578663116164 1.00000 7 
 fake.rf 1440.00000000 50638.62541929987397182 1.00000 7 
 fake.rf 1440.00000000 50648.57535709071619223 1.00000 7 
 fake.rf 1440.00000000 50658.56176552691697523 1.00000 7 
 fake.rf 1440.00000000 50668.50237439111100812 1.00000 7 
 fake.rf 1440.00000000 50678.49571281378021936 1.00000 7 
 fake.rf 1440.00000000 50688.45547612002074445 1.00000 7 
 fake.rf 1440.00000000 50698.43951492185168917 1.00000 7 
 fake.rf 1440.00000000 50708.45323777098421303 1.00000 7 
 fake.rf 1440.00000000 50718.39273698747608776 1.00000 7 
 fake.rf 1440.00000000 50728.32424950593291513 1.00000 7 
 fake.rf 1440.00000000 50738.29703062117967249 1.00000 7 
 fake.rf 1440.00000000 50748.28721443293355975 1.00000 7 
 fake.rf 1440.00000000 50758.29629831267454421 1.00000 7 
 fake.rf 1440.00000000 50768.23114057127586563 1.00000 7 
 fake.rf 1440.00000000 50778.21204923398886066 1.00000 7 
 fake.rf 1440.00000000 50788.20857241073206367 1.00000 7 
 fake.rf 1440.00000000 50798.15345031752602623 1.00000 7 
 fake.rf 1440.00000000 50808.16963659333520198 1.00000 7 
 fake.rf 1440.00000000 50818.11948807818729534 1.00000 7 
 fake.rf 1440.00000000 50828.05551952164986318 1.00000 7 
 fake.rf 1440.00000000 50838.03245468701027576 1.00000 7 
 fake.rf 1440.00000000 50848.04672236432238819 1.00000 7 
 fake.rf 1440.00000000 50858.02786543991274470 1.00000 7 
 fake.rf 1440.00000000 50867.94519406920882787 1.00000 7 
 fake.rf 1440.00000000 50877.96314076848785390 1.00000 7 
 fake.rf 1440.00000000 50887.90781063308759613 1.00000 7 
 fake.rf 1440.00000000 50897.85802310501824408 1.00000 7 
 fake.rf 1440.00000000 50907.86137111451586890 1.00000 7 
 fake.rf 1440.00000000 50917.82834476083171182 1.00000 7 
 fake.rf 1440.00000000 50927.78425941170916857 1.00000 7 
 fake.rf 1440.00000000 50937.79188145101937479 1.00000 7 
 fake.rf 1440.00000000 50947.72420963380296755 1.00000 7 
 fake.rf 1440.00000000 50957.74069974792914195 1.00000 7 
 fake.rf 1440.00000000 50967.67870121629912106 1.00000 7 
 fake.rf 1440.00000000 50977.66227588810202320 1.00000 7 
 fake.rf 1440.00000000 50987.61607542765695911 1.00000 7 
 fake.rf 1440.00000000 50997.62447788472200472 1.00000 7 
 fake.rf 1440.00000000 51007.61939571410032812 1.00000 7 
 fake.rf 1440.00000000 51017.53088907470295510 1.00000 7 
 fake.rf 1440.00000000 51027.50609511614888802 1.00000 7 
 fake.rf 1440.00000000 51037.54316310606107976 1.00000 7 
 fake.rf 1440.00000000 51047.45474193447234867 1.00000 7 
 fake.rf 1440.00000000 51057.44743605521430396 1.00000 7 
 fake.rf 1440.00000000 51067.43755898740822730 1.00000 7 
 fake.rf 1440.00000000 51077.39461775297722923 1.00000 7 
 fake.rf 1440.00000000 51087.39552484771679630 1.00000 7 
 fake.rf 1440.00000000 51097.32614192522054353 1.00000 7 
 fake.rf 1440.00000000 51107.33871629863228847 1.00000 7 
 fake.rf 1440.00000000 51117.29978064571515972 1.00000 7 
 fake.rf 1440.00000000 51127.29088689873459117 1.00000 7 
 fake.rf 1440.00000000 51137.26679704249492175 1.00000 7 
 fake.rf 1440.00000000 51147.23210089572473791 1.00000 7 
 fake.rf 1440.00000000 51157.18144579492925672 1.00000 7 
 fake.rf 1440.00000000 51167.16580335213869191 1.00000 7 
 fake.rf 1440.00000000 51177.15907352818920728 1.00000 7 
 fake.rf 1440.00000000 51187.07033612456591953 1.00000 7 
 fake.rf 1440.00000000 51197.11000117133616172 1.00000 7 
 fake.rf 1440.00000000 51207.08078817715614406 1.00000 7 
 fake.rf 1440.00000000 51217.02270312469353541 1.00000 7 
 fake.rf 1440.00000000 51226.97331285635327447 1.00000 7 
 fake.rf 1440.00000000 51236.92731879845698728 1.00000 7 
 fake.rf 1440.00000000 51246.90416011801909946 1.00000 7 
 fake.rf 1440.00000000 51256.89773571058296397 1.00000 7 
 fake.rf 1440.00000000 51266.89553610602873945 1.00000 7 
 fake.rf 1440.00000000 51276.83768322394024608 1.00000 7 
 fake.rf 1440.00000000 51286.84213784442508555 1.00000 7 
 fake.rf 1440.00000000 51296.82104207718724709 1.00000 7 
 fake.rf 1440.00000000 51306.79889600338316669 1.00000 7 
 fake.rf 1440.00000000 51316.74223940326659843 1.00000 7 
 fake.rf 1440.00000000 51326.74327471453653260 1.00000 7 
 fake.rf 1440.00000000 51336.72363897104442998 1.00000 7 
 fake.rf 1440.00000000 51346.64802143216717312 1.00000 7 
 fake.rf 1440.00000000 51356.67127321602032808 1.00000 7 
 fake.rf 1440.00000000 51366.58830259544531316 1.00000 7 
 fake.rf 1440.00000000 51376.61344561055959090 1.00000 7 
 fake.rf 1440.00000000 51386.53772717070316034 1.00000 7 
 fake.rf 1440.00000000 51396.56630131015192831 1.00000 7 
 fake.rf 1440.00000000 51406.46603245861403053 1.00000 7 
 fake.rf 1440.00000000 51416.51352603423905663 1.00000 7 
 fake.rf 1440.00000000 51426.44713549324050916 1.00000 7 
 fake.rf 1440.00000000 51436.44861055344004441 1.00000 7 
 fake.rf 1440.00000000 51446.41598524343515919 1.00000 7 
 fake.rf 1440.00000000 51456.34220296208782486 1.00000 7 
 fake.rf 1440.00000000 51466.32032724937508306 1.00000 7 
 fake.rf 1440.00000000 51476.29936382396422445 1.00000 7 
 fake.rf 1440.00000000 51486.24615601600703840 1.00000 7 
 fake.rf 1440.00000000 51496.24618059019311644 1.00000 7 
 fake.rf 1440.00000000 51506.20885321394775147 1.00000 7 
 fake.rf 1440.00000000 51516.23707007371148947 1.00000 7 
 fake.rf 1440.00000000 51526.20631390676272332 1.00000 7 
 fake.rf 1440.00000000 51536.14690061823466394 1.00000 7 
 fake.rf 1440.00000000 51546.15642778315259775 1.00000 7 
 fake.rf 1440.00000000 51556.12981726021964235 1.00000 7 
 fake.rf 1440.00000000 51566.09128387548126327 1.00000 7 
 fake.rf 1440.00000000 51576.04258243118069061 1.00000 7 
 fake.rf 1440.00000000 51585.98542334533015108 1.00000 7 
 fake.rf 1440.00000000 51595.97864890617157130 1.00000 7 
 fake.rf 1440.00000000 51605.93615605465478424 1.00000 7 
 fake.rf 1440.00000000 51615.96748853892489350 1.00000 7 
 fake.rf 1440.00000000 51625.93136184587549664 1.00000 7 
 fake.rf 1440.00000000 51635.83387531104189705 1.00000 7 
 fake.rf 1440.00000000 51645.87287642759886097 1.00000 7 
 fake.rf 1440.00000000 51655.78843649111070846 1.00000 7 
 fake.rf 1440.00000000 51665.82483942135124266 1.00000 7 
 fake.rf 1440.00000000 51675.72484086670608860 1.00000 7 
 fake.rf 1440.00000000 51685.77618166971545932 1.00000 7 
 fake.rf 1440.00000000 51695.68083712459182877 1.00000 7 
 fake.rf 1440.00000000 51705.72005041118588764 1.00000 7 
 fake.rf 1440.00000000 51715.69842664056277570 1.00000 7 
 fake.rf 1440.00000000 51725.59454668886073847 1.00000 7 
 fake.rf 1440.00000000 51735.59467378459466502 1.00000 7 
 fake.rf 1440.00000000 51745.60182942529862160 1.00000 7 
 fake.rf 1440.00000000 51755.57596185461735416 1.00000 7 
 fake.rf 1440.00000000 51765.52961095285495929 1.00000 7 
 fake.rf 1440.00000000 51775.45886189037167924 1.00000 7 
 fake.rf 1440.00000000 51785.43933519307675439 1.00000 7 
 fake.rf 1440.00000000 51795.45041417133750272 1.00000 7 
 fake.rf 1440.00000000 51805.40699402693696385 1.00000 7 
 fake.rf 1440.00000000 51815.37744429248261469 1.00000 7 
 fake.rf 1440.00000000 51825.36071113574400115 1.00000 7 
 fake.rf 1440.00000000 51835.31383918705576619 1.00000 7 
 fake.rf 1440.00000000 51845.33551379735381914 1.00000 7 
 fake.rf 1440.00000000 51855.27227877912247322 1.00000 7 
 fake.rf 1440.00000000 51865.22610063542279235 1.00000 7 
 fake.rf 1440.00000000 51875.23654620468485987 1.00000 7 
 fake.rf 1440.00000000 51885.15191409193780814 1.00000 7 
 fake.rf 1440.00000000 51895.15921452286971416 1.00000 7 
 fake.rf 1440.00000000 51905.10685663184728611 1.00000 7 
 fake.rf 1440.00000000 51915.09036934453594014 1.00000 7 
 fake.rf 1440.00000000 51925.07297329583021295 1.00000 7 
 fake.rf 1440.00000000 51935.09512637351654263 1.00000 7 
 fake.rf 1440.00000000 51945.00845687917288629 1.00000 7 
 fake.rf 1440.00000000 51954.97403291408094361 1.00000 7 
 fake.rf 1440.00000000 51964.93905041848649873 1.00000 7 
 fake.rf 1440.00000000 51974.91608819993601998 1.00000 7 
 fake.rf 1440.00000000 51984.89230335109370174 1.00000 7 
 fake.rf 1440.00000000 51994.85263261761570419 1.00000 7 
 fake.rf 1440.00000000 52004.84496354040613397 1.00000 7 
 fake.rf 1440.00000000 52014.80436294407286724 1.00000 7 
 fake.rf 1440.00000000 52024.77037281257425505 1.00000 7 
 fake.rf 1440.00000000 52034.76946143767992581 1.00000 7 
 fake.rf 1440.00000000 52044.75629225914586584 1.00000 7 
 fake.rf 1440.00000000 52054.75676213778221424 1.00000 7 
 fake.rf 1440.00000000 52064.67395415456648777 1.00000 7 
 fake.rf 1440.00000000 52074.64173839096674712 1.00000 7 
 fake.rf 1440.00000000 52084.68209691465866840 1.00000 7 
 fake.rf 1440.00000000 52094.60706656734117104 1.00000 7 
 fake.rf 1440.00000000 52104.61323412401687705 1.00000 7 
 fake.rf 1440.00000000 52114.55414350283095359 1.00000 7 
 fake.rf 1440.00000000 52124.56020104860003528 1.00000 7 
 fake.rf 1440.00000000 52134.49360644926759534 1.00000 7 
 fake.rf 1440.00000000 52144.49828153422738453 1.00000 7 
 fake.rf 1440.00000000 52154.46998469127219877 1.00000 7 
 fake.rf 1440.00000000 52164.45079280600341676 1.00000 7 
 fake.rf 1440.00000000 52174.43659403007346143 1.00000 7 
 fake.rf 1440.00000000 52184.36271378003043608 1.00000 7 
 fake.rf 1440.00000000 52194.36952743395108101 1.00000 7 
 fake.rf 1440.00000000 52204.30660012809031301 1.00000 7 
 fake.rf 1440.00000000 52214.29099964089449770 1.00000 7 
 fake.rf 1440.00000000 52224.22529700321801727 1.00000 7 
 fake.rf 1440.00000000 52234.25561130615543703 1.00000 7 
 fake.rf 1440.00000000 52244.20613488682947079 1.00000 7 
 fake.rf 1440.00000000 52254.16440042540622812 1.00000 7 
 fake.rf 1440.00000000 52264.18759508622886756 1.00000 7 
 fake.rf 1440.00000000 52274.13044052982678522 1.00000 7 
 fake.rf 1440.00000000 52284.09304814045425047 1.00000 7 
 fake.rf 1440.00000000 52294.03642897054876926 1.00000 7 
 fake.rf 1440.00000000 52304.05024134562353311 1.00000 7 
 fake.rf 1440.00000000 52314.03248420474377767 1.00000 7 
 fake.rf 1440.00000000 52323.96256875028675992 1.00000 7 
 fake.rf 1440.00000000 52333.96969536762695796 1.00000 7 
 fake.rf 1440.00000000 52343.97833119302091731 1.00000 7 
 fake.rf 1440.00000000 52353.92255088721146450 1.00000 7 
 fake.rf 1440.00000000 52363.87411835726944531 1.00000 7 
 fake.rf 1440.00000000 52373.82725053411990856 1.00000 7 
 fake.rf 1440.00000000 52383.84989216477880447 1.00000 7 
 fake.rf 1440.00000000 52393.78578913707654863 1.00000 7 
 fake.rf 1440.00000000 52403.77452861786209226 1.00000 7 
 fake.rf 1440.00000000 52413.74730882039191115 1.00000 7 
 fake.rf 1440.00000000 52423.73475283576814476 1.00000 7 
 fake.rf 1440.00000000 52433.67352086543496270 1.00000 7 
 fake.rf 1440.00000000 52443.69034413897819391 1.00000 7 
 fake.rf 1440.00000000 52453.62643423930165554 1.00000 7 
 fake.rf 1440.00000000 52463.64754310078949828 1.00000 7 
 fake.rf 1440.00000000 52473.58914549813558992 1.00000 7 
 fake.rf 1440.00000000 52483.53834113120800708 1.00000 7 
 fake.rf 1440.00000000 52493.51287408032459325 1.00000 7 
 fake.rf 1440.00000000 52503.48859445752083275 1.00000 7 
 fake.rf 1440.00000000 52513.48550047605607105 1.00000 7 
 fake.rf 1440.00000000 52523.47173724854444998 1.00000 7 
 fake.rf 1440.00000000 52533.40905933168952302 1.00000 7 
 fake.rf 1440.00000000 52543.38025065522731083 1.00000 7 
 fake.rf 1440.00000000 52553.34431535841936523 1.00000 7 
 fake.rf 1440.00000000 52563.35054058961162227 1.00000 7 
 fake.rf 1440.00000000 52573.28889758659297371 1.00000 7 
 fake.rf 1440.00000000 52583.30644540137992493 1.00000 7 
 fake.rf 1440.00000000 52593.21924928244866138 1.00000 7 
 fake.rf 1440.00000000 52603.21162475572750949 1.00000 7 
 fake.rf 1440.00000000 52613.18695592990848198 1.00000 7 
 fake.rf 1440.00000000 52623.19264036031906429 1.00000 7 
 fake.rf 1440.00000000 52633.14240474057964647 1.00000 7 
 fake.rf 1440.00000000 52643.15216684869755071 1.00000 7 
 fake.rf 1440.00000000 52653.11045804238317558 1.00000 7 
 fake.rf 1440.00000000 52663.03174648065353480 1.00000 7 
 fake.rf 1440.00000000 52673.02038038634611183 1.00000 7 
 fake.rf 1440.00000000 52683.04244143034912540 1.00000 7 
 fake.rf 1440.00000000 52693.01367585132984672 1.00000 7 
 fake.rf 1440.00000000 52702.96551104396340648 1.00000 7 
 fake.rf 1440.00000000 52712.92028261351589080 1.00000 7 
 fake.rf 1440.00000000 52722.89160150141414718 1.00000 7 
 fake.rf 1440.00000000 52732.85818509143450328 1.00000 7 
 fake.rf 1440.00000000 52742.86236230974003547 1.00000 7 
 fake.rf 1440.00000000 52752.79447552924526832 1.00000 7 
 fake.rf 1440.00000000 52762.80778683569607779 1.00000 7 
 fake.rf 1440.00000000 52772.77704396080215687 1.00000 7 
 fake.rf 1440.00000000 52782.76139723056547481 1.00000 7 
 fake.rf 1440.00000000 52792.66787519003135642 1.00000 7 
 fake.rf 1440.00000000 52802.72230293047734051 1.00000 7 
 fake.rf 1440.00000000 52812.62634756388859358 1.00000 7 
 fake.rf 1440.00000000 52822.64036922440499566 1.00000 7 
 fake.rf 1440.00000000 52832.62500472825488274 1.00000 7 
 fake.rf 1440.00000000 52842.57700907195372864 1.00000 7 
 fake.rf 1440.00000000 52852.50619304085219952 1.00000 7 
 fake.rf 1440.00000000 52862.48219759183316313 1.00000 7 
 fake.rf 1440.00000000 52872.46773151665572144 1.00000 7 
 fake.rf 1440.00000000 52882.44591019109600083 1.00000 7 
 fake.rf 1440.00000000 52892.46676688159245572 1.00000 7 
 fake.rf 1440.00000000 52902.39240897746858394 1.00000 7 
 fake.rf 1440.00000000 52912.39026749001117622 1.00000 7 
 fake.rf 1440.00000000 52922.33042634628625578 1.00000 7 
 fake.rf 1440.00000000 52932.28905718460758578 1.00000 7 
 fake.rf 1440.00000000 52942.26398437912851946 1.00000 7 
 fake.rf 1440.00000000 52952.24120971109536171 1.00000 7 
 fake.rf 1440.00000000 52962.26876943514278651 1.00000 7 
 fake.rf 1440.00000000 52972.19228940932693916 1.00000 7 
 fake.rf 1440.00000000 52982.18545298295515522 1.00000 7 
 fake.rf 1440.00000000 52992.17904475039251722 1.00000 7 
 fake.rf 1440.00000000 53002.10110342390742844 1.00000 7 
 fake.rf 1440.00000000 53012.07340656858357164 1.00000 7 
 fake.rf 1440.00000000 53022.04907420639717230 1.00000 7 
 fake.rf 1440.00000000 53032.05308948861575047 1.00000 7 
 fake.rf 1440.00000000 53042.01928051879168535 1.00000 7 
 fake.rf 1440.00000000 53052.02642973662939241 1.00000 7 
 fake.rf 1440.00000000 53061.98986255131827150 1.00000 7 
 fake.rf 1440.00000000 53071.91333589653744340 1.00000 7 
 fake.rf 1440.00000000 53081.91704659155089274 1.00000 7 
 fake.rf 1440.00000000 53091.89213695148825778 1.00000 7 
 fake.rf 1440.00000000 53101.83272597567998830 1.00000 7 
 fake.rf 1440.00000000 53111.83483533871522653 1.00000 7 
 fake.rf 1440.00000000 53121.82460803821814821 1.00000 7 
 fake.rf 1440.00000000 53131.80652303870180830 1.00000 7 
 fake.rf 1440.00000000 53141.73723892383428691 1.00000 7 
 fake.rf 1440.00000000 53151.70632029911281080 1.00000 7 
 fake.rf 1440.00000000 53161.72805696343002424 1.00000 7 
 fake.rf 1440.00000000 53171.66208173194754494 1.00000 7 
 fake.rf 1440.00000000 53181.64400134736725079 1.00000 7 
 fake.rf 1440.00000000 53191.58788767802388620 1.00000 7 
 fake.rf 1440.00000000 53201.57007348867956509 1.00000 7 
 fake.rf 1440.00000000 53211.58827284774113053 1.00000 7 
 fake.rf 1440.00000000 53221.55732201040941831 1.00000 7 
 fake.rf 1440.00000000 53231.50697100393128736 1.00000 7 
 fake.rf 1440.00000000 53241.51110558424966257 1.00000 7 
 fake.rf 1440.00000000 53251.48238626164648579 1.00000 7 
 fake.rf 1440.00000000 53261.43656490863837405 1.00000 7 
 fake.rf 1440.00000000 53271.41223024361618243 1.00000 7 
 fake.rf 1440.00000000 53281.33433519726736449 1.00000 7 
 fake.rf 1440.00000000 53291.30898176965011714 1.00000 7 
 fake.rf 1440.00000000 53301.30554317474247128 1.00000 7 
 fake.rf 1440.00000000 53311.26034451183630480 1.00000 7 
 fake.rf 1440.00000000 53321.23459852459308550 1.00000 7 
 fake.rf 1440.00000000 53331.23413194249984670 1.00000 7 
 fake.rf 1440.00000000 53341.22025284740135120 1.00000 7 
 fake.rf 1440.00000000 53351.18800221053162858 1.00000 7 
 fake.rf 1440.00000000 53361.13865587604352214 1.00000 7 
 fake.rf 1440.00000000 53371.11551389342564633 1.00000 7 
 fake.rf 1440.00000000 53381.11737428957783180 1.00000 7 
 fake.rf 1440.00000000 53391.09904297570751552 1.00000 7 
 fake.rf 1440.00000000 53401.07829573832412251 1.00000 7 
 fake.rf 1440.00000000 53411.04804945510193903 1.00000 7 
 fake.rf 1440.00000000 53420.97579853811493322 1.00000 7 
 fake.rf 1440.00000000 53430.97212829580008986 1.00000 7 
 fake.rf 1440.00000000 53440.95110136792690980 1.00000 7 
 fake.rf 1440.00000000 53450.92020399344126247 1.00000 7 
 fake.rf 1440.00000000 53460.91291944435270622 1.00000 7 
 fake.rf 1440.00000000 53470.85760017839742630 1.00000 7 
 fake.rf 1440.00000000 53480.78803193057966681 1.00000 7 
 fake.rf 1440.00000000 53490.78997127862585259 1.00000 7 
 fake.rf 1440.00000000 53500.78917601594161368 1.00000 7 
 fake.rf 1440.00000000 53510.72909792223601144 1.00000 7 
 fake.rf 1440.00000000 53520.69320765734582324 1.00000 7 
 fake.rf 1440.00000000 53530.68876589548494849 1.00000 7 
 fake.rf 1440.00000000 53540.68897445395566237 1.00000 7 
 fake.rf 1440.00000000 53550.60118975416520826 1.00000 7 
 fake.rf 1440.00000000 53560.59533303983497277 1.00000 7 
 fake.rf 1440.00000000 53570.57702459133798456 1.00000 7 
 fake.rf 1440.00000000 53580.57554286415878408 1.00000 7 
 fake.rf 1440.00000000 53590.51909541359605527 1.00000 7 
 fake.rf 1440.00000000 53600.50273788209606707 1.00000 7 
 fake.rf 1440.00000000 53610.44178857682556227 1.00000 7 
 fake.rf 1440.00000000 53620.45078012188078631 1.00000 7 
 fake.rf 1440.00000000 53630.43598090594432648 1.00000 7 
 fake.rf 1440.00000000 53640.40186934325535972 1.00000 7 
 fake.rf 1440.00000000 53650.34095281215576989 1.00000 7 
 fake.rf 1440.00000000 53660.32120728831599621 1.00000 7 
