FORMAT 1
MODE 1
 fake.rf 1440.00000000 50000.33415497967735419 1.00000 7 
 fake.rf 1440.00000000 50010.34400105466613340 1.00000 7 
 fake.rf 1440.00000000 50020.28430367229605480 1.00000 7 
 fake.rf 1440.00000000 50030.25572094616786600 1.00000 7 
 fake.rf 1440.00000000 50040.21898268407086618 1.00000 7 
 fake.rf 1440.00000000 50050.25118634827259001 1.00000 7 
 fake.rf 1440.00000000 50060.21240939469261022 1.00000 7 
 fake.rf 1440.00000000 50070.14902114677448708 1.00000 7 
 fake.rf 1440.00000000 50080.16258807032230393 1.00000 7 
 fake.rf 1440.00000000 50090.11226745483072165 1.00000 7 
 fake.rf 1440.00000000 50100.09134421297128981 1.00000 7 
 fake.rf 1440.00000000 50110.05141704884769993 1.00000 7 
 fake.rf 1440.00000000 50120.04611991231793766 1.00000 7 
 fake.rf 1440.00000000 50130.00643088079810283 1.00000 7 
 fake.rf 1440.00000000 50139.94255746773367477 1.00000 7 
 fake.rf 1440.00000000 50149.91825604318883691 1.00000 7 
 fake.rf 1440.00000000 50159.91432530777909449 1.00000 7 
 fake.rf 1440.00000000 50169.88022222778318948 1.00000 7 
 fake.rf 1440.00000000 50179.90089240677663085 1.00000 7 
 fake.rf 1440.00000000 50189.83480753916661854 1.00000 7 
 fake.rf 1440.00000000 50199.85672557484675238 1.00000 7 
 fake.rf 1440.00000000 50209.81053906387303698 1.00000 7 
 fake.rf 1440.00000000 50219.79203933317660002 1.00000 7 
 fake.rf 1440.00000000 50229.70915622518369759 1.00000 7 
 fake.rf 1440.00000000 50239.73581001956931757 1.00000 7 
 fake.rf 1440.00000000 50249.68815024900717958 1.00000 7 
 fake.rf 1440.00000000 50259.68344209062409433 1.00000 7 
 fake.rf 1440.00000000 50269.65788621266422709 1.00000 7 
 fake.rf 1440.00000000 50279.55640559227419928 1.00000 7 
 fake.rf 1440.00000000 50289.59415687991466015 1.00000 7 
 fake.rf 1440.00000000 50299.54229625199677045 1.00000 7 
 fake.rf 1440.00000000 50309.48781028565358753 1.00000 7 
 fake.rf 1440.00000000 50319.47937862621408911 1.00000 7 
 fake.rf 1440.00000000 50329.47845833089852974 1.00000 7 
 fake.rf 1440.00000000 50339.42269394879134126 1.00000 7 
 fake.rf 1440.00000000 50349.40482836677876932 1.00000 7 
 fake.rf 1440.00000000 50359.38008270346007933 1.00000 7 
 fake.rf 1440.00000000 50369.31284570508812592 1.00000 7 
 fake.rf 1440.00000000 50379.34222956671636950 1.00000 7 
 fake.rf 1440.00000000 50389.27502180780281904 1.00000 7 
 fake.rf 1440.00000000 50399.26810187857684653 1.00000 7 
 fake.rf 1440.00000000 50409.22053346230944726 1.00000 7 
 fake.rf 1440.00000000 50419.22403624402231515 1.00000 7 
 fake.rf 1440.00000000 50429.15579018035725412 1.00000 7 
 fake.rf 1440.00000000 50439.17917039191021900 1.00000 7 
 fake.rf 1440.00000000 50449.14610409117654299 1.00000 7 
 fake.rf 1440.00000000 50459.08086092692982305 1.00000 7 
 fake.rf 1440.00000000 50469.04428143514989813 1.00000 7 
 fake.rf 1440.00000000 50479.08774967962758495 1.00000 7 
 fake.rf 1440.00000000 50488.98714771175009375 1.00000 7 
 fake.rf 1440.00000000 50498.99512101325284519 1.00000 7 
 fake.rf 1440.00000000 50509.00447831008932909 1.00000 7 
 fake.rf 1440.00000000 50518.96832747751970061 1.00000 7 
 fake.rf 1440.00000000 50528.90177204363157060 1.00000 7 
 fake.rf 1440.00000000 50538.85555059057698912 1.00000 7 
 fake.rf 1440.00000000 50548.87335787918911478 1.00000 7 
 fake.rf 1440.00000000 50558.86978034507008672 1.00000 7 
 fake.rf 1440.00000000 50568.84615505494840448 1.00000 7 
 fake.rf 1440.00000000 50578.78237748167197196 1.00000 7 
 fake.rf 1440.00000000 50588.78795697524586572 1.00000 7 
 fake.rf 1440.00000000 50598.74605397374552140 1.00000 7 
 fake.rf 1440.00000000 50608.65772012690438331 1.00000 7 
 fake.rf 1440.00000000 50618.63611796758279127 1.00000 7 
 fake.rf 1440.00000000 50628.61308763334670857 1.00000 7 
 fake.rf 1440.00000000 50638.63447115895036887 1.00000 7 
 fake.rf 1440.00000000 50648.58440893848622366 1.00000 7 
 fake.rf 1440.00000000 50658.57081739664372222 1.00000 7 
 fake.rf 1440.00000000 50668.51142623110051488 1.00000 7 
 fake.rf 1440.00000000 50678.50476468188131918 1.00000 7 
 fake.rf 1440.00000000 50688.46452797300303317 1.00000 7 
 fake.rf 1440.00000000 50698.44856675902467558 1.00000 7 
 fake.rf 1440.00000000 50708.46228960121376161 1.00000 7 
 fake.rf 1440.00000000 50718.40178883616829353 1.00000 7 
 fake.rf 1440.00000000 50728.33330138845922264 1.00000 7 
 fake.rf 1440.00000000 50738.30608247782439335 1.00000 7 
 fake.rf 1440.00000000 50748.29626627329882638 1.00000 7 
 fake.rf 1440.00000000 50758.30535018039941164 1.00000 7 
 fake.rf 1440.00000000 50768.24019242547903730 1.00000 7 
 fake.rf 1440.00000000 50778.22110106304279142 1.00000 7 
 fake.rf 1440.00000000 50788.21762425478425129 1.00000 7 
 fake.rf 1440.00000000 50798.16250217346861007 1.00000 7 
 fake.rf 1440.00000000 50808.17868843767938003 1.00000 7 
 fake.rf 1440.00000000 50818.12853992057493357 1.00000 7 
 fake.rf 1440.00000000 50828.06457137709675820 1.00000 7 
 fake.rf 1440.00000000 50838.04150653778667390 1.00000 7 
 fake.rf 1440.00000000 50848.05577421432265339 1.00000 7 
 fake.rf 1440.00000000 50858.03691727129292488 1.00000 7 
 fake.rf 1440.00000000 50867.95424593498844246 1.00000 7 
 fake.rf 1440.00000000 50877.97219262043197219 1.00000 7 
 fake.rf 1440.00000000 50887.91686248373748569 1.00000 7 
 fake.rf 1440.00000000 50897.86707494608114288 1.00000 7 
 fake.rf 1440.00000000 50907.87042294838462908 1.00000 7 
 fake.rf 1440.00000000 50917.83739663955043753 1.00000 7 
 fake.rf 1440.00000000 50927.79331126722522782 1.00000 7 
 fake.rf 1440.00000000 50937.80093330315995459 1.00000 7 
 fake.rf 1440.00000000 50947.73326149165071541 1.00000 7 
 fake.rf 1440.00000000 50957.74975156625616179 1.00000 7 
 fake.rf 1440.00000000 50967.68775305578232704 1.00000 7 
 fake.rf 1440.00000000 50977.67132776437329156 1.00000 7 
 fake.rf 1440.00000000 50987.62512731108098407 1.00000 7 
 fake.rf 1440.00000000 50997.63352973504063570 1.00000 7 
 fake.rf 1440.00000000 51007.62844754425401561 1.00000 7 
 fake.rf 1440.00000000 51017.53994093949116007 1.00000 7 
 fake.rf 1440.00000000 51027.51514693266210898 1.00000 7 
 fake.rf 1440.00000000 51037.55221495946465282 1.00000 7 
 fake.rf 1440.00000000 51047.46379379860303160 1.00000 7 
 fake.rf 1440.00000000 51057.45648790884602874 1.00000 7 
 fake.rf 1440.00000000 51067.44661085841242354 1.00000 7 
 fake.rf 1440.00000000 51077.40366958093669680 1.00000 7 
 fake.rf 1440.00000000 51087.40457668829866833 1.00000 7 
 fake.rf 1440.00000000 51097.33519378654479937 1.00000 7 
 fake.rf 1440.00000000 51107.34776814395707589 1.00000 7 
 fake.rf 1440.00000000 51117.30883249086633313 1.00000 7 
 fake.rf 1440.00000000 51127.29993875646910695 1.00000 7 
 fake.rf 1440.00000000 51137.27584886555072075 1.00000 7 
 fake.rf 1440.00000000 51147.24115275189422292 1.00000 7 
 fake.rf 1440.00000000 51157.19049764825865623 1.00000 7 
 fake.rf 1440.00000000 51167.17485520114405517 1.00000 7 
 fake.rf 1440.00000000 51177.16812538512877495 1.00000 7 
 fake.rf 1440.00000000 51187.07938797308757728 1.00000 7 
 fake.rf 1440.00000000 51197.11905304471744316 1.00000 7 
 fake.rf 1440.00000000 51207.08984003942582319 1.00000 7 
 fake.rf 1440.00000000 51217.03175496602314354 1.00000 7 
 fake.rf 1440.00000000 51226.98236471417525806 1.00000 7 
 fake.rf 1440.00000000 51236.93637067325417078 1.00000 7 
 fake.rf 1440.00000000 51246.91321197007889410 1.00000 7 
 fake.rf 1440.00000000 51256.90678755605869554 1.00000 7 
 fake.rf 1440.00000000 51266.90458794170190515 1.00000 7 
 fake.rf 1440.00000000 51276.84673506879112637 1.00000 7 
 fake.rf 1440.00000000 51286.85118968360660219 1.00000 7 
 fake.rf 1440.00000000 51296.83009393939195419 1.00000 7 
 fake.rf 1440.00000000 51306.80794783403452897 1.00000 7 
 fake.rf 1440.00000000 51316.75129126257002454 1.00000 7 
 fake.rf 1440.00000000 51326.75232656372533668 1.00000 7 
 fake.rf 1440.00000000 51336.73269083120831979 1.00000 7 
 fake.rf 1440.00000000 51346.65707327704232199 1.00000 7 
 fake.rf 1440.00000000 51356.68032504983181497 1.00000 7 
 fake.rf 1440.00000000 51366.59735444255397852 1.00000 7 
 fake.rf 1440.00000000 51376.62249748854315357 1.00000 7 
 fake.rf 1440.00000000 51386.54677902579606652 1.00000 7 
 fake.rf 1440.00000000 51396.57535314711800822 1.00000 7 
 fake.rf 1440.00000000 51406.47508431035136311 1.00000 7 
 fake.rf 1440.00000000 51416.52257785510001042 1.00000 7 
 fake.rf 1440.00000000 51426.45618735955273593 1.00000 7 
 fake.rf 1440.00000000 51436.45766243141080309 1.00000 7 
 fake.rf 1440.00000000 51446.42503711580446435 1.00000 7 
 fake.rf 1440.00000000 51456.35125479863099685 1.00000 7 
 fake.rf 1440.00000000 51466.32937911487719518 1.00000 7 
 fake.rf 1440.00000000 51476.30841568270358977 1.00000 7 
 fake.rf 1440.00000000 51486.25520788148359586 1.00000 7 
 fake.rf 1440.00000000 51496.25523244042616255 1.00000 7 
 fake.rf 1440.00000000 51506.21790506808239485 1.00000 7 
 fake.rf 1440.00000000 51516.24612192219078111 1.00000 7 
 fake.rf 1440.00000000 51526.21536577263718826 1.00000 7 
 fake.rf 1440.00000000 51536.15595248056440170 1.00000 7 
 fake.rf 1440.00000000 51546.16547961673007450 1.00000 7 
 fake.rf 1440.00000000 51556.13886909264841663 1.00000 7 
 fake.rf 1440.00000000 51566.10033572884004016 1.00000 7 
 fake.rf 1440.00000000 51576.05163426277399807 1.00000 7 
 fake.rf 1440.00000000 51585.99447521036722719 1.00000 7 
 fake.rf 1440.00000000 51595.98770075345509056 1.00000 7 
 fake.rf 1440.00000000 51605.94520791705041418 1.00000 7 
 fake.rf 1440.00000000 51615.97654041172118511 1.00000 7 
 fake.rf 1440.00000000 51625.94041371939031038 1.00000 7 
 fake.rf 1440.00000000 51635.84292717808421003 1.00000 7 
 fake.rf 1440.00000000 51645.88192826653217793 1.00000 7 
 fake.rf 1440.00000000 51655.79748834101633292 1.00000 7 
 fake.rf 1440.00000000 51665.83389125640306361 1.00000 7 
 fake.rf 1440.00000000 51675.73389272322366850 1.00000 7 
 fake.rf 1440.00000000 51685.78523349689377753 1.00000 7 
 fake.rf 1440.00000000 51695.68988897131523785 1.00000 7 
 fake.rf 1440.00000000 51705.72910223193915158 1.00000 7 
 fake.rf 1440.00000000 51715.70747849515089101 1.00000 7 
 fake.rf 1440.00000000 51725.60359856391677980 1.00000 7 
 fake.rf 1440.00000000 51735.60372562549027720 1.00000 7 
 fake.rf 1440.00000000 51745.61088129412975078 1.00000 7 
 fake.rf 1440.00000000 51755.58501368031698675 1.00000 7 
 fake.rf 1440.00000000 51765.53866277622513437 1.00000 7 
 fake.rf 1440.00000000 51775.46791374863908786 1.00000 7 
 fake.rf 1440.00000000 51785.44838703594176721 1.00000 7 
 fake.rf 1440.00000000 51795.45946602107297352 1.00000 7 
 fake.rf 1440.00000000 51805.41604589354624366 1.00000 7 
 fake.rf 1440.00000000 51815.38649615282450256 1.00000 7 
 fake.rf 1440.00000000 51825.36976298079144598 1.00000 7 
 fake.rf 1440.00000000 51835.32289103279435594 1.00000 7 
 fake.rf 1440.00000000 51845.34456562368688992 1.00000 7 
 fake.rf 1440.00000000 51855.28133064074904368 1.00000 7 
 fake.rf 1440.00000000 51865.23515248328338600 1.00000 7 
 fake.rf 1440.00000000 51875.24559803643284894 1.00000 7 
 fake.rf 1440.00000000 51885.16096592889335426 1.00000 7 
 fake.rf 1440.00000000 51895.16826638922810133 1.00000 7 
 fake.rf 1440.00000000 51905.11590850768718752 1.00000 7 
 fake.rf 1440.00000000 51915.09942118891987306 1.00000 7 
 fake.rf 1440.00000000 51925.08202513816967638 1.00000 7 
 fake.rf 1440.00000000 51935.10417823497669332 1.00000 7 
 fake.rf 1440.00000000 51945.01750875160410814 1.00000 7 
 fake.rf 1440.00000000 51954.98308475825412955 1.00000 7 
 fake.rf 1440.00000000 51964.94810226331382097 1.00000 7 
 fake.rf 1440.00000000 51974.92514002167204268 1.00000 7 
 fake.rf 1440.00000000 51984.90135518138873039 1.00000 7 
 fake.rf 1440.00000000 51994.86168446169854107 1.00000 7 
 fake.rf 1440.00000000 52004.85401536763348318 1.00000 7 
 fake.rf 1440.00000000 52014.81341479022095342 1.00000 7 
 fake.rf 1440.00000000 52024.77942466580479675 1.00000 7 
 fake.rf 1440.00000000 52034.77851328377472129 1.00000 7 
 fake.rf 1440.00000000 52044.76534409937277559 1.00000 7 
 fake.rf 1440.00000000 52054.76581396465331153 1.00000 7 
 fake.rf 1440.00000000 52064.68300599322399691 1.00000 7 
 fake.rf 1440.00000000 52074.65079024813687525 1.00000 7 
 fake.rf 1440.00000000 52084.69114876773874201 1.00000 7 
 fake.rf 1440.00000000 52094.61611841203774986 1.00000 7 
 fake.rf 1440.00000000 52104.62228595674729448 1.00000 7 
 fake.rf 1440.00000000 52114.56319532258157778 1.00000 7 
 fake.rf 1440.00000000 52124.56925288683246578 1.00000 7 
 fake.rf 1440.00000000 52134.50265832039645630 1.00000 7 
 fake.rf 1440.00000000 52144.50733337061986461 1.00000 7 
 fake.rf 1440.00000000 52154.47903656259943261 1.00000 7 
 fake.rf 1440.00000000 52164.45984464708902095 1.00000 7 
 fake.rf 1440.00000000 52174.44564591149203636 1.00000 7 
 fake.rf 1440.00000000 52184.37176564196612460 1.00000 7 
 fake.rf 1440.00000000 52194.37857928389349027 1.00000 7 
 fake.rf 1440.00000000 52204.31565196144191177 1.00000 7 
 fake.rf 1440.00000000 52214.30005149377911877 1.00000 7 
 fake.rf 1440.00000000 52224.23434883633182579 1.00000 7 
 fake.rf 1440.00000000 52234.26466315040591581 1.00000 7 
 fake.rf 1440.00000000 52244.21518673692684231 1.00000 7 
 fake.rf 1440.00000000 52254.17345227220195270 1.00000 7 
 fake.rf 1440.00000000 52264.19664692926777505 1.00000 7 
 fake.rf 1440.00000000 52274.13949235547873684 1.00000 7 
 fake.rf 1440.00000000 52284.10209999122977109 1.00000 7 
 fake.rf 1440.00000000 52294.04548081076726262 1.00000 7 
 fake.rf 1440.00000000 52304.05929319980462111 1.00000 7 
 fake.rf 1440.00000000 52314.04153607075094357 1.00000 7 
 fake.rf 1440.00000000 52323.97162061423007273 1.00000 7 
 fake.rf 1440.00000000 52333.97874721597243663 1.00000 7 
 fake.rf 1440.00000000 52343.98738304041165037 1.00000 7 
 fake.rf 1440.00000000 52353.93160274162541512 1.00000 7 
 fake.rf 1440.00000000 52363.88317021574980359 1.00000 7 
 fake.rf 1440.00000000 52373.83630238007453883 1.00000 7 
 fake.rf 1440.00000000 52383.85894402120368341 1.00000 7 
 fake.rf 1440.00000000 52393.79484099465145874 1.00000 7 
 fake.rf 1440.00000000 52403.78358047525355801 1.00000 7 
 fake.rf 1440.00000000 52413.75636067059900469 1.00000 7 
 fake.rf 1440.00000000 52423.74380468051814930 1.00000 7 
 fake.rf 1440.00000000 52433.68257271784564111 1.00000 7 
 fake.rf 1440.00000000 52443.69939598954893256 1.00000 7 
 fake.rf 1440.00000000 52453.63548609353331642 1.00000 7 
 fake.rf 1440.00000000 52463.65659496146845342 1.00000 7 
 fake.rf 1440.00000000 52473.59819732801710757 1.00000 7 
 fake.rf 1440.00000000 52483.54739301189689726 1.00000 7 
 fake.rf 1440.00000000 52493.52192595613963988 1.00000 7 
 fake.rf 1440.00000000 52503.49764631153143313 1.00000 7 
 fake.rf 1440.00000000 52513.49455233802007470 1.00000 7 
 fake.rf 1440.00000000 52523.48078909813209592 1.00000 7 
 fake.rf 1440.00000000 52533.41811117120423447 1.00000 7 
 fake.rf 1440.00000000 52543.38930250815552370 1.00000 7 
 fake.rf 1440.00000000 52553.35336720136501398 1.00000 7 
 fake.rf 1440.00000000 52563.35959244987194694 1.00000 7 
 fake.rf 1440.00000000 52573.29794946310475723 1.00000 7 
 fake.rf 1440.00000000 52583.31549724756009923 1.00000 7 
 fake.rf 1440.00000000 52593.22830112958019200 1.00000 7 
 fake.rf 1440.00000000 52603.22067661927595594 1.00000 7 
 fake.rf 1440.00000000 52613.19600780514777227 1.00000 7 
 fake.rf 1440.00000000 52623.20169218953136081 1.00000 7 
 fake.rf 1440.00000000 52633.15145657464654505 1.00000 7 
 fake.rf 1440.00000000 52643.16121869605530037 1.00000 7 
 fake.rf 1440.00000000 52653.11950990204504564 1.00000 7 
 fake.rf 1440.00000000 52663.04079831844401127 1.00000 7 
 fake.rf 1440.00000000 52673.02943223445763721 1.00000 7 
 fake.rf 1440.00000000 52683.05149328868571246 1.00000 7 
 fake.rf 1440.00000000 52693.02272769848455880 1.00000 7 
 fake.rf 1440.00000000 52702.97456290036897286 1.00000 7 
 fake.rf 1440.00000000 52712.92933443558020912 1.00000 7 
 fake.rf 1440.00000000 52722.90065336746269864 1.00000 7 
 fake.rf 1440.00000000 52732.86723693681698677 1.00000 7 
 fake.rf 1440.00000000 52742.87141417293700130 1.00000 7 
 fake.rf 1440.00000000 52752.80352737015640940 1.00000 7 
 fake.rf 1440.00000000 52762.81683869154375444 1.00000 7 
 fake.rf 1440.00000000 52772.78609582896414665 1.00000 7 
 fake.rf 1440.00000000 52782.77044907532846807 1.00000 7 
 fake.rf 1440.00000000 52792.67692706812010783 1.00000 7 
 fake.rf 1440.00000000 52802.73135476841160596 1.00000 7 
 fake.rf 1440.00000000 52812.63539940089218305 1.00000 7 
 fake.rf 1440.00000000 52822.64942107609696720 1.00000 7 
 fake.rf 1440.00000000 52832.63405656776753005 1.00000 7 
 fake.rf 1440.00000000 52842.58606089953519103 1.00000 7 
 fake.rf 1440.00000000 52852.51524489332777179 1.00000 7 
 fake.rf 1440.00000000 52862.49124946672874259 1.00000 7 
 fake.rf 1440.00000000 52872.47678335450711273 1.00000 7 
 fake.rf 1440.00000000 52882.45496205214602981 1.00000 7 
 fake.rf 1440.00000000 52892.47581872492663635 1.00000 7 
 fake.rf 1440.00000000 52902.40146084036530283 1.00000 7 
 fake.rf 1440.00000000 52912.39931933559011767 1.00000 7 
 fake.rf 1440.00000000 52922.33947819755012532 1.00000 7 
 fake.rf 1440.00000000 52932.29810904997283671 1.00000 7 
 fake.rf 1440.00000000 52942.27303626202886022 1.00000 7 
 fake.rf 1440.00000000 52952.25026157379618041 1.00000 7 
 fake.rf 1440.00000000 52962.27782130381590164 1.00000 7 
 fake.rf 1440.00000000 52972.20134125913791578 1.00000 7 
 fake.rf 1440.00000000 52982.19450482738463037 1.00000 7 
 fake.rf 1440.00000000 52992.18809661209165540 1.00000 7 
 fake.rf 1440.00000000 53002.11015527309323403 1.00000 7 
 fake.rf 1440.00000000 53012.08245841832934175 1.00000 7 
 fake.rf 1440.00000000 53022.05812607645654921 1.00000 7 
 fake.rf 1440.00000000 53032.06214133669824307 1.00000 7 
 fake.rf 1440.00000000 53042.02833235466321682 1.00000 7 
 fake.rf 1440.00000000 53052.03548159374664905 1.00000 7 
 fake.rf 1440.00000000 53061.99891438676818822 1.00000 7 
 fake.rf 1440.00000000 53071.92238775210546819 1.00000 7 
 fake.rf 1440.00000000 53081.92609841598492793 1.00000 7 
 fake.rf 1440.00000000 53091.90118879899780424 1.00000 7 
 fake.rf 1440.00000000 53101.84177780453914508 1.00000 7 
 fake.rf 1440.00000000 53111.84388719799903811 1.00000 7 
 fake.rf 1440.00000000 53121.83365988634014698 1.00000 7 
 fake.rf 1440.00000000 53131.81557488301369574 1.00000 7 
 fake.rf 1440.00000000 53141.74629078813696026 1.00000 7 
 fake.rf 1440.00000000 53151.71537215026807033 1.00000 7 
 fake.rf 1440.00000000 53161.73710880485378638 1.00000 7 
 fake.rf 1440.00000000 53171.67113360309179981 1.00000 7 
 fake.rf 1440.00000000 53181.65305317639819194 1.00000 7 
 fake.rf 1440.00000000 53191.59693952953765361 1.00000 7 
 fake.rf 1440.00000000 53201.57912533459862914 1.00000 7 
 fake.rf 1440.00000000 53211.59732469899001472 1.00000 7 
 fake.rf 1440.00000000 53221.56637385670454421 1.00000 7 
 fake.rf 1440.00000000 53231.51602287864503538 1.00000 7 
 fake.rf 1440.00000000 53241.52015741974966545 1.00000 7 
 fake.rf 1440.00000000 53251.49143811086553058 1.00000 7 
 fake.rf 1440.00000000 53261.44561677549976864 1.00000 7 
 fake.rf 1440.00000000 53271.42128206943682756 1.00000 7 
 fake.rf 1440.00000000 53281.34338706773502992 1.00000 7 
 fake.rf 1440.00000000 53291.31803360534794223 1.00000 7 
 fake.rf 1440.00000000 53301.31459502637328995 1.00000 7 
 fake.rf 1440.00000000 53311.26939634820415037 1.00000 7 
 fake.rf 1440.00000000 53321.24365036535286322 1.00000 7 
 fake.rf 1440.00000000 53331.24318378410263719 1.00000 7 
 fake.rf 1440.00000000 53341.22930467782441610 1.00000 7 
 fake.rf 1440.00000000 53351.19705404959173123 1.00000 7 
 fake.rf 1440.00000000 53361.14770773151519734 1.00000 7 
 fake.rf 1440.00000000 53371.12456574125345199 1.00000 7 
 fake.rf 1440.00000000 53381.12642616534878215 1.00000 7 
 fake.rf 1440.00000000 53391.10809481473108562 1.00000 7 
 fake.rf 1440.00000000 53401.08734757005305127 1.00000 7 
 fake.rf 1440.00000000 53411.05710130115012646 1.00000 7 
 fake.rf 1440.00000000 53420.98485036979646523 1.00000 7 
 fake.rf 1440.00000000 53430.98118013873315491 1.00000 7 
 fake.rf 1440.00000000 53440.96015318807349459 1.00000 7 
 fake.rf 1440.00000000 53450.92925583163244951 1.00000 7 
 fake.rf 1440.00000000 53460.92197127725549777 1.00000 7 
 fake.rf 1440.00000000 53470.86665200972712242 1.00000 7 
 fake.rf 1440.00000000 53480.79708376764070366 1.00000 7 
 fake.rf 1440.00000000 53490.79902312843134382 1.00000 7 
 fake.rf 1440.00000000 53500.79822786989368311 1.00000 7 
 fake.rf 1440.00000000 53510.73814977494516043 1.00000 7 
 fake.rf 1440.00000000 53520.70225952653103363 1.00000 7 
 fake.rf 1440.00000000 53530.69781774807292152 1.00000 7 
 fake.rf 1440.00000000 53540.69802631016731453 1.00000 7 
 fake.rf 1440.00000000 53550.61024161380437292 1.00000 7 
 fake.rf 1440.00000000 53560.60438489834241338 1.00000 7 
 fake.rf 1440.00000000 53570.58607642161709705 1.00000 7 
 fake.rf 1440.00000000 53580.58459470679348158 1.00000 7 
 fake.rf 1440.00000000 53590.52814727880923940 1.00000 7 
 fake.rf 1440.00000000 53600.51178970739917418 1.00000 7 
 fake.rf 1440.00000000 53610.45084042431379956 1.00000 7 
 fake.rf 1440.00000000 53620.45983198113555446 1.00000 7 
 fake.rf 1440.00000000 53630.44503275197277503 1.00000 7 
 fake.rf 1440.00000000 53640.41092121468629728 1.00000 7 
 fake.rf 1440.00000000 53650.35000466119538842 1.00000 7 
 fake.rf 1440.00000000 53660.33025914485456909 1.00000 7 
