FORMAT 1
MODE 1
 fake.rf 1440.00000000 50000.40231865841230885 1.00000 7 
 fake.rf 1440.00000000 50010.41216472845803764 1.00000 7 
 fake.rf 1440.00000000 50020.35246735357614156 1.00000 7 
 fake.rf 1440.00000000 50030.32388464325601163 1.00000 7 
 fake.rf 1440.00000000 50040.28714638163812367 1.00000 7 
 fake.rf 1440.00000000 50050.31934999403279818 1.00000 7 
 fake.rf 1440.00000000 50060.28057306209127120 1.00000 7 
 fake.rf 1440.00000000 50070.21718481567987524 1.00000 7 
 fake.rf 1440.00000000 50080.23075172072531558 1.00000 7 
 fake.rf 1440.00000000 50090.18043114475253219 1.00000 7 
 fake.rf 1440.00000000 50100.15950786269080552 1.00000 7 
 fake.rf 1440.00000000 50110.11958073378387368 1.00000 7 
 fake.rf 1440.00000000 50120.11428357240025377 1.00000 7 
 fake.rf 1440.00000000 50130.07459457460738150 1.00000 7 
 fake.rf 1440.00000000 50140.01072116966283687 1.00000 7 
 fake.rf 1440.00000000 50149.98641969935562557 1.00000 7 
 fake.rf 1440.00000000 50159.98248899337374240 1.00000 7 
 fake.rf 1440.00000000 50169.94838586864539920 1.00000 7 
 fake.rf 1440.00000000 50179.96905608481743855 1.00000 7 
 fake.rf 1440.00000000 50189.90297123408858937 1.00000 7 
 fake.rf 1440.00000000 50199.92488923008373902 1.00000 7 
 fake.rf 1440.00000000 50209.87870273277183486 1.00000 7 
 fake.rf 1440.00000000 50219.86020300808763395 1.00000 7 
 fake.rf 1440.00000000 50229.77731988473037106 1.00000 7 
 fake.rf 1440.00000000 50239.80397373483090107 1.00000 7 
 fake.rf 1440.00000000 50249.75631391569265816 1.00000 7 
 fake.rf 1440.00000000 50259.75160576793015466 1.00000 7 
 fake.rf 1440.00000000 50269.72604992483384478 1.00000 7 
 fake.rf 1440.00000000 50279.62456924633099931 1.00000 7 
 fake.rf 1440.00000000 50289.66232056166730402 1.00000 7 
 fake.rf 1440.00000000 50299.61045994743363252 1.00000 7 
 fake.rf 1440.00000000 50309.55597397540759630 1.00000 7 
 fake.rf 1440.00000000 50319.54754230941060200 1.00000 7 
 fake.rf 1440.00000000 50329.54662198303384812 1.00000 7 
 fake.rf 1440.00000000 50339.49085761180099041 1.00000 7 
 fake.rf 1440.00000000 50349.47299205943150113 1.00000 7 
 fake.rf 1440.00000000 50359.44824640528014115 1.00000 7 
 fake.rf 1440.00000000 50369.38100939207656026 1.00000 7 
 fake.rf 1440.00000000 50379.41039323202126710 1.00000 7 
 fake.rf 1440.00000000 50389.34318551181804224 1.00000 7 
 fake.rf 1440.00000000 50399.33626556636157900 1.00000 7 
 fake.rf 1440.00000000 50409.28869717077771995 1.00000 7 
 fake.rf 1440.00000000 50419.29219992791333382 1.00000 7 
 fake.rf 1440.00000000 50429.22395383676432346 1.00000 7 
 fake.rf 1440.00000000 50439.24733410610064865 1.00000 7 
 fake.rf 1440.00000000 50449.21426780165882775 1.00000 7 
 fake.rf 1440.00000000 50459.14902458762568216 1.00000 7 
 fake.rf 1440.00000000 50469.11244512231164805 1.00000 7 
 fake.rf 1440.00000000 50479.15591335513015636 1.00000 7 
 fake.rf 1440.00000000 50489.05531137821508025 1.00000 7 
 fake.rf 1440.00000000 50499.06328466672185940 1.00000 7 
 fake.rf 1440.00000000 50509.07264198327019145 1.00000 7 
 fake.rf 1440.00000000 50519.03649113461791842 1.00000 7 
 fake.rf 1440.00000000 50528.96993572931298289 1.00000 7 
 fake.rf 1440.00000000 50538.92371425728218171 1.00000 7 
 fake.rf 1440.00000000 50548.94152158485861648 1.00000 7 
 fake.rf 1440.00000000 50558.93794404607600157 1.00000 7 
 fake.rf 1440.00000000 50568.91431871331527859 1.00000 7 
 fake.rf 1440.00000000 50578.85054114616917786 1.00000 7 
 fake.rf 1440.00000000 50588.85612067905047340 1.00000 7 
 fake.rf 1440.00000000 50598.81421766104261906 1.00000 7 
 fake.rf 1440.00000000 50608.72588377244074209 1.00000 7 
 fake.rf 1440.00000000 50618.70428163944773914 1.00000 7 
 fake.rf 1440.00000000 50628.68125134696154177 1.00000 7 
 fake.rf 1440.00000000 50638.70263481884520829 1.00000 7 
 fake.rf 1440.00000000 50648.65257259832867121 1.00000 7 
 fake.rf 1440.00000000 50658.63898104774897391 1.00000 7 
 fake.rf 1440.00000000 50668.57958992496010353 1.00000 7 
 fake.rf 1440.00000000 50678.57292834748396260 1.00000 7 
 fake.rf 1440.00000000 50688.53269168056221616 1.00000 7 
 fake.rf 1440.00000000 50698.51673041437335598 1.00000 7 
 fake.rf 1440.00000000 50708.53045328271851844 1.00000 7 
 fake.rf 1440.00000000 50718.46995253723474661 1.00000 7 
 fake.rf 1440.00000000 50728.40146508062573005 1.00000 7 
 fake.rf 1440.00000000 50738.37424616485037276 1.00000 7 
 fake.rf 1440.00000000 50748.36442995705829162 1.00000 7 
 fake.rf 1440.00000000 50758.37351385215681887 1.00000 7 
 fake.rf 1440.00000000 50768.30835611016816955 1.00000 7 
 fake.rf 1440.00000000 50778.28926472496518230 1.00000 7 
 fake.rf 1440.00000000 50788.28578794255078321 1.00000 7 
 fake.rf 1440.00000000 50798.23066583598201973 1.00000 7 
 fake.rf 1440.00000000 50808.24685211658833950 1.00000 7 
 fake.rf 1440.00000000 50818.19670360093705597 1.00000 7 
 fake.rf 1440.00000000 50828.13273501562426304 1.00000 7 
 fake.rf 1440.00000000 50838.10967020869630062 1.00000 7 
 fake.rf 1440.00000000 50848.12393786021699427 1.00000 7 
 fake.rf 1440.00000000 50858.10508094457957284 1.00000 7 
 fake.rf 1440.00000000 50868.02240961905420491 1.00000 7 
 fake.rf 1440.00000000 50878.04035631462637213 1.00000 7 
 fake.rf 1440.00000000 50887.98502616444826785 1.00000 7 
 fake.rf 1440.00000000 50897.93523863373033223 1.00000 7 
 fake.rf 1440.00000000 50907.93858663387931784 1.00000 7 
 fake.rf 1440.00000000 50917.90556028434193792 1.00000 7 
 fake.rf 1440.00000000 50927.86147495587518108 1.00000 7 
 fake.rf 1440.00000000 50937.86909700716100247 1.00000 7 
 fake.rf 1440.00000000 50947.80142513777612479 1.00000 7 
 fake.rf 1440.00000000 50957.81791524529219828 1.00000 7 
 fake.rf 1440.00000000 50967.75591671938166982 1.00000 7 
 fake.rf 1440.00000000 50977.73949142549186675 1.00000 7 
 fake.rf 1440.00000000 50987.69329099588310328 1.00000 7 
 fake.rf 1440.00000000 50997.70169341946471064 1.00000 7 
 fake.rf 1440.00000000 51007.69661123186874008 1.00000 7 
 fake.rf 1440.00000000 51017.60810460404741562 1.00000 7 
 fake.rf 1440.00000000 51027.58331060281885172 1.00000 7 
 fake.rf 1440.00000000 51037.62037862724080028 1.00000 7 
 fake.rf 1440.00000000 51047.53195746579087100 1.00000 7 
 fake.rf 1440.00000000 51057.52465161364365542 1.00000 7 
 fake.rf 1440.00000000 51067.51477455311809450 1.00000 7 
 fake.rf 1440.00000000 51077.47183328091944432 1.00000 7 
 fake.rf 1440.00000000 51087.47274037084282483 1.00000 7 
 fake.rf 1440.00000000 51097.40335746607163614 1.00000 7 
 fake.rf 1440.00000000 51107.41593184715330622 1.00000 7 
 fake.rf 1440.00000000 51117.37699620233135178 1.00000 7 
 fake.rf 1440.00000000 51127.36810243034998180 1.00000 7 
 fake.rf 1440.00000000 51137.34401257780754690 1.00000 7 
 fake.rf 1440.00000000 51147.30931640435438013 1.00000 7 
 fake.rf 1440.00000000 51157.25866133911719302 1.00000 7 
 fake.rf 1440.00000000 51167.24301889974704949 1.00000 7 
 fake.rf 1440.00000000 51177.23628907150127176 1.00000 7 
 fake.rf 1440.00000000 51187.14755167333676411 1.00000 7 
 fake.rf 1440.00000000 51197.18721672354076802 1.00000 7 
 fake.rf 1440.00000000 51207.15800369910195400 1.00000 7 
 fake.rf 1440.00000000 51217.09991866515906977 1.00000 7 
 fake.rf 1440.00000000 51227.05052837790841735 1.00000 7 
 fake.rf 1440.00000000 51237.00453437099994503 1.00000 7 
 fake.rf 1440.00000000 51246.98137565262036830 1.00000 7 
 fake.rf 1440.00000000 51256.97495125019719708 1.00000 7 
 fake.rf 1440.00000000 51266.97275162113334446 1.00000 7 
 fake.rf 1440.00000000 51276.91489872900064384 1.00000 7 
 fake.rf 1440.00000000 51286.91935332839602779 1.00000 7 
 fake.rf 1440.00000000 51296.89825760116561781 1.00000 7 
 fake.rf 1440.00000000 51306.87611150448190500 1.00000 7 
 fake.rf 1440.00000000 51316.81945495247369138 1.00000 7 
 fake.rf 1440.00000000 51326.82049027750646175 1.00000 7 
 fake.rf 1440.00000000 51336.80085449874938419 1.00000 7 
 fake.rf 1440.00000000 51346.72523696035313634 1.00000 7 
 fake.rf 1440.00000000 51356.74848873616421230 1.00000 7 
 fake.rf 1440.00000000 51366.66551813974375662 1.00000 7 
 fake.rf 1440.00000000 51376.69066114996091343 1.00000 7 
 fake.rf 1440.00000000 51386.61494270931886064 1.00000 7 
 fake.rf 1440.00000000 51396.64351683445485364 1.00000 7 
 fake.rf 1440.00000000 51406.54324797852490292 1.00000 7 
 fake.rf 1440.00000000 51416.59074156634536479 1.00000 7 
 fake.rf 1440.00000000 51426.52435103720587861 1.00000 7 
 fake.rf 1440.00000000 51436.52582612076679425 1.00000 7 
 fake.rf 1440.00000000 51446.49320080747955686 1.00000 7 
 fake.rf 1440.00000000 51456.41941850217316556 1.00000 7 
 fake.rf 1440.00000000 51466.39754276512070774 1.00000 7 
 fake.rf 1440.00000000 51476.37657932927256610 1.00000 7 
 fake.rf 1440.00000000 51486.32337155818682817 1.00000 7 
 fake.rf 1440.00000000 51496.32339614611733225 1.00000 7 
 fake.rf 1440.00000000 51506.28606876456825603 1.00000 7 
 fake.rf 1440.00000000 51516.31428562654274828 1.00000 7 
 fake.rf 1440.00000000 51526.28352946956263381 1.00000 7 
 fake.rf 1440.00000000 51536.22411613582522705 1.00000 7 
 fake.rf 1440.00000000 51546.23364331432927443 1.00000 7 
 fake.rf 1440.00000000 51556.20703276044677210 1.00000 7 
 fake.rf 1440.00000000 51566.16849940905824212 1.00000 7 
 fake.rf 1440.00000000 51576.11979792107899101 1.00000 7 
 fake.rf 1440.00000000 51586.06263889920949239 1.00000 7 
 fake.rf 1440.00000000 51596.05586444543966351 1.00000 7 
 fake.rf 1440.00000000 51606.01337156078191271 1.00000 7 
 fake.rf 1440.00000000 51616.04470407709844082 1.00000 7 
 fake.rf 1440.00000000 51626.00857738394185148 1.00000 7 
 fake.rf 1440.00000000 51635.91109088268028060 1.00000 7 
 fake.rf 1440.00000000 51645.95009190922476705 1.00000 7 
 fake.rf 1440.00000000 51655.86565199658805270 1.00000 7 
 fake.rf 1440.00000000 51665.90205495295049332 1.00000 7 
 fake.rf 1440.00000000 51675.80205639711046928 1.00000 7 
 fake.rf 1440.00000000 51685.85339717511180524 1.00000 7 
 fake.rf 1440.00000000 51695.75805266155474627 1.00000 7 
 fake.rf 1440.00000000 51705.79726594298859155 1.00000 7 
 fake.rf 1440.00000000 51715.77564217344532693 1.00000 7 
 fake.rf 1440.00000000 51725.67176222908941696 1.00000 7 
 fake.rf 1440.00000000 51735.67188931278022324 1.00000 7 
 fake.rf 1440.00000000 51745.67904498998484186 1.00000 7 
 fake.rf 1440.00000000 51755.65317738423703631 1.00000 7 
 fake.rf 1440.00000000 51765.60682645714834038 1.00000 7 
 fake.rf 1440.00000000 51775.53607741000677578 1.00000 7 
 fake.rf 1440.00000000 51785.51655071662585428 1.00000 7 
 fake.rf 1440.00000000 51795.52762972834320010 1.00000 7 
 fake.rf 1440.00000000 51805.48420954360320323 1.00000 7 
 fake.rf 1440.00000000 51815.45465980011027440 1.00000 7 
 fake.rf 1440.00000000 51825.43792668933778955 1.00000 7 
 fake.rf 1440.00000000 51835.39105469347202515 1.00000 7 
 fake.rf 1440.00000000 51845.41272932009717422 1.00000 7 
 fake.rf 1440.00000000 51855.34949432278419224 1.00000 7 
 fake.rf 1440.00000000 51865.30331614656393313 1.00000 7 
 fake.rf 1440.00000000 51875.31376171702248001 1.00000 7 
 fake.rf 1440.00000000 51885.22912960917805947 1.00000 7 
 fake.rf 1440.00000000 51895.23643006023095836 1.00000 7 
 fake.rf 1440.00000000 51905.18407219403570707 1.00000 7 
 fake.rf 1440.00000000 51915.16758490233431544 1.00000 7 
 fake.rf 1440.00000000 51925.15018881696548192 1.00000 7 
 fake.rf 1440.00000000 51935.17234189043611892 1.00000 7 
 fake.rf 1440.00000000 51945.08567242253340623 1.00000 7 
 fake.rf 1440.00000000 51955.05124844155991681 1.00000 7 
 fake.rf 1440.00000000 51965.01626595448620094 1.00000 7 
 fake.rf 1440.00000000 51974.99330372747869333 1.00000 7 
 fake.rf 1440.00000000 51984.96951886745010185 1.00000 7 
 fake.rf 1440.00000000 51994.92984816933092063 1.00000 7 
 fake.rf 1440.00000000 52004.92217906946054029 1.00000 7 
 fake.rf 1440.00000000 52014.88157844597206747 1.00000 7 
 fake.rf 1440.00000000 52024.84758834299160668 1.00000 7 
 fake.rf 1440.00000000 52034.84667697910350626 1.00000 7 
 fake.rf 1440.00000000 52044.83350780549903547 1.00000 7 
 fake.rf 1440.00000000 52054.83397766123786354 1.00000 7 
 fake.rf 1440.00000000 52064.75116968656035255 1.00000 7 
 fake.rf 1440.00000000 52074.71895393462461854 1.00000 7 
 fake.rf 1440.00000000 52084.75931245102293587 1.00000 7 
 fake.rf 1440.00000000 52094.68428207267694319 1.00000 7 
 fake.rf 1440.00000000 52104.69044962152483080 1.00000 7 
 fake.rf 1440.00000000 52114.63135902139851297 1.00000 7 
 fake.rf 1440.00000000 52124.63741656068476971 1.00000 7 
 fake.rf 1440.00000000 52134.57082199493714825 1.00000 7 
 fake.rf 1440.00000000 52144.57549705748661140 1.00000 7 
 fake.rf 1440.00000000 52154.54720023509638693 1.00000 7 
 fake.rf 1440.00000000 52164.52800831319539654 1.00000 7 
 fake.rf 1440.00000000 52174.51380957364996860 1.00000 7 
 fake.rf 1440.00000000 52184.43992928937261411 1.00000 7 
 fake.rf 1440.00000000 52194.44674293386657027 1.00000 7 
 fake.rf 1440.00000000 52204.38381567702082364 1.00000 7 
 fake.rf 1440.00000000 52214.36821519025014737 1.00000 7 
 fake.rf 1440.00000000 52224.30251251474588159 1.00000 7 
 fake.rf 1440.00000000 52234.33282683415319880 1.00000 7 
 fake.rf 1440.00000000 52244.28335043695887308 1.00000 7 
 fake.rf 1440.00000000 52254.24161596112749706 1.00000 7 
 fake.rf 1440.00000000 52264.26481060275975210 1.00000 7 
 fake.rf 1440.00000000 52274.20765606910773471 1.00000 7 
 fake.rf 1440.00000000 52284.17026365846829705 1.00000 7 
 fake.rf 1440.00000000 52294.11364451202178572 1.00000 7 
 fake.rf 1440.00000000 52304.12745685501792536 1.00000 7 
 fake.rf 1440.00000000 52314.10969972886952561 1.00000 7 
 fake.rf 1440.00000000 52324.03978429017250917 1.00000 7 
 fake.rf 1440.00000000 52334.04691087257637960 1.00000 7 
 fake.rf 1440.00000000 52344.05554673332458293 1.00000 7 
 fake.rf 1440.00000000 52353.99976642693235718 1.00000 7 
 fake.rf 1440.00000000 52363.95133386560700828 1.00000 7 
 fake.rf 1440.00000000 52373.90446602967628920 1.00000 7 
 fake.rf 1440.00000000 52383.92710768141213862 1.00000 7 
 fake.rf 1440.00000000 52393.86300465719944341 1.00000 7 
 fake.rf 1440.00000000 52403.85174415496944533 1.00000 7 
 fake.rf 1440.00000000 52413.82452434762736715 1.00000 7 
 fake.rf 1440.00000000 52423.81196833737105933 1.00000 7 
 fake.rf 1440.00000000 52433.75073641681637682 1.00000 7 
 fake.rf 1440.00000000 52443.76755970161618947 1.00000 7 
 fake.rf 1440.00000000 52453.70364977700921827 1.00000 7 
 fake.rf 1440.00000000 52463.72475863432443077 1.00000 7 
 fake.rf 1440.00000000 52473.66636102591656510 1.00000 7 
 fake.rf 1440.00000000 52483.61555668205792458 1.00000 7 
 fake.rf 1440.00000000 52493.59008962182719316 1.00000 7 
 fake.rf 1440.00000000 52503.56581000194227116 1.00000 7 
 fake.rf 1440.00000000 52513.56271601696654372 1.00000 7 
 fake.rf 1440.00000000 52523.54895277033740086 1.00000 7 
 fake.rf 1440.00000000 52533.48627483495810608 1.00000 7 
 fake.rf 1440.00000000 52543.45746616677674723 1.00000 7 
 fake.rf 1440.00000000 52553.42153087182590454 1.00000 7 
 fake.rf 1440.00000000 52563.42775611359276056 1.00000 7 
 fake.rf 1440.00000000 52573.36611315240445919 1.00000 7 
 fake.rf 1440.00000000 52583.38366095778845377 1.00000 7 
 fake.rf 1440.00000000 52593.29646480112315743 1.00000 7 
 fake.rf 1440.00000000 52603.28884028690094965 1.00000 7 
 fake.rf 1440.00000000 52613.26417147824991716 1.00000 7 
 fake.rf 1440.00000000 52623.26985588108738767 1.00000 7 
 fake.rf 1440.00000000 52633.21962023132116215 1.00000 7 
 fake.rf 1440.00000000 52643.22938237428415320 1.00000 7 
 fake.rf 1440.00000000 52653.18767356857678763 1.00000 7 
 fake.rf 1440.00000000 52663.10896202011912237 1.00000 7 
 fake.rf 1440.00000000 52673.09759593635346775 1.00000 7 
 fake.rf 1440.00000000 52683.11965695388904862 1.00000 7 
 fake.rf 1440.00000000 52693.09089137536350123 1.00000 7 
 fake.rf 1440.00000000 52703.04272658266861740 1.00000 7 
 fake.rf 1440.00000000 52712.99749812227189594 1.00000 7 
 fake.rf 1440.00000000 52722.96881706797413614 1.00000 7 
 fake.rf 1440.00000000 52732.93540061164058841 1.00000 7 
 fake.rf 1440.00000000 52742.93957782626421960 1.00000 7 
 fake.rf 1440.00000000 52752.87169103937640458 1.00000 7 
 fake.rf 1440.00000000 52762.88500239795662594 1.00000 7 
 fake.rf 1440.00000000 52772.85425947840375471 1.00000 7 
 fake.rf 1440.00000000 52782.83861275676133928 1.00000 7 
 fake.rf 1440.00000000 52792.74509074865626701 1.00000 7 
 fake.rf 1440.00000000 52802.79951845917462450 1.00000 7 
 fake.rf 1440.00000000 52812.70356304367137312 1.00000 7 
 fake.rf 1440.00000000 52822.71758475643248687 1.00000 7 
 fake.rf 1440.00000000 52832.70222025779667874 1.00000 7 
 fake.rf 1440.00000000 52842.65422456450977151 1.00000 7 
 fake.rf 1440.00000000 52852.58340859436505355 1.00000 7 
 fake.rf 1440.00000000 52862.55941311062182209 1.00000 7 
 fake.rf 1440.00000000 52872.54494702596267786 1.00000 7 
 fake.rf 1440.00000000 52882.52312572353367770 1.00000 7 
 fake.rf 1440.00000000 52892.54398238725308090 1.00000 7 
 fake.rf 1440.00000000 52902.46962450011898227 1.00000 7 
 fake.rf 1440.00000000 52912.46748301445893148 1.00000 7 
 fake.rf 1440.00000000 52922.40764188398351919 1.00000 7 
 fake.rf 1440.00000000 52932.36627275491191824 1.00000 7 
 fake.rf 1440.00000000 52942.34119991426729612 1.00000 7 
 fake.rf 1440.00000000 52952.31842525138262090 1.00000 7 
 fake.rf 1440.00000000 52962.34598500914733421 1.00000 7 
 fake.rf 1440.00000000 52972.26950491549941447 1.00000 7 
 fake.rf 1440.00000000 52982.26266847758549261 1.00000 7 
 fake.rf 1440.00000000 52992.25626031060145138 1.00000 7 
 fake.rf 1440.00000000 53002.17831893626666329 1.00000 7 
 fake.rf 1440.00000000 53012.15062207242957371 1.00000 7 
 fake.rf 1440.00000000 53022.12628974485113531 1.00000 7 
 fake.rf 1440.00000000 53032.13030503659328829 1.00000 7 
 fake.rf 1440.00000000 53042.09649606754003415 1.00000 7 
 fake.rf 1440.00000000 53052.10364527436061977 1.00000 7 
 fake.rf 1440.00000000 53062.06707809104612394 1.00000 7 
 fake.rf 1440.00000000 53071.99055143003088375 1.00000 7 
 fake.rf 1440.00000000 53081.99426211315039836 1.00000 7 
 fake.rf 1440.00000000 53091.96935248980597066 1.00000 7 
 fake.rf 1440.00000000 53101.90994150392429063 1.00000 7 
 fake.rf 1440.00000000 53111.91205086911829980 1.00000 7 
 fake.rf 1440.00000000 53121.90182357788329526 1.00000 7 
 fake.rf 1440.00000000 53131.88373855807340718 1.00000 7 
 fake.rf 1440.00000000 53141.81445445224139945 1.00000 7 
 fake.rf 1440.00000000 53151.78353580252626642 1.00000 7 
 fake.rf 1440.00000000 53161.80527246997588264 1.00000 7 
 fake.rf 1440.00000000 53171.73929724313054024 1.00000 7 
 fake.rf 1440.00000000 53181.72121687626091102 1.00000 7 
 fake.rf 1440.00000000 53191.66510318925416101 1.00000 7 
 fake.rf 1440.00000000 53201.64728901042667530 1.00000 7 
 fake.rf 1440.00000000 53211.66548835863887845 1.00000 7 
 fake.rf 1440.00000000 53221.63453754415948893 1.00000 7 
 fake.rf 1440.00000000 53231.58418657432518373 1.00000 7 
 fake.rf 1440.00000000 53241.58832110487036005 1.00000 7 
 fake.rf 1440.00000000 53251.55960180509831048 1.00000 7 
 fake.rf 1440.00000000 53261.51378048067411441 1.00000 7 
 fake.rf 1440.00000000 53271.48944576408205620 1.00000 7 
 fake.rf 1440.00000000 53281.41155074664441216 1.00000 7 
 fake.rf 1440.00000000 53291.38619728711938706 1.00000 7 
 fake.rf 1440.00000000 53301.38275870808549683 1.00000 7 
 fake.rf 1440.00000000 53311.33756003456533179 1.00000 7 
 fake.rf 1440.00000000 53321.31181401305354939 1.00000 7 
 fake.rf 1440.00000000 53331.31134746213904663 1.00000 7 
 fake.rf 1440.00000000 53341.29746837301485130 1.00000 7 
 fake.rf 1440.00000000 53351.26521771820015161 1.00000 7 
 fake.rf 1440.00000000 53361.21587141853572334 1.00000 7 
 fake.rf 1440.00000000 53371.19272941107482211 1.00000 7 
 fake.rf 1440.00000000 53381.19458983364929594 1.00000 7 
 fake.rf 1440.00000000 53391.17625851650983648 1.00000 7 
 fake.rf 1440.00000000 53401.15551126568771068 1.00000 7 
 fake.rf 1440.00000000 53411.12526500367428994 1.00000 7 
 fake.rf 1440.00000000 53421.05301404592764669 1.00000 7 
 fake.rf 1440.00000000 53431.04934382716146146 1.00000 7 
 fake.rf 1440.00000000 53441.02831689340129984 1.00000 7 
 fake.rf 1440.00000000 53450.99741951208118707 1.00000 7 
 fake.rf 1440.00000000 53460.99013493795048291 1.00000 7 
 fake.rf 1440.00000000 53470.93481571617657266 1.00000 7 
 fake.rf 1440.00000000 53480.86524743154328831 1.00000 7 
 fake.rf 1440.00000000 53490.86718680726636066 1.00000 7 
 fake.rf 1440.00000000 53500.86639155402683343 1.00000 7 
 fake.rf 1440.00000000 53510.80631344524245563 1.00000 7 
 fake.rf 1440.00000000 53520.77042318288162548 1.00000 7 
 fake.rf 1440.00000000 53530.76598144873360852 1.00000 7 
 fake.rf 1440.00000000 53540.76618997998847505 1.00000 7 
 fake.rf 1440.00000000 53550.67840531540237237 1.00000 7 
 fake.rf 1440.00000000 53560.67254853684341853 1.00000 7 
 fake.rf 1440.00000000 53570.65424012633241091 1.00000 7 
 fake.rf 1440.00000000 53580.65275837750492727 1.00000 7 
 fake.rf 1440.00000000 53590.59631094450240951 1.00000 7 
 fake.rf 1440.00000000 53600.57995340182291955 1.00000 7 
 fake.rf 1440.00000000 53610.51900409974460615 1.00000 7 
 fake.rf 1440.00000000 53620.52799563502576063 1.00000 7 
 fake.rf 1440.00000000 53630.51319643646743884 1.00000 7 
 fake.rf 1440.00000000 53640.47908487166572300 1.00000 7 
 fake.rf 1440.00000000 53650.41816835615154702 1.00000 7 
 fake.rf 1440.00000000 53660.39842282386066685 1.00000 7 
