FORMAT 1
MODE 1
 fake.rf 1440.00000000 50000.42018208283128899 1.00000 7 
 fake.rf 1440.00000000 50010.43002814148869106 1.00000 7 
 fake.rf 1440.00000000 50020.37033080167563881 1.00000 7 
 fake.rf 1440.00000000 50030.34174806818167980 1.00000 7 
 fake.rf 1440.00000000 50040.30500976632619370 1.00000 7 
 fake.rf 1440.00000000 50050.33721346111902406 1.00000 7 
 fake.rf 1440.00000000 50060.29843650347946848 1.00000 7 
 fake.rf 1440.00000000 50070.23504828000835687 1.00000 7 
 fake.rf 1440.00000000 50080.24861517246414877 1.00000 7 
 fake.rf 1440.00000000 50090.19829456126364775 1.00000 7 
 fake.rf 1440.00000000 50100.17737128981530148 1.00000 7 
 fake.rf 1440.00000000 50110.13744414282865236 1.00000 7 
 fake.rf 1440.00000000 50120.13214702357869612 1.00000 7 
 fake.rf 1440.00000000 50130.09245800005809102 1.00000 7 
 fake.rf 1440.00000000 50140.02858456577237334 1.00000 7 
 fake.rf 1440.00000000 50150.00428311849939433 1.00000 7 
 fake.rf 1440.00000000 50160.00035241710540390 1.00000 7 
 fake.rf 1440.00000000 50169.96624931065095154 1.00000 7 
 fake.rf 1440.00000000 50179.98691951747199624 1.00000 7 
 fake.rf 1440.00000000 50189.92083464990236763 1.00000 7 
 fake.rf 1440.00000000 50199.94275266600118002 1.00000 7 
 fake.rf 1440.00000000 50209.89656618330700866 1.00000 7 
 fake.rf 1440.00000000 50219.87806643199688850 1.00000 7 
 fake.rf 1440.00000000 50229.79518334700404836 1.00000 7 
 fake.rf 1440.00000000 50239.82183712272534493 1.00000 7 
 fake.rf 1440.00000000 50249.77417737586536006 1.00000 7 
 fake.rf 1440.00000000 50259.76946920851085920 1.00000 7 
 fake.rf 1440.00000000 50269.74391331659487392 1.00000 7 
 fake.rf 1440.00000000 50279.64243266821604905 1.00000 7 
 fake.rf 1440.00000000 50289.68018397646348561 1.00000 7 
 fake.rf 1440.00000000 50299.62832335295118114 1.00000 7 
 fake.rf 1440.00000000 50309.57383737626057396 1.00000 7 
 fake.rf 1440.00000000 50319.56540573968898400 1.00000 7 
 fake.rf 1440.00000000 50329.56448541878777547 1.00000 7 
 fake.rf 1440.00000000 50339.50872104915900351 1.00000 7 
 fake.rf 1440.00000000 50349.49085546621321541 1.00000 7 
 fake.rf 1440.00000000 50359.46610983082405966 1.00000 7 
 fake.rf 1440.00000000 50369.39887279574221779 1.00000 7 
 fake.rf 1440.00000000 50379.42825666000019069 1.00000 7 
 fake.rf 1440.00000000 50389.36104891425813435 1.00000 7 
 fake.rf 1440.00000000 50399.35412896199920851 1.00000 7 
 fake.rf 1440.00000000 50409.30656057174374851 1.00000 7 
 fake.rf 1440.00000000 50419.31006336267693158 1.00000 7 
 fake.rf 1440.00000000 50429.24181726985103325 1.00000 7 
 fake.rf 1440.00000000 50439.26519748793645448 1.00000 7 
 fake.rf 1440.00000000 50449.23213118415869261 1.00000 7 
 fake.rf 1440.00000000 50459.16688800779690283 1.00000 7 
 fake.rf 1440.00000000 50469.13030850512014425 1.00000 7 
 fake.rf 1440.00000000 50479.17377679394663659 1.00000 7 
 fake.rf 1440.00000000 50489.07317481972735251 1.00000 7 
 fake.rf 1440.00000000 50499.08114811703865143 1.00000 7 
 fake.rf 1440.00000000 50509.09050542747806745 1.00000 7 
 fake.rf 1440.00000000 50519.05435458365299084 1.00000 7 
 fake.rf 1440.00000000 50528.98779915605130242 1.00000 7 
 fake.rf 1440.00000000 50538.94157766788124420 1.00000 7 
 fake.rf 1440.00000000 50548.95938497319465554 1.00000 7 
 fake.rf 1440.00000000 50558.95580745356522101 1.00000 7 
 fake.rf 1440.00000000 50568.93218216390588537 1.00000 7 
 fake.rf 1440.00000000 50578.86840458684711663 1.00000 7 
 fake.rf 1440.00000000 50588.87398407586633198 1.00000 7 
 fake.rf 1440.00000000 50598.83208106297799489 1.00000 7 
 fake.rf 1440.00000000 50608.74374720377093340 1.00000 7 
 fake.rf 1440.00000000 50618.72214505174813226 1.00000 7 
 fake.rf 1440.00000000 50628.69911474577566324 1.00000 7 
 fake.rf 1440.00000000 50638.72049826400038341 1.00000 7 
 fake.rf 1440.00000000 50648.67043604353778363 1.00000 7 
 fake.rf 1440.00000000 50658.65684448734776169 1.00000 7 
 fake.rf 1440.00000000 50668.59745331936538548 1.00000 7 
 fake.rf 1440.00000000 50678.59079178712801195 1.00000 7 
 fake.rf 1440.00000000 50688.55055507238230916 1.00000 7 
 fake.rf 1440.00000000 50698.53459384440410318 1.00000 7 
 fake.rf 1440.00000000 50708.54831671472945587 1.00000 7 
 fake.rf 1440.00000000 50718.48781594112537263 1.00000 7 
 fake.rf 1440.00000000 50728.41932848094011987 1.00000 7 
 fake.rf 1440.00000000 50738.39210957531350843 1.00000 7 
 fake.rf 1440.00000000 50748.38229337322663426 1.00000 7 
 fake.rf 1440.00000000 50758.39137726688067787 1.00000 7 
 fake.rf 1440.00000000 50768.32621956172830480 1.00000 7 
 fake.rf 1440.00000000 50778.30712816119067554 1.00000 7 
 fake.rf 1440.00000000 50788.30365135932922982 1.00000 7 
 fake.rf 1440.00000000 50798.24852930350213853 1.00000 7 
 fake.rf 1440.00000000 50808.26471557387889177 1.00000 7 
 fake.rf 1440.00000000 50818.21456702660755056 1.00000 7 
 fake.rf 1440.00000000 50828.15059844980693882 1.00000 7 
 fake.rf 1440.00000000 50838.12753364391817357 1.00000 7 
 fake.rf 1440.00000000 50848.14180131844275223 1.00000 7 
 fake.rf 1440.00000000 50858.12294438194355095 1.00000 7 
 fake.rf 1440.00000000 50868.04027302707747538 1.00000 7 
 fake.rf 1440.00000000 50878.05821973969994332 1.00000 7 
 fake.rf 1440.00000000 50888.00288959277131795 1.00000 7 
 fake.rf 1440.00000000 50897.95310206031998135 1.00000 7 
 fake.rf 1440.00000000 50907.95645005008121586 1.00000 7 
 fake.rf 1440.00000000 50917.92342373663151989 1.00000 7 
 fake.rf 1440.00000000 50927.87933836929320108 1.00000 7 
 fake.rf 1440.00000000 50937.88696039846549724 1.00000 7 
 fake.rf 1440.00000000 50947.81928857069468108 1.00000 7 
 fake.rf 1440.00000000 50957.83577866256195321 1.00000 7 
 fake.rf 1440.00000000 50967.77378017595050963 1.00000 7 
 fake.rf 1440.00000000 50977.75735487752255537 1.00000 7 
 fake.rf 1440.00000000 50987.71115438435943545 1.00000 7 
 fake.rf 1440.00000000 50997.71955686883343262 1.00000 7 
 fake.rf 1440.00000000 51007.71447465806431865 1.00000 7 
 fake.rf 1440.00000000 51017.62596805908870223 1.00000 7 
 fake.rf 1440.00000000 51027.60117404335501945 1.00000 7 
 fake.rf 1440.00000000 51037.63824206860603638 1.00000 7 
 fake.rf 1440.00000000 51047.54982088869025603 1.00000 7 
 fake.rf 1440.00000000 51057.54251503202072016 1.00000 7 
 fake.rf 1440.00000000 51067.53263794442414181 1.00000 7 
 fake.rf 1440.00000000 51077.48969668789328935 1.00000 7 
 fake.rf 1440.00000000 51087.49060379019566014 1.00000 7 
 fake.rf 1440.00000000 51097.42122089265448537 1.00000 7 
 fake.rf 1440.00000000 51107.43379526611647634 1.00000 7 
 fake.rf 1440.00000000 51117.39485961683145732 1.00000 7 
 fake.rf 1440.00000000 51127.38596586250051246 1.00000 7 
 fake.rf 1440.00000000 51137.36187599672798854 1.00000 7 
 fake.rf 1440.00000000 51147.32717985811633454 1.00000 7 
 fake.rf 1440.00000000 51157.27652476930806458 1.00000 7 
 fake.rf 1440.00000000 51167.26088228194868179 1.00000 7 
 fake.rf 1440.00000000 51177.25415249252211680 1.00000 7 
 fake.rf 1440.00000000 51187.16541509020101941 1.00000 7 
 fake.rf 1440.00000000 51197.20508015618015207 1.00000 7 
 fake.rf 1440.00000000 51207.17586714462558106 1.00000 7 
 fake.rf 1440.00000000 51217.11778207738787927 1.00000 7 
 fake.rf 1440.00000000 51227.06839180760294639 1.00000 7 
 fake.rf 1440.00000000 51237.02239777448700764 1.00000 7 
 fake.rf 1440.00000000 51246.99923907504611620 1.00000 7 
 fake.rf 1440.00000000 51256.99281464066682190 1.00000 7 
 fake.rf 1440.00000000 51266.99061503658460381 1.00000 7 
 fake.rf 1440.00000000 51276.93276215795507156 1.00000 7 
 fake.rf 1440.00000000 51286.93721679444017525 1.00000 7 
 fake.rf 1440.00000000 51296.91612103852005333 1.00000 7 
 fake.rf 1440.00000000 51306.89397495402453586 1.00000 7 
 fake.rf 1440.00000000 51316.83731836266599302 1.00000 7 
 fake.rf 1440.00000000 51326.83835367067975142 1.00000 7 
 fake.rf 1440.00000000 51336.81871794025040501 1.00000 7 
 fake.rf 1440.00000000 51346.74310037083934333 1.00000 7 
 fake.rf 1440.00000000 51356.76635218324589616 1.00000 7 
 fake.rf 1440.00000000 51366.68338153010243019 1.00000 7 
 fake.rf 1440.00000000 51376.70852458145785846 1.00000 7 
 fake.rf 1440.00000000 51386.63280610898539891 1.00000 7 
 fake.rf 1440.00000000 51396.66138025590626981 1.00000 7 
 fake.rf 1440.00000000 51406.56111140252700764 1.00000 7 
 fake.rf 1440.00000000 51416.60860498373828875 1.00000 7 
 fake.rf 1440.00000000 51426.54221444431016153 1.00000 7 
 fake.rf 1440.00000000 51436.54368950445918074 1.00000 7 
 fake.rf 1440.00000000 51446.51106422946736529 1.00000 7 
 fake.rf 1440.00000000 51456.43728192084839890 1.00000 7 
 fake.rf 1440.00000000 51466.41540620099769754 1.00000 7 
 fake.rf 1440.00000000 51476.39444276003512968 1.00000 7 
 fake.rf 1440.00000000 51486.34123498271479136 1.00000 7 
 fake.rf 1440.00000000 51496.34125954603458553 1.00000 7 
 fake.rf 1440.00000000 51506.30393218816659839 1.00000 7 
 fake.rf 1440.00000000 51516.33214904520044186 1.00000 7 
 fake.rf 1440.00000000 51526.30139287767750389 1.00000 7 
 fake.rf 1440.00000000 51536.24197957427688621 1.00000 7 
 fake.rf 1440.00000000 51546.25150671661435808 1.00000 7 
 fake.rf 1440.00000000 51556.22489620519371556 1.00000 7 
 fake.rf 1440.00000000 51566.18636280031581975 1.00000 7 
 fake.rf 1440.00000000 51576.13766137754088703 1.00000 7 
 fake.rf 1440.00000000 51586.08050232044955763 1.00000 7 
 fake.rf 1440.00000000 51596.07372786713028390 1.00000 7 
 fake.rf 1440.00000000 51606.03123500500812426 1.00000 7 
 fake.rf 1440.00000000 51616.06256751818938611 1.00000 7 
 fake.rf 1440.00000000 51626.02644081702547041 1.00000 7 
 fake.rf 1440.00000000 51635.92895426342849063 1.00000 7 
 fake.rf 1440.00000000 51645.96795537297617429 1.00000 7 
 fake.rf 1440.00000000 51655.88351542343454170 1.00000 7 
 fake.rf 1440.00000000 51665.91991835295623403 1.00000 7 
 fake.rf 1440.00000000 51675.81991984545005181 1.00000 7 
 fake.rf 1440.00000000 51685.87126062431596552 1.00000 7 
 fake.rf 1440.00000000 51695.77591610463794680 1.00000 7 
 fake.rf 1440.00000000 51705.81512936504724465 1.00000 7 
 fake.rf 1440.00000000 51715.79350559666628939 1.00000 7 
 fake.rf 1440.00000000 51725.68962564768083823 1.00000 7 
 fake.rf 1440.00000000 51735.68975273984566243 1.00000 7 
 fake.rf 1440.00000000 51745.69690837083278723 1.00000 7 
 fake.rf 1440.00000000 51755.67104077818110497 1.00000 7 
 fake.rf 1440.00000000 51765.62468988904036493 1.00000 7 
 fake.rf 1440.00000000 51775.55394085614067023 1.00000 7 
 fake.rf 1440.00000000 51785.53441413421322892 1.00000 7 
 fake.rf 1440.00000000 51795.54549312732418898 1.00000 7 
 fake.rf 1440.00000000 51805.50207300265705257 1.00000 7 
 fake.rf 1440.00000000 51815.47252326558348656 1.00000 7 
 fake.rf 1440.00000000 51825.45579007618003331 1.00000 7 
 fake.rf 1440.00000000 51835.40891812833268659 1.00000 7 
 fake.rf 1440.00000000 51845.43059276013314118 1.00000 7 
 fake.rf 1440.00000000 51855.36735775052226671 1.00000 7 
 fake.rf 1440.00000000 51865.32117961107568505 1.00000 7 
 fake.rf 1440.00000000 51875.33162516139912412 1.00000 7 
 fake.rf 1440.00000000 51885.24699306008072952 1.00000 7 
 fake.rf 1440.00000000 51895.25429347354349829 1.00000 7 
 fake.rf 1440.00000000 51905.20193561827090534 1.00000 7 
 fake.rf 1440.00000000 51915.18544829344166658 1.00000 7 
 fake.rf 1440.00000000 51925.16805223507197908 1.00000 7 
 fake.rf 1440.00000000 51935.19020534184019766 1.00000 7 
 fake.rf 1440.00000000 51945.10353583246963538 1.00000 7 
 fake.rf 1440.00000000 51955.06911187214317849 1.00000 7 
 fake.rf 1440.00000000 51965.03412937969964602 1.00000 7 
 fake.rf 1440.00000000 51975.01116711807873472 1.00000 7 
 fake.rf 1440.00000000 51984.98738229035897973 1.00000 7 
 fake.rf 1440.00000000 51994.94771155512347960 1.00000 7 
 fake.rf 1440.00000000 52004.94004250112514143 1.00000 7 
 fake.rf 1440.00000000 52014.89944189395394858 1.00000 7 
 fake.rf 1440.00000000 52024.86545177757363234 1.00000 7 
 fake.rf 1440.00000000 52034.86454040023126666 1.00000 7 
 fake.rf 1440.00000000 52044.85137120516510123 1.00000 7 
 fake.rf 1440.00000000 52054.85184107416471377 1.00000 7 
 fake.rf 1440.00000000 52064.76903309403668985 1.00000 7 
 fake.rf 1440.00000000 52074.73681736611685622 1.00000 7 
 fake.rf 1440.00000000 52084.77717583950989777 1.00000 7 
 fake.rf 1440.00000000 52094.70214551875467635 1.00000 7 
 fake.rf 1440.00000000 52104.70831306069358746 1.00000 7 
 fake.rf 1440.00000000 52114.64922245432586223 1.00000 7 
 fake.rf 1440.00000000 52124.65528001497173705 1.00000 7 
 fake.rf 1440.00000000 52134.58868542782430922 1.00000 7 
 fake.rf 1440.00000000 52144.59336047802037584 1.00000 7 
 fake.rf 1440.00000000 52154.56506366177054801 1.00000 7 
 fake.rf 1440.00000000 52164.54587176475328647 1.00000 7 
 fake.rf 1440.00000000 52174.53167298649726291 1.00000 7 
 fake.rf 1440.00000000 52184.45779272880318445 1.00000 7 
 fake.rf 1440.00000000 52194.46460639758006295 1.00000 7 
 fake.rf 1440.00000000 52204.40167908512105299 1.00000 7 
 fake.rf 1440.00000000 52214.38607858365143599 1.00000 7 
 fake.rf 1440.00000000 52224.32037592525425396 1.00000 7 
 fake.rf 1440.00000000 52234.35069026495409261 1.00000 7 
 fake.rf 1440.00000000 52244.30121383950433511 1.00000 7 
 fake.rf 1440.00000000 52254.25947938596529596 1.00000 7 
 fake.rf 1440.00000000 52264.28267404964185872 1.00000 7 
 fake.rf 1440.00000000 52274.22551944638892252 1.00000 7 
 fake.rf 1440.00000000 52284.18812709507189851 1.00000 7 
 fake.rf 1440.00000000 52294.13150790376540300 1.00000 7 
 fake.rf 1440.00000000 52304.14532028416619980 1.00000 7 
 fake.rf 1440.00000000 52314.12756315489402681 1.00000 7 
 fake.rf 1440.00000000 52324.05764770234909733 1.00000 7 
 fake.rf 1440.00000000 52334.06477429305149585 1.00000 7 
 fake.rf 1440.00000000 52344.07341013992755308 1.00000 7 
 fake.rf 1440.00000000 52354.01762985191573208 1.00000 7 
 fake.rf 1440.00000000 52363.96919733033692879 1.00000 7 
 fake.rf 1440.00000000 52373.92232945847494818 1.00000 7 
 fake.rf 1440.00000000 52383.94497112689093044 1.00000 7 
 fake.rf 1440.00000000 52393.88086808129157390 1.00000 7 
 fake.rf 1440.00000000 52403.86960754703215670 1.00000 7 
 fake.rf 1440.00000000 52413.84238778144841930 1.00000 7 
 fake.rf 1440.00000000 52423.82983178460147400 1.00000 7 
 fake.rf 1440.00000000 52433.76859979892184427 1.00000 7 
 fake.rf 1440.00000000 52443.78542309526221388 1.00000 7 
 fake.rf 1440.00000000 52453.72151319704048689 1.00000 7 
 fake.rf 1440.00000000 52463.74262205024205841 1.00000 7 
 fake.rf 1440.00000000 52473.68422442297893937 1.00000 7 
 fake.rf 1440.00000000 52483.63342011677169197 1.00000 7 
 fake.rf 1440.00000000 52493.60795304225508673 1.00000 7 
 fake.rf 1440.00000000 52503.58367339820933495 1.00000 7 
 fake.rf 1440.00000000 52513.58057943556954328 1.00000 7 
 fake.rf 1440.00000000 52523.56681621948966310 1.00000 7 
 fake.rf 1440.00000000 52533.50413827838979230 1.00000 7 
 fake.rf 1440.00000000 52543.47532961394942674 1.00000 7 
 fake.rf 1440.00000000 52553.43939430231455390 1.00000 7 
 fake.rf 1440.00000000 52563.44561955270720333 1.00000 7 
 fake.rf 1440.00000000 52573.38397656772122701 1.00000 7 
 fake.rf 1440.00000000 52583.40152436429758609 1.00000 7 
 fake.rf 1440.00000000 52593.31432821072749562 1.00000 7 
 fake.rf 1440.00000000 52603.30670371362161575 1.00000 7 
 fake.rf 1440.00000000 52613.28203487594600318 1.00000 7 
 fake.rf 1440.00000000 52623.28771929011405106 1.00000 7 
 fake.rf 1440.00000000 52633.23748368378680595 1.00000 7 
 fake.rf 1440.00000000 52643.24724577561518757 1.00000 7 
 fake.rf 1440.00000000 52653.20553700465314506 1.00000 7 
 fake.rf 1440.00000000 52663.12682541495301791 1.00000 7 
 fake.rf 1440.00000000 52673.11545935957899545 1.00000 7 
 fake.rf 1440.00000000 52683.13752039485778766 1.00000 7 
 fake.rf 1440.00000000 52693.10875480398191328 1.00000 7 
 fake.rf 1440.00000000 52703.06059000452721364 1.00000 7 
 fake.rf 1440.00000000 52713.01536155461592159 1.00000 7 
 fake.rf 1440.00000000 52722.98668046138327981 1.00000 7 
 fake.rf 1440.00000000 52732.95326402242557862 1.00000 7 
 fake.rf 1440.00000000 52742.95744126478764358 1.00000 7 
 fake.rf 1440.00000000 52752.88955449434671152 1.00000 7 
 fake.rf 1440.00000000 52762.90286581323049120 1.00000 7 
 fake.rf 1440.00000000 52772.87212293010049891 1.00000 7 
 fake.rf 1440.00000000 52782.85647618974474682 1.00000 7 
 fake.rf 1440.00000000 52792.76295414967852793 1.00000 7 
 fake.rf 1440.00000000 52802.81738188873289985 1.00000 7 
 fake.rf 1440.00000000 52812.72142651111619926 1.00000 7 
 fake.rf 1440.00000000 52822.73544817341304736 1.00000 7 
 fake.rf 1440.00000000 52832.72008367882607516 1.00000 7 
 fake.rf 1440.00000000 52842.67208799352970772 1.00000 7 
 fake.rf 1440.00000000 52852.60127203144204344 1.00000 7 
 fake.rf 1440.00000000 52862.57727656584804521 1.00000 7 
 fake.rf 1440.00000000 52872.56281048644773790 1.00000 7 
 fake.rf 1440.00000000 52882.54098913578104302 1.00000 7 
 fake.rf 1440.00000000 52892.56184581182385429 1.00000 7 
 fake.rf 1440.00000000 52902.48748795547242807 1.00000 7 
 fake.rf 1440.00000000 52912.48534642048709031 1.00000 7 
 fake.rf 1440.00000000 52922.42550529990322161 1.00000 7 
 fake.rf 1440.00000000 52932.38413615886791774 1.00000 7 
 fake.rf 1440.00000000 52942.35906334405517271 1.00000 7 
 fake.rf 1440.00000000 52952.33628868262008282 1.00000 7 
 fake.rf 1440.00000000 52962.36384840705151689 1.00000 7 
 fake.rf 1440.00000000 52972.28736836869098425 1.00000 7 
 fake.rf 1440.00000000 52982.28053192618788003 1.00000 7 
 fake.rf 1440.00000000 52992.27412374144984497 1.00000 7 
 fake.rf 1440.00000000 53002.19618239602936782 1.00000 7 
 fake.rf 1440.00000000 53012.16848552050451460 1.00000 7 
 fake.rf 1440.00000000 53022.14415316093516495 1.00000 7 
 fake.rf 1440.00000000 53032.14816842499735827 1.00000 7 
 fake.rf 1440.00000000 53042.11435945946300308 1.00000 7 
 fake.rf 1440.00000000 53052.12150868495375988 1.00000 7 
 fake.rf 1440.00000000 53062.08494150303956616 1.00000 7 
 fake.rf 1440.00000000 53072.00841486288183191 1.00000 7 
 fake.rf 1440.00000000 53082.01212554490064832 1.00000 7 
 fake.rf 1440.00000000 53091.98721592036011430 1.00000 7 
 fake.rf 1440.00000000 53101.92780493032810440 1.00000 7 
 fake.rf 1440.00000000 53111.92991430260181573 1.00000 7 
 fake.rf 1440.00000000 53121.91968700347618793 1.00000 7 
 fake.rf 1440.00000000 53131.90160197337318948 1.00000 7 
 fake.rf 1440.00000000 53141.83231788304225063 1.00000 7 
 fake.rf 1440.00000000 53151.80139924276900132 1.00000 7 
 fake.rf 1440.00000000 53161.82313589736549275 1.00000 7 
 fake.rf 1440.00000000 53171.75716069090186622 1.00000 7 
 fake.rf 1440.00000000 53181.73908029937347308 1.00000 7 
 fake.rf 1440.00000000 53191.68296663772441235 1.00000 7 
 fake.rf 1440.00000000 53201.66515242740814884 1.00000 7 
 fake.rf 1440.00000000 53211.68335180004478602 1.00000 7 
 fake.rf 1440.00000000 53221.65240097985853751 1.00000 7 
 fake.rf 1440.00000000 53231.60204995586880372 1.00000 7 
 fake.rf 1440.00000000 53241.60618454519369180 1.00000 7 
 fake.rf 1440.00000000 53251.57746520537556023 1.00000 7 
 fake.rf 1440.00000000 53261.53164386432355926 1.00000 7 
 fake.rf 1440.00000000 53271.50730916787214397 1.00000 7 
 fake.rf 1440.00000000 53281.42941414622396579 1.00000 7 
 fake.rf 1440.00000000 53291.40406070153428786 1.00000 7 
 fake.rf 1440.00000000 53301.40062212541047870 1.00000 7 
 fake.rf 1440.00000000 53311.35542346456046303 1.00000 7 
 fake.rf 1440.00000000 53321.32967746701866218 1.00000 7 
 fake.rf 1440.00000000 53331.32921090019739196 1.00000 7 
 fake.rf 1440.00000000 53341.31533178815895013 1.00000 7 
 fake.rf 1440.00000000 53351.28308116685597184 1.00000 7 
 fake.rf 1440.00000000 53361.23373483719739241 1.00000 7 
 fake.rf 1440.00000000 53371.21059287539689109 1.00000 7 
 fake.rf 1440.00000000 53381.21245324443379587 1.00000 7 
 fake.rf 1440.00000000 53391.19412193902710939 1.00000 7 
 fake.rf 1440.00000000 53401.17337466678429081 1.00000 7 
 fake.rf 1440.00000000 53411.14312842550184257 1.00000 7 
 fake.rf 1440.00000000 53421.07087748268191874 1.00000 7 
 fake.rf 1440.00000000 53431.06720724877671103 1.00000 7 
 fake.rf 1440.00000000 53441.04618031273933454 1.00000 7 
 fake.rf 1440.00000000 53451.01528292895316952 1.00000 7 
 fake.rf 1440.00000000 53461.00799839078358033 1.00000 7 
 fake.rf 1440.00000000 53470.95267911312400599 1.00000 7 
 fake.rf 1440.00000000 53480.88311087944335043 1.00000 7 
 fake.rf 1440.00000000 53490.88505024390931908 1.00000 7 
 fake.rf 1440.00000000 53500.88425497089340155 1.00000 7 
 fake.rf 1440.00000000 53510.82417689587186871 1.00000 7 
 fake.rf 1440.00000000 53520.78828662942297711 1.00000 7 
 fake.rf 1440.00000000 53530.78384484909207330 1.00000 7 
 fake.rf 1440.00000000 53540.78405342060804628 1.00000 7 
 fake.rf 1440.00000000 53550.69626872042567456 1.00000 7 
 fake.rf 1440.00000000 53560.69041198469503939 1.00000 7 
 fake.rf 1440.00000000 53570.67210353536928835 1.00000 7 
 fake.rf 1440.00000000 53580.67062180138336558 1.00000 7 
 fake.rf 1440.00000000 53590.61417438477320019 1.00000 7 
 fake.rf 1440.00000000 53600.59781682821456172 1.00000 7 
 fake.rf 1440.00000000 53610.53686751750198169 1.00000 7 
 fake.rf 1440.00000000 53620.54585905796452749 1.00000 7 
 fake.rf 1440.00000000 53630.53105983869883744 1.00000 7 
 fake.rf 1440.00000000 53640.49694831932212580 1.00000 7 
 fake.rf 1440.00000000 53650.43603177552409988 1.00000 7 
 fake.rf 1440.00000000 53660.41628626003384284 1.00000 7 
