FORMAT 1
MODE 1
 fake.rf 1440.00000000 50000.44753912773753868 1.00000 7 
 fake.rf 1440.00000000 50010.45738520205554067 1.00000 7 
 fake.rf 1440.00000000 50020.39768782882236309 1.00000 7 
 fake.rf 1440.00000000 50030.36910510845899225 1.00000 7 
 fake.rf 1440.00000000 50040.33236683566669356 1.00000 7 
 fake.rf 1440.00000000 50050.36457047632914197 1.00000 7 
 fake.rf 1440.00000000 50060.32579354748419931 1.00000 7 
 fake.rf 1440.00000000 50070.26240532109203940 1.00000 7 
 fake.rf 1440.00000000 50080.27597222795305854 1.00000 7 
 fake.rf 1440.00000000 50090.22565160650036020 1.00000 7 
 fake.rf 1440.00000000 50100.20472833572419447 1.00000 7 
 fake.rf 1440.00000000 50110.16480118437383595 1.00000 7 
 fake.rf 1440.00000000 50120.15950406329520206 1.00000 7 
 fake.rf 1440.00000000 50130.11981504541836330 1.00000 7 
 fake.rf 1440.00000000 50140.05594161995200864 1.00000 7 
 fake.rf 1440.00000000 50150.03164016854646690 1.00000 7 
 fake.rf 1440.00000000 50160.02770944512797513 1.00000 7 
 fake.rf 1440.00000000 50169.99360636900543042 1.00000 7 
 fake.rf 1440.00000000 50180.01427657163855400 1.00000 7 
 fake.rf 1440.00000000 50189.94819168553856059 1.00000 7 
 fake.rf 1440.00000000 50199.97010972312835619 1.00000 7 
 fake.rf 1440.00000000 50209.92392319559110092 1.00000 7 
 fake.rf 1440.00000000 50219.90542347061372652 1.00000 7 
 fake.rf 1440.00000000 50229.82254036710957834 1.00000 7 
 fake.rf 1440.00000000 50239.84919418992842211 1.00000 7 
 fake.rf 1440.00000000 50249.80153439509740920 1.00000 7 
 fake.rf 1440.00000000 50259.79682625049345290 1.00000 7 
 fake.rf 1440.00000000 50269.77127038045444607 1.00000 7 
 fake.rf 1440.00000000 50279.66978972450949570 1.00000 7 
 fake.rf 1440.00000000 50289.70754103673929691 1.00000 7 
 fake.rf 1440.00000000 50299.65568041398060473 1.00000 7 
 fake.rf 1440.00000000 50309.60119442720189298 1.00000 7 
 fake.rf 1440.00000000 50319.59276280418768934 1.00000 7 
 fake.rf 1440.00000000 50329.59184248223305502 1.00000 7 
 fake.rf 1440.00000000 50339.53607809100268256 1.00000 7 
 fake.rf 1440.00000000 50349.51821250171948918 1.00000 7 
 fake.rf 1440.00000000 50359.49346687476545625 1.00000 7 
 fake.rf 1440.00000000 50369.42622986633603333 1.00000 7 
 fake.rf 1440.00000000 50379.45561370030537063 1.00000 7 
 fake.rf 1440.00000000 50389.38840597593835469 1.00000 7 
 fake.rf 1440.00000000 50399.38148602713621216 1.00000 7 
 fake.rf 1440.00000000 50409.33391763446148914 1.00000 7 
 fake.rf 1440.00000000 50419.33742039438253357 1.00000 7 
 fake.rf 1440.00000000 50429.26917432755985971 1.00000 7 
 fake.rf 1440.00000000 50439.29255454575135431 1.00000 7 
 fake.rf 1440.00000000 50449.25948824268067838 1.00000 7 
 fake.rf 1440.00000000 50459.19424507929491952 1.00000 7 
 fake.rf 1440.00000000 50469.15766557486153232 1.00000 7 
 fake.rf 1440.00000000 50479.20113383527017348 1.00000 7 
 fake.rf 1440.00000000 50489.10053186802480241 1.00000 7 
 fake.rf 1440.00000000 50499.10850516519759523 1.00000 7 
 fake.rf 1440.00000000 50509.11786245339130375 1.00000 7 
 fake.rf 1440.00000000 50519.08171161691371864 1.00000 7 
 fake.rf 1440.00000000 50529.01515620362397740 1.00000 7 
 fake.rf 1440.00000000 50538.96893471123691555 1.00000 7 
 fake.rf 1440.00000000 50548.98674203465358445 1.00000 7 
 fake.rf 1440.00000000 50558.98316451674969230 1.00000 7 
 fake.rf 1440.00000000 50568.95953919133298982 1.00000 7 
 fake.rf 1440.00000000 50578.89576163777910978 1.00000 7 
 fake.rf 1440.00000000 50588.90134114004689891 1.00000 7 
 fake.rf 1440.00000000 50598.85943810126382658 1.00000 7 
 fake.rf 1440.00000000 50608.77110426651817221 1.00000 7 
 fake.rf 1440.00000000 50618.74950209055748829 1.00000 7 
 fake.rf 1440.00000000 50628.72647179215405799 1.00000 7 
 fake.rf 1440.00000000 50638.74785529305468756 1.00000 7 
 fake.rf 1440.00000000 50648.69779309132443501 1.00000 7 
 fake.rf 1440.00000000 50658.68420154011719347 1.00000 7 
 fake.rf 1440.00000000 50668.62481038219559082 1.00000 7 
 fake.rf 1440.00000000 50678.61814881461721427 1.00000 7 
 fake.rf 1440.00000000 50688.57791213712234324 1.00000 7 
 fake.rf 1440.00000000 50698.56195089644833374 1.00000 7 
 fake.rf 1440.00000000 50708.57567373564759450 1.00000 7 
 fake.rf 1440.00000000 50718.51517296457765127 1.00000 7 
 fake.rf 1440.00000000 50728.44668551288503622 1.00000 7 
 fake.rf 1440.00000000 50738.41946662020271219 1.00000 7 
 fake.rf 1440.00000000 50748.40965040114706497 1.00000 7 
 fake.rf 1440.00000000 50758.41873431398673233 1.00000 7 
 fake.rf 1440.00000000 50768.35357658286345384 1.00000 7 
 fake.rf 1440.00000000 50778.33448520315191388 1.00000 7 
 fake.rf 1440.00000000 50788.33100838063643678 1.00000 7 
 fake.rf 1440.00000000 50798.27588632072572494 1.00000 7 
 fake.rf 1440.00000000 50808.29207258778404466 1.00000 7 
 fake.rf 1440.00000000 50818.24192407164053265 1.00000 7 
 fake.rf 1440.00000000 50828.17795549576507241 1.00000 7 
 fake.rf 1440.00000000 50838.15489068816004803 1.00000 7 
 fake.rf 1440.00000000 50848.16915834104189997 1.00000 7 
 fake.rf 1440.00000000 50858.15030142234302701 1.00000 7 
 fake.rf 1440.00000000 50868.06763008170761253 1.00000 7 
 fake.rf 1440.00000000 50878.08557677645496042 1.00000 7 
 fake.rf 1440.00000000 50888.03024662878470963 1.00000 7 
 fake.rf 1440.00000000 50897.98045910233853562 1.00000 7 
 fake.rf 1440.00000000 50907.98380711841596380 1.00000 7 
 fake.rf 1440.00000000 50917.95078078991533133 1.00000 7 
 fake.rf 1440.00000000 50927.90669542474867271 1.00000 7 
 fake.rf 1440.00000000 50937.91431744484498978 1.00000 7 
 fake.rf 1440.00000000 50947.84664562910840857 1.00000 7 
 fake.rf 1440.00000000 50957.86313573957481893 1.00000 7 
 fake.rf 1440.00000000 50967.80113721202091881 1.00000 7 
 fake.rf 1440.00000000 50977.78471188764143562 1.00000 7 
 fake.rf 1440.00000000 50987.73851146177852911 1.00000 7 
 fake.rf 1440.00000000 50997.74691390252061041 1.00000 7 
 fake.rf 1440.00000000 51007.74183168888124484 1.00000 7 
 fake.rf 1440.00000000 51017.65332509306055897 1.00000 7 
 fake.rf 1440.00000000 51027.62853109148764830 1.00000 7 
 fake.rf 1440.00000000 51037.66559912607394978 1.00000 7 
 fake.rf 1440.00000000 51047.57717792194548423 1.00000 7 
 fake.rf 1440.00000000 51057.56987205413772202 1.00000 7 
 fake.rf 1440.00000000 51067.55999498119015456 1.00000 7 
 fake.rf 1440.00000000 51077.51705375238731577 1.00000 7 
 fake.rf 1440.00000000 51087.51796083188957809 1.00000 7 
 fake.rf 1440.00000000 51097.44857795456614369 1.00000 7 
 fake.rf 1440.00000000 51107.46115228816816867 1.00000 7 
 fake.rf 1440.00000000 51117.42221664049905172 1.00000 7 
 fake.rf 1440.00000000 51127.41332290674988670 1.00000 7 
 fake.rf 1440.00000000 51137.38923303722848956 1.00000 7 
 fake.rf 1440.00000000 51147.35453690846972918 1.00000 7 
 fake.rf 1440.00000000 51157.30388180123692621 1.00000 7 
 fake.rf 1440.00000000 51167.28823935425284475 1.00000 7 
 fake.rf 1440.00000000 51177.28150951449465822 1.00000 7 
 fake.rf 1440.00000000 51187.19277210825852009 1.00000 7 
 fake.rf 1440.00000000 51197.23243717071837011 1.00000 7 
 fake.rf 1440.00000000 51207.20322418894474481 1.00000 7 
 fake.rf 1440.00000000 51217.14513910071131519 1.00000 7 
 fake.rf 1440.00000000 51227.09574885105777753 1.00000 7 
 fake.rf 1440.00000000 51237.04975479741526811 1.00000 7 
 fake.rf 1440.00000000 51247.02659613040282593 1.00000 7 
 fake.rf 1440.00000000 51257.02017170401415669 1.00000 7 
 fake.rf 1440.00000000 51267.01797208737307443 1.00000 7 
 fake.rf 1440.00000000 51276.96011921459861327 1.00000 7 
 fake.rf 1440.00000000 51286.96457381203272874 1.00000 7 
 fake.rf 1440.00000000 51296.94347809912166625 1.00000 7 
 fake.rf 1440.00000000 51306.92133198173701913 1.00000 7 
 fake.rf 1440.00000000 51316.86467541449237828 1.00000 7 
 fake.rf 1440.00000000 51326.86571071163941227 1.00000 7 
 fake.rf 1440.00000000 51336.84607496947984728 1.00000 7 
 fake.rf 1440.00000000 51346.77045741586305283 1.00000 7 
 fake.rf 1440.00000000 51356.79370922007808886 1.00000 7 
 fake.rf 1440.00000000 51366.71073858761443987 1.00000 7 
 fake.rf 1440.00000000 51376.73588163391038464 1.00000 7 
 fake.rf 1440.00000000 51386.66016316914858919 1.00000 7 
 fake.rf 1440.00000000 51396.68873730984023851 1.00000 7 
 fake.rf 1440.00000000 51406.58846845020987359 1.00000 7 
 fake.rf 1440.00000000 51416.63596202392921342 1.00000 7 
 fake.rf 1440.00000000 51426.56957149189630840 1.00000 7 
 fake.rf 1440.00000000 51436.57104657009260151 1.00000 7 
 fake.rf 1440.00000000 51446.53842126351120356 1.00000 7 
 fake.rf 1440.00000000 51456.46463895205929973 1.00000 7 
 fake.rf 1440.00000000 51466.44276325688303331 1.00000 7 
 fake.rf 1440.00000000 51476.42179982668329430 1.00000 7 
 fake.rf 1440.00000000 51486.36859203275811225 1.00000 7 
 fake.rf 1440.00000000 51496.36861659883602016 1.00000 7 
 fake.rf 1440.00000000 51506.33128923194031046 1.00000 7 
 fake.rf 1440.00000000 51516.35950608683663177 1.00000 7 
 fake.rf 1440.00000000 51526.32874992738195985 1.00000 7 
 fake.rf 1440.00000000 51536.26933662393070534 1.00000 7 
 fake.rf 1440.00000000 51546.27886377816992081 1.00000 7 
 fake.rf 1440.00000000 51556.25225324052429343 1.00000 7 
 fake.rf 1440.00000000 51566.21371986013056699 1.00000 7 
 fake.rf 1440.00000000 51576.16501843265234939 1.00000 7 
 fake.rf 1440.00000000 51586.10785935344124198 1.00000 7 
 fake.rf 1440.00000000 51596.10108491182843338 1.00000 7 
 fake.rf 1440.00000000 51606.05859206528509020 1.00000 7 
 fake.rf 1440.00000000 51616.08992454397696292 1.00000 7 
 fake.rf 1440.00000000 51626.05379785434420725 1.00000 7 
 fake.rf 1440.00000000 51635.95631131938714731 1.00000 7 
 fake.rf 1440.00000000 51645.99531240880481420 1.00000 7 
 fake.rf 1440.00000000 51655.91087248990460878 1.00000 7 
 fake.rf 1440.00000000 51665.94727543307519468 1.00000 7 
 fake.rf 1440.00000000 51675.84727687137691277 1.00000 7 
 fake.rf 1440.00000000 51685.89861765668462823 1.00000 7 
 fake.rf 1440.00000000 51695.80327313503122966 1.00000 7 
 fake.rf 1440.00000000 51705.84248639119655166 1.00000 7 
 fake.rf 1440.00000000 51715.82086264103410755 1.00000 7 
 fake.rf 1440.00000000 51725.71698269132004810 1.00000 7 
 fake.rf 1440.00000000 51735.71710977951066823 1.00000 7 
 fake.rf 1440.00000000 51745.72426542986586639 1.00000 7 
 fake.rf 1440.00000000 51755.69839784792355530 1.00000 7 
 fake.rf 1440.00000000 51765.65204694429806054 1.00000 7 
 fake.rf 1440.00000000 51775.58129789484021899 1.00000 7 
 fake.rf 1440.00000000 51785.56177121065200453 1.00000 7 
 fake.rf 1440.00000000 51795.57285017469154198 1.00000 7 
 fake.rf 1440.00000000 51805.52943004082715106 1.00000 7 
 fake.rf 1440.00000000 51815.49988027479024311 1.00000 7 
 fake.rf 1440.00000000 51825.48314714024838779 1.00000 7 
 fake.rf 1440.00000000 51835.43627517610406130 1.00000 7 
 fake.rf 1440.00000000 51845.45794977165882145 1.00000 7 
 fake.rf 1440.00000000 51855.39471479456043568 1.00000 7 
 fake.rf 1440.00000000 51865.34853662899937277 1.00000 7 
 fake.rf 1440.00000000 51875.35898221347113335 1.00000 7 
 fake.rf 1440.00000000 51885.27435007038177872 1.00000 7 
 fake.rf 1440.00000000 51895.28165053537946605 1.00000 7 
 fake.rf 1440.00000000 51905.22929263306982506 1.00000 7 
 fake.rf 1440.00000000 51915.21280533920886313 1.00000 7 
 fake.rf 1440.00000000 51925.19540928160434490 1.00000 7 
 fake.rf 1440.00000000 51935.21756239393359422 1.00000 7 
 fake.rf 1440.00000000 51945.13089290042364965 1.00000 7 
 fake.rf 1440.00000000 51955.09646891728539941 1.00000 7 
 fake.rf 1440.00000000 51965.06148642530704862 1.00000 7 
 fake.rf 1440.00000000 51975.03852416777381507 1.00000 7 
 fake.rf 1440.00000000 51985.01473933609306499 1.00000 7 
 fake.rf 1440.00000000 51994.97506861656660249 1.00000 7 
 fake.rf 1440.00000000 52004.96739952555523345 1.00000 7 
 fake.rf 1440.00000000 52014.92679892130963637 1.00000 7 
 fake.rf 1440.00000000 52024.89280882406922046 1.00000 7 
 fake.rf 1440.00000000 52034.89189742411805284 1.00000 7 
 fake.rf 1440.00000000 52044.87872826050984187 1.00000 7 
 fake.rf 1440.00000000 52054.87919813724506923 1.00000 7 
 fake.rf 1440.00000000 52064.79639013863374331 1.00000 7 
 fake.rf 1440.00000000 52074.76417439367942208 1.00000 7 
 fake.rf 1440.00000000 52084.80453289600411537 1.00000 7 
 fake.rf 1440.00000000 52094.72950254937711989 1.00000 7 
 fake.rf 1440.00000000 52104.73567012960902645 1.00000 7 
 fake.rf 1440.00000000 52114.67657948286862890 1.00000 7 
 fake.rf 1440.00000000 52124.68263704474419740 1.00000 7 
 fake.rf 1440.00000000 52134.61604245180795303 1.00000 7 
 fake.rf 1440.00000000 52144.62071752086450971 1.00000 7 
 fake.rf 1440.00000000 52154.59242072434651405 1.00000 7 
 fake.rf 1440.00000000 52164.57322879948629080 1.00000 7 
 fake.rf 1440.00000000 52174.55903003707085475 1.00000 7 
 fake.rf 1440.00000000 52184.48514977849653107 1.00000 7 
 fake.rf 1440.00000000 52194.49196343095088224 1.00000 7 
 fake.rf 1440.00000000 52204.42903613107735694 1.00000 7 
 fake.rf 1440.00000000 52214.41343562180516358 1.00000 7 
 fake.rf 1440.00000000 52224.34773299718299810 1.00000 7 
 fake.rf 1440.00000000 52234.37804728400246290 1.00000 7 
 fake.rf 1440.00000000 52244.32857087533735196 1.00000 7 
 fake.rf 1440.00000000 52254.28683642086676642 1.00000 7 
 fake.rf 1440.00000000 52264.31003107933813823 1.00000 7 
 fake.rf 1440.00000000 52274.25287652763701374 1.00000 7 
 fake.rf 1440.00000000 52284.21548413457585980 1.00000 7 
 fake.rf 1440.00000000 52294.15886494241627247 1.00000 7 
 fake.rf 1440.00000000 52304.17267731826179755 1.00000 7 
 fake.rf 1440.00000000 52314.15492021351209573 1.00000 7 
 fake.rf 1440.00000000 52324.08500474930949409 1.00000 7 
 fake.rf 1440.00000000 52334.09213135154734431 1.00000 7 
 fake.rf 1440.00000000 52344.10076717474959906 1.00000 7 
 fake.rf 1440.00000000 52354.04498688664295258 1.00000 7 
 fake.rf 1440.00000000 52363.99655435056180153 1.00000 7 
 fake.rf 1440.00000000 52373.94968651210101740 1.00000 7 
 fake.rf 1440.00000000 52383.97232814345057506 1.00000 7 
 fake.rf 1440.00000000 52393.90822512415283185 1.00000 7 
 fake.rf 1440.00000000 52403.89696461802654426 1.00000 7 
 fake.rf 1440.00000000 52413.86974481502239342 1.00000 7 
 fake.rf 1440.00000000 52423.85718882440118449 1.00000 7 
 fake.rf 1440.00000000 52433.79595684445628123 1.00000 7 
 fake.rf 1440.00000000 52443.81278015219774602 1.00000 7 
 fake.rf 1440.00000000 52453.74887022461886232 1.00000 7 
 fake.rf 1440.00000000 52463.76997910780012191 1.00000 7 
 fake.rf 1440.00000000 52473.71158147632200652 1.00000 7 
 fake.rf 1440.00000000 52483.66077713875956334 1.00000 7 
 fake.rf 1440.00000000 52493.63531010601920102 1.00000 7 
 fake.rf 1440.00000000 52503.61103043742274821 1.00000 7 
 fake.rf 1440.00000000 52513.60793648608902373 1.00000 7 
 fake.rf 1440.00000000 52523.59417324799805371 1.00000 7 
 fake.rf 1440.00000000 52533.53149529567831877 1.00000 7 
 fake.rf 1440.00000000 52543.50268664530636542 1.00000 7 
 fake.rf 1440.00000000 52553.46675134597946411 1.00000 7 
 fake.rf 1440.00000000 52563.47297660885667980 1.00000 7 
 fake.rf 1440.00000000 52573.41133358786160201 1.00000 7 
 fake.rf 1440.00000000 52583.42888139964624017 1.00000 7 
 fake.rf 1440.00000000 52593.34168526914592334 1.00000 7 
 fake.rf 1440.00000000 52603.33406074437420585 1.00000 7 
 fake.rf 1440.00000000 52613.30939193977785351 1.00000 7 
 fake.rf 1440.00000000 52623.31507635501205655 1.00000 7 
 fake.rf 1440.00000000 52633.26484073678933129 1.00000 7 
 fake.rf 1440.00000000 52643.27460282468036112 1.00000 7 
 fake.rf 1440.00000000 52653.23289405756771586 1.00000 7 
 fake.rf 1440.00000000 52663.15418247454719136 1.00000 7 
 fake.rf 1440.00000000 52673.14281638872488855 1.00000 7 
 fake.rf 1440.00000000 52683.16487746165535100 1.00000 7 
 fake.rf 1440.00000000 52693.13611182866802807 1.00000 7 
 fake.rf 1440.00000000 52703.08794704410622245 1.00000 7 
 fake.rf 1440.00000000 52713.04271860810948880 1.00000 7 
 fake.rf 1440.00000000 52723.01403749975699853 1.00000 7 
 fake.rf 1440.00000000 52732.98062109958650012 1.00000 7 
 fake.rf 1440.00000000 52742.98479831766059078 1.00000 7 
 fake.rf 1440.00000000 52752.91691153206716436 1.00000 7 
 fake.rf 1440.00000000 52762.93022286645182817 1.00000 7 
 fake.rf 1440.00000000 52772.89947994629928729 1.00000 7 
 fake.rf 1440.00000000 52782.88383320903071549 1.00000 7 
 fake.rf 1440.00000000 52792.79031121826727002 1.00000 7 
 fake.rf 1440.00000000 52802.84473892338621326 1.00000 7 
 fake.rf 1440.00000000 52812.74878355771829064 1.00000 7 
 fake.rf 1440.00000000 52822.76280521391710820 1.00000 7 
 fake.rf 1440.00000000 52832.74744072180889276 1.00000 7 
 fake.rf 1440.00000000 52842.69944505791358935 1.00000 7 
 fake.rf 1440.00000000 52852.62862906528381401 1.00000 7 
 fake.rf 1440.00000000 52862.60463358975519199 1.00000 7 
 fake.rf 1440.00000000 52872.59016750038229304 1.00000 7 
 fake.rf 1440.00000000 52882.56834617486264349 1.00000 7 
 fake.rf 1440.00000000 52892.58920286861612325 1.00000 7 
 fake.rf 1440.00000000 52902.51484498375362975 1.00000 7 
 fake.rf 1440.00000000 52912.51270346440022507 1.00000 7 
 fake.rf 1440.00000000 52922.45286235156454779 1.00000 7 
 fake.rf 1440.00000000 52932.41149320413470036 1.00000 7 
 fake.rf 1440.00000000 52942.38642038450450400 1.00000 7 
 fake.rf 1440.00000000 52952.36364570471963376 1.00000 7 
 fake.rf 1440.00000000 52962.39120546720185700 1.00000 7 
 fake.rf 1440.00000000 52972.31472541392934517 1.00000 7 
 fake.rf 1440.00000000 52982.30788897965473438 1.00000 7 
 fake.rf 1440.00000000 52992.30148077100121640 1.00000 7 
 fake.rf 1440.00000000 53002.22353944041918794 1.00000 7 
 fake.rf 1440.00000000 53012.19584254798403578 1.00000 7 
 fake.rf 1440.00000000 53022.17151022452010523 1.00000 7 
 fake.rf 1440.00000000 53032.17552546968937932 1.00000 7 
 fake.rf 1440.00000000 53042.14171649861959779 1.00000 7 
 fake.rf 1440.00000000 53052.14886573696112038 1.00000 7 
 fake.rf 1440.00000000 53062.11229853613366458 1.00000 7 
 fake.rf 1440.00000000 53072.03577190427680321 1.00000 7 
 fake.rf 1440.00000000 53082.03948258100048463 1.00000 7 
 fake.rf 1440.00000000 53092.01457294819403998 1.00000 7 
 fake.rf 1440.00000000 53101.95516195278874250 1.00000 7 
 fake.rf 1440.00000000 53111.95727134762667632 1.00000 7 
 fake.rf 1440.00000000 53121.94704401961876172 1.00000 7 
 fake.rf 1440.00000000 53131.92895903465480956 1.00000 7 
 fake.rf 1440.00000000 53141.85967492943239421 1.00000 7 
 fake.rf 1440.00000000 53151.82875628109921351 1.00000 7 
 fake.rf 1440.00000000 53161.85049293998725517 1.00000 7 
 fake.rf 1440.00000000 53171.78451775448243311 1.00000 7 
 fake.rf 1440.00000000 53181.76643732687186272 1.00000 7 
 fake.rf 1440.00000000 53191.71032367413698339 1.00000 7 
 fake.rf 1440.00000000 53201.69250948815080449 1.00000 7 
 fake.rf 1440.00000000 53211.71070885281383767 1.00000 7 
 fake.rf 1440.00000000 53221.67975800188260393 1.00000 7 
 fake.rf 1440.00000000 53231.62940700647668635 1.00000 7 
 fake.rf 1440.00000000 53241.63354156949220908 1.00000 7 
 fake.rf 1440.00000000 53251.60482226678379192 1.00000 7 
 fake.rf 1440.00000000 53261.55900092801517332 1.00000 7 
 fake.rf 1440.00000000 53271.53466624116399331 1.00000 7 
 fake.rf 1440.00000000 53281.45677119498937202 1.00000 7 
 fake.rf 1440.00000000 53291.43141774604237781 1.00000 7 
 fake.rf 1440.00000000 53301.42797918697389292 1.00000 7 
 fake.rf 1440.00000000 53311.38278049345588627 1.00000 7 
 fake.rf 1440.00000000 53321.35703449165691836 1.00000 7 
 fake.rf 1440.00000000 53331.35656794452346219 1.00000 7 
 fake.rf 1440.00000000 53341.34268882927984379 1.00000 7 
 fake.rf 1440.00000000 53351.31043822853563796 1.00000 7 
 fake.rf 1440.00000000 53361.26109187116336585 1.00000 7 
 fake.rf 1440.00000000 53371.23794988756225877 1.00000 7 
 fake.rf 1440.00000000 53381.23981028288340767 1.00000 7 
 fake.rf 1440.00000000 53391.22147896184643301 1.00000 7 
 fake.rf 1440.00000000 53401.20073172093582059 1.00000 7 
 fake.rf 1440.00000000 53411.17048544505346541 1.00000 7 
 fake.rf 1440.00000000 53421.09823451857250731 1.00000 7 
 fake.rf 1440.00000000 53431.09456429239265063 1.00000 7 
 fake.rf 1440.00000000 53441.07353735601940059 1.00000 7 
 fake.rf 1440.00000000 53451.04263998127878921 1.00000 7 
 fake.rf 1440.00000000 53461.03535542757011712 1.00000 7 
 fake.rf 1440.00000000 53470.98003616764469825 1.00000 7 
 fake.rf 1440.00000000 53480.91046793107607726 1.00000 7 
 fake.rf 1440.00000000 53490.91240727558605883 1.00000 7 
 fake.rf 1440.00000000 53500.91161203171332517 1.00000 7 
 fake.rf 1440.00000000 53510.85153392095163838 1.00000 7 
 fake.rf 1440.00000000 53520.81564367716835307 1.00000 7 
 fake.rf 1440.00000000 53530.81120191800610542 1.00000 7 
 fake.rf 1440.00000000 53540.81141045775858345 1.00000 7 
 fake.rf 1440.00000000 53550.72362577161954178 1.00000 7 
 fake.rf 1440.00000000 53560.71776904386759099 1.00000 7 
 fake.rf 1440.00000000 53570.69946060092252793 1.00000 7 
 fake.rf 1440.00000000 53580.69797886039841117 1.00000 7 
 fake.rf 1440.00000000 53590.64153143449804162 1.00000 7 
 fake.rf 1440.00000000 53600.62517385404611758 1.00000 7 
 fake.rf 1440.00000000 53610.56422454996831917 1.00000 7 
 fake.rf 1440.00000000 53620.57321612203116956 1.00000 7 
 fake.rf 1440.00000000 53630.55841688871212369 1.00000 7 
 fake.rf 1440.00000000 53640.52430535086512364 1.00000 7 
 fake.rf 1440.00000000 53650.46338880676369598 1.00000 7 
 fake.rf 1440.00000000 53660.44364331472370111 1.00000 7 
