FORMAT 1
MODE 1
 fake.rf 1440.00000000 50000.44215848525837131 1.00000 7 
 fake.rf 1440.00000000 50010.45200465984762062 1.00000 7 
 fake.rf 1440.00000000 50020.39230731340576597 1.00000 7 
 fake.rf 1440.00000000 50030.36372429362844017 1.00000 7 
 fake.rf 1440.00000000 50040.32698625018500138 1.00000 7 
 fake.rf 1440.00000000 50050.35918983381279546 1.00000 7 
 fake.rf 1440.00000000 50060.32041290215287077 1.00000 7 
 fake.rf 1440.00000000 50070.25702466569111238 1.00000 7 
 fake.rf 1440.00000000 50080.27059148940999478 1.00000 7 
 fake.rf 1440.00000000 50090.22027111450424641 1.00000 7 
 fake.rf 1440.00000000 50100.19934768543750181 1.00000 7 
 fake.rf 1440.00000000 50110.15942055902891283 1.00000 7 
 fake.rf 1440.00000000 50120.15412327884422083 1.00000 7 
 fake.rf 1440.00000000 50130.11443433146209614 1.00000 7 
 fake.rf 1440.00000000 50140.05056097275070570 1.00000 7 
 fake.rf 1440.00000000 50150.02625938960904861 1.00000 7 
 fake.rf 1440.00000000 50160.02232897753392749 1.00000 7 
 fake.rf 1440.00000000 50169.98822573408580894 1.00000 7 
 fake.rf 1440.00000000 50180.00889578383854683 1.00000 7 
 fake.rf 1440.00000000 50189.94281108934698565 1.00000 7 
 fake.rf 1440.00000000 50199.96472909672035811 1.00000 7 
 fake.rf 1440.00000000 50209.91854259609555911 1.00000 7 
 fake.rf 1440.00000000 50219.90004271014150561 1.00000 7 
 fake.rf 1440.00000000 50229.81715976695208070 1.00000 7 
 fake.rf 1440.00000000 50239.84381351636767121 1.00000 7 
 fake.rf 1440.00000000 50249.79615380553190462 1.00000 7 
 fake.rf 1440.00000000 50259.79144544341873413 1.00000 7 
 fake.rf 1440.00000000 50269.76588959110485533 1.00000 7 
 fake.rf 1440.00000000 50279.66440905327410604 1.00000 7 
 fake.rf 1440.00000000 50289.70216057331947468 1.00000 7 
 fake.rf 1440.00000000 50299.65029979324684817 1.00000 7 
 fake.rf 1440.00000000 50309.59581392107745401 1.00000 7 
 fake.rf 1440.00000000 50319.58738202350571100 1.00000 7 
 fake.rf 1440.00000000 50329.58646198299733854 1.00000 7 
 fake.rf 1440.00000000 50339.53069759091732749 1.00000 7 
 fake.rf 1440.00000000 50349.51283191144074891 1.00000 7 
 fake.rf 1440.00000000 50359.48808631530306101 1.00000 7 
 fake.rf 1440.00000000 50369.42084929533155702 1.00000 7 
 fake.rf 1440.00000000 50379.45023325411090198 1.00000 7 
 fake.rf 1440.00000000 50389.38302532447512050 1.00000 7 
 fake.rf 1440.00000000 50399.37610556207217982 1.00000 7 
 fake.rf 1440.00000000 50409.32853702798753304 1.00000 7 
 fake.rf 1440.00000000 50419.33203963172798012 1.00000 7 
 fake.rf 1440.00000000 50429.26379368014745452 1.00000 7 
 fake.rf 1440.00000000 50439.28717395147698355 1.00000 7 
 fake.rf 1440.00000000 50449.25410751728486858 1.00000 7 
 fake.rf 1440.00000000 50459.18886455549103331 1.00000 7 
 fake.rf 1440.00000000 50469.15228488966736364 1.00000 7 
 fake.rf 1440.00000000 50479.19575328116830093 1.00000 7 
 fake.rf 1440.00000000 50489.09515104152859166 1.00000 7 
 fake.rf 1440.00000000 50499.10312440247886201 1.00000 7 
 fake.rf 1440.00000000 50509.11248199086846711 1.00000 7 
 fake.rf 1440.00000000 50519.07633109514804204 1.00000 7 
 fake.rf 1440.00000000 50529.00977553738797710 1.00000 7 
 fake.rf 1440.00000000 50538.96355426849621395 1.00000 7 
 fake.rf 1440.00000000 50548.98136138245927285 1.00000 7 
 fake.rf 1440.00000000 50558.97778368298156337 1.00000 7 
 fake.rf 1440.00000000 50568.95415871459598378 1.00000 7 
 fake.rf 1440.00000000 50578.89038094036466831 1.00000 7 
 fake.rf 1440.00000000 50588.89596040495278828 1.00000 7 
 fake.rf 1440.00000000 50598.85405761772099709 1.00000 7 
 fake.rf 1440.00000000 50608.76572346648734424 1.00000 7 
 fake.rf 1440.00000000 50618.74412152267864684 1.00000 7 
 fake.rf 1440.00000000 50628.72109112105353290 1.00000 7 
 fake.rf 1440.00000000 50638.74247457368367975 1.00000 7 
 fake.rf 1440.00000000 50648.69241248443834635 1.00000 7 
 fake.rf 1440.00000000 50658.67882083945541893 1.00000 7 
 fake.rf 1440.00000000 50668.61942971795174984 1.00000 7 
 fake.rf 1440.00000000 50678.61276828363450520 1.00000 7 
 fake.rf 1440.00000000 50688.57253159083940020 1.00000 7 
 fake.rf 1440.00000000 50698.55657029406801328 1.00000 7 
 fake.rf 1440.00000000 50708.57029305490972604 1.00000 7 
 fake.rf 1440.00000000 50718.50979218838339335 1.00000 7 
 fake.rf 1440.00000000 50728.44130492129013632 1.00000 7 
 fake.rf 1440.00000000 50738.41408596018134602 1.00000 7 
 fake.rf 1440.00000000 50748.40426967486865450 1.00000 7 
 fake.rf 1440.00000000 50758.41335361020249550 1.00000 7 
 fake.rf 1440.00000000 50768.34819588798724510 1.00000 7 
 fake.rf 1440.00000000 50778.32910463785406918 1.00000 7 
 fake.rf 1440.00000000 50788.32562756070410970 1.00000 7 
 fake.rf 1440.00000000 50798.27050580191151141 1.00000 7 
 fake.rf 1440.00000000 50808.28669211474295153 1.00000 7 
 fake.rf 1440.00000000 50818.23654333919308357 1.00000 7 
 fake.rf 1440.00000000 50828.17257498777679459 1.00000 7 
 fake.rf 1440.00000000 50838.14951015419316604 1.00000 7 
 fake.rf 1440.00000000 50848.16377770984304973 1.00000 7 
 fake.rf 1440.00000000 50858.14492061401317002 1.00000 7 
 fake.rf 1440.00000000 50868.06224942079312257 1.00000 7 
 fake.rf 1440.00000000 50878.08019608902725039 1.00000 7 
 fake.rf 1440.00000000 50888.02486616675035336 1.00000 7 
 fake.rf 1440.00000000 50897.97507837578618961 1.00000 7 
 fake.rf 1440.00000000 50907.97842628315266822 1.00000 7 
 fake.rf 1440.00000000 50917.94540024576466308 1.00000 7 
 fake.rf 1440.00000000 50927.90131460996761348 1.00000 7 
 fake.rf 1440.00000000 50937.90893668747515122 1.00000 7 
 fake.rf 1440.00000000 50947.84126488007448685 1.00000 7 
 fake.rf 1440.00000000 50957.85775500594101928 1.00000 7 
 fake.rf 1440.00000000 50967.79575650473919168 1.00000 7 
 fake.rf 1440.00000000 50977.77933126372529316 1.00000 7 
 fake.rf 1440.00000000 50987.73313075689965146 1.00000 7 
 fake.rf 1440.00000000 50997.74153321839657238 1.00000 7 
 fake.rf 1440.00000000 51007.73645104101615289 1.00000 7 
 fake.rf 1440.00000000 51017.64794444809557561 1.00000 7 
 fake.rf 1440.00000000 51027.62315030130585569 1.00000 7 
 fake.rf 1440.00000000 51037.66021855844536859 1.00000 7 
 fake.rf 1440.00000000 51047.57179743386597792 1.00000 7 
 fake.rf 1440.00000000 51057.56449134800769585 1.00000 7 
 fake.rf 1440.00000000 51067.55461453930533722 1.00000 7 
 fake.rf 1440.00000000 51077.51167291028296091 1.00000 7 
 fake.rf 1440.00000000 51087.51258017571356262 1.00000 7 
 fake.rf 1440.00000000 51097.44319711611878887 1.00000 7 
 fake.rf 1440.00000000 51107.45577170207127438 1.00000 7 
 fake.rf 1440.00000000 51117.41683595006112029 1.00000 7 
 fake.rf 1440.00000000 51127.40794235165337511 1.00000 7 
 fake.rf 1440.00000000 51137.38385234135546042 1.00000 7 
 fake.rf 1440.00000000 51147.34915616170812669 1.00000 7 
 fake.rf 1440.00000000 51157.29850126329782967 1.00000 7 
 fake.rf 1440.00000000 51167.28285887620731032 1.00000 7 
 fake.rf 1440.00000000 51177.27612902277316564 1.00000 7 
 fake.rf 1440.00000000 51187.18739134566953553 1.00000 7 
 fake.rf 1440.00000000 51197.22705649607007317 1.00000 7 
 fake.rf 1440.00000000 51207.19784366714698010 1.00000 7 
 fake.rf 1440.00000000 51217.13975836437368017 1.00000 7 
 fake.rf 1440.00000000 51227.09036826569675682 1.00000 7 
 fake.rf 1440.00000000 51237.04437410506717754 1.00000 7 
 fake.rf 1440.00000000 51247.02121556820060277 1.00000 7 
 fake.rf 1440.00000000 51257.01479090502054703 1.00000 7 
 fake.rf 1440.00000000 51267.01259154732704459 1.00000 7 
 fake.rf 1440.00000000 51276.95473842521915842 1.00000 7 
 fake.rf 1440.00000000 51286.95919315614109024 1.00000 7 
 fake.rf 1440.00000000 51296.93809743060227291 1.00000 7 
 fake.rf 1440.00000000 51306.91595124799218297 1.00000 7 
 fake.rf 1440.00000000 51316.85929476011347106 1.00000 7 
 fake.rf 1440.00000000 51326.86033024422187054 1.00000 7 
 fake.rf 1440.00000000 51336.84069416691684395 1.00000 7 
 fake.rf 1440.00000000 51346.76507690672094597 1.00000 7 
 fake.rf 1440.00000000 51356.78832850687907907 1.00000 7 
 fake.rf 1440.00000000 51366.70535780955893657 1.00000 7 
 fake.rf 1440.00000000 51376.73050100221268366 1.00000 7 
 fake.rf 1440.00000000 51386.65478234242970146 1.00000 7 
 fake.rf 1440.00000000 51396.68335649041661384 1.00000 7 
 fake.rf 1440.00000000 51406.58308782995569786 1.00000 7 
 fake.rf 1440.00000000 51416.63058121373655851 1.00000 7 
 fake.rf 1440.00000000 51426.56419084760011984 1.00000 7 
 fake.rf 1440.00000000 51436.56566591041326930 1.00000 7 
 fake.rf 1440.00000000 51446.53304062323244494 1.00000 7 
 fake.rf 1440.00000000 51456.45925824224537592 1.00000 7 
 fake.rf 1440.00000000 51466.43738247144930043 1.00000 7 
 fake.rf 1440.00000000 51476.41641903921320633 1.00000 7 
 fake.rf 1440.00000000 51486.36321136185504344 1.00000 7 
 fake.rf 1440.00000000 51496.36323589970862713 1.00000 7 
 fake.rf 1440.00000000 51506.32590845580063643 1.00000 7 
 fake.rf 1440.00000000 51516.35412548386196363 1.00000 7 
 fake.rf 1440.00000000 51526.32336921359584991 1.00000 7 
 fake.rf 1440.00000000 51536.26395580817592545 1.00000 7 
 fake.rf 1440.00000000 51546.27348324565475934 1.00000 7 
 fake.rf 1440.00000000 51556.24687277600334667 1.00000 7 
 fake.rf 1440.00000000 51566.20833930246217491 1.00000 7 
 fake.rf 1440.00000000 51576.15963768066318096 1.00000 7 
 fake.rf 1440.00000000 51586.10247854146594548 1.00000 7 
 fake.rf 1440.00000000 51596.09570424534742372 1.00000 7 
 fake.rf 1440.00000000 51606.05321129283886705 1.00000 7 
 fake.rf 1440.00000000 51616.08454378289555109 1.00000 7 
 fake.rf 1440.00000000 51626.04841712223371886 1.00000 7 
 fake.rf 1440.00000000 51635.95093083753562979 1.00000 7 
 fake.rf 1440.00000000 51645.98993179729253455 1.00000 7 
 fake.rf 1440.00000000 51655.90549179316104755 1.00000 7 
 fake.rf 1440.00000000 51665.94189477014203860 1.00000 7 
 fake.rf 1440.00000000 51675.84189623833883687 1.00000 7 
 fake.rf 1440.00000000 51685.89323683337390847 1.00000 7 
 fake.rf 1440.00000000 51695.79789264536511695 1.00000 7 
 fake.rf 1440.00000000 51705.83710589217590226 1.00000 7 
 fake.rf 1440.00000000 51715.81548194306485655 1.00000 7 
 fake.rf 1440.00000000 51725.71160218413693244 1.00000 7 
 fake.rf 1440.00000000 51735.71172899832810543 1.00000 7 
 fake.rf 1440.00000000 51745.71888480783454156 1.00000 7 
 fake.rf 1440.00000000 51755.69301710840203157 1.00000 7 
 fake.rf 1440.00000000 51765.64666641207948672 1.00000 7 
 fake.rf 1440.00000000 51775.57591744642149223 1.00000 7 
 fake.rf 1440.00000000 51785.55639043491498441 1.00000 7 
 fake.rf 1440.00000000 51795.56746956411961946 1.00000 7 
 fake.rf 1440.00000000 51805.52404930849107600 1.00000 7 
 fake.rf 1440.00000000 51815.49449964152070436 1.00000 7 
 fake.rf 1440.00000000 51825.47776661297119105 1.00000 7 
 fake.rf 1440.00000000 51835.43089462014294000 1.00000 7 
 fake.rf 1440.00000000 51845.45256932350237022 1.00000 7 
 fake.rf 1440.00000000 51855.38933406085152100 1.00000 7 
 fake.rf 1440.00000000 51865.34315598869720532 1.00000 7 
 fake.rf 1440.00000000 51875.35360165321189285 1.00000 7 
 fake.rf 1440.00000000 51885.26896938705646534 1.00000 7 
 fake.rf 1440.00000000 51895.27626980642407517 1.00000 7 
 fake.rf 1440.00000000 51905.22391217899881966 1.00000 7 
 fake.rf 1440.00000000 51915.20742480914083572 1.00000 7 
 fake.rf 1440.00000000 51925.19002853694991018 1.00000 7 
 fake.rf 1440.00000000 51935.21218188551346273 1.00000 7 
 fake.rf 1440.00000000 51945.12551228556628047 1.00000 7 
 fake.rf 1440.00000000 51955.09108829670797292 1.00000 7 
 fake.rf 1440.00000000 51965.05610568664316773 1.00000 7 
 fake.rf 1440.00000000 51975.03314363876982185 1.00000 7 
 fake.rf 1440.00000000 51985.00935871505487640 1.00000 7 
 fake.rf 1440.00000000 51994.96968779298130414 1.00000 7 
 fake.rf 1440.00000000 52004.96201877450200612 1.00000 7 
 fake.rf 1440.00000000 52014.92141840325959024 1.00000 7 
 fake.rf 1440.00000000 52024.88742832566708785 1.00000 7 
 fake.rf 1440.00000000 52034.88651685760446952 1.00000 7 
 fake.rf 1440.00000000 52044.87334756704460048 1.00000 7 
 fake.rf 1440.00000000 52054.87381761720835982 1.00000 7 
 fake.rf 1440.00000000 52064.79100946125955218 1.00000 7 
 fake.rf 1440.00000000 52074.75879369221422621 1.00000 7 
 fake.rf 1440.00000000 52084.79915244704448796 1.00000 7 
 fake.rf 1440.00000000 52094.72412184269373370 1.00000 7 
 fake.rf 1440.00000000 52104.73028962485957649 1.00000 7 
 fake.rf 1440.00000000 52114.67119901186432429 1.00000 7 
 fake.rf 1440.00000000 52124.67725645431437798 1.00000 7 
 fake.rf 1440.00000000 52134.61066169579779483 1.00000 7 
 fake.rf 1440.00000000 52144.61533675328680459 1.00000 7 
 fake.rf 1440.00000000 52154.58704021563372422 1.00000 7 
 fake.rf 1440.00000000 52164.56784808948543741 1.00000 7 
 fake.rf 1440.00000000 52174.55364941885496322 1.00000 7 
 fake.rf 1440.00000000 52184.47976902553990541 1.00000 7 
 fake.rf 1440.00000000 52194.48658296542880208 1.00000 7 
 fake.rf 1440.00000000 52204.42365550940626662 1.00000 7 
 fake.rf 1440.00000000 52214.40805511140148454 1.00000 7 
 fake.rf 1440.00000000 52224.34235246159187227 1.00000 7 
 fake.rf 1440.00000000 52234.37266672323620043 1.00000 7 
 fake.rf 1440.00000000 52244.32319041240547008 1.00000 7 
 fake.rf 1440.00000000 52254.28145595863859185 1.00000 7 
 fake.rf 1440.00000000 52264.30465045053523809 1.00000 7 
 fake.rf 1440.00000000 52274.24749591887345801 1.00000 7 
 fake.rf 1440.00000000 52284.21010344332940178 1.00000 7 
 fake.rf 1440.00000000 52294.15348434317377979 1.00000 7 
 fake.rf 1440.00000000 52304.16729677057429626 1.00000 7 
 fake.rf 1440.00000000 52314.14953951711796520 1.00000 7 
 fake.rf 1440.00000000 52324.07962411859430318 1.00000 7 
 fake.rf 1440.00000000 52334.08675061002930917 1.00000 7 
 fake.rf 1440.00000000 52344.09538658045900661 1.00000 7 
 fake.rf 1440.00000000 52354.03960626527703681 1.00000 7 
 fake.rf 1440.00000000 52363.99117378493980368 1.00000 7 
 fake.rf 1440.00000000 52373.94430593580049660 1.00000 7 
 fake.rf 1440.00000000 52383.96694768813692278 1.00000 7 
 fake.rf 1440.00000000 52393.90284435307483335 1.00000 7 
 fake.rf 1440.00000000 52403.89158405398142548 1.00000 7 
 fake.rf 1440.00000000 52413.86436409995902963 1.00000 7 
 fake.rf 1440.00000000 52423.85180800985970251 1.00000 7 
 fake.rf 1440.00000000 52433.79057621267306999 1.00000 7 
 fake.rf 1440.00000000 52443.80739947075863228 1.00000 7 
 fake.rf 1440.00000000 52453.74348962545272457 1.00000 7 
 fake.rf 1440.00000000 52463.76459831774516829 1.00000 7 
 fake.rf 1440.00000000 52473.70620066980285401 1.00000 7 
 fake.rf 1440.00000000 52483.65539658576985715 1.00000 7 
 fake.rf 1440.00000000 52493.62992937080027289 1.00000 7 
 fake.rf 1440.00000000 52503.60564993314925886 1.00000 7 
 fake.rf 1440.00000000 52513.60255591651624130 1.00000 7 
 fake.rf 1440.00000000 52523.58879246495304827 1.00000 7 
 fake.rf 1440.00000000 52533.52611484308657097 1.00000 7 
 fake.rf 1440.00000000 52543.49730586674060007 1.00000 7 
 fake.rf 1440.00000000 52553.46137070576520500 1.00000 7 
 fake.rf 1440.00000000 52563.46759603507838321 1.00000 7 
 fake.rf 1440.00000000 52573.40595295511946361 1.00000 7 
 fake.rf 1440.00000000 52583.42350086139029486 1.00000 7 
 fake.rf 1440.00000000 52593.33630470987806405 1.00000 7 
 fake.rf 1440.00000000 52603.32867993333065471 1.00000 7 
 fake.rf 1440.00000000 52613.30401138650947246 1.00000 7 
 fake.rf 1440.00000000 52623.30969569117709739 1.00000 7 
 fake.rf 1440.00000000 52633.25945992397494777 1.00000 7 
 fake.rf 1440.00000000 52643.26922221571656735 1.00000 7 
 fake.rf 1440.00000000 52653.22751331751433668 1.00000 7 
 fake.rf 1440.00000000 52663.14880175354467085 1.00000 7 
 fake.rf 1440.00000000 52673.13743586924079310 1.00000 7 
 fake.rf 1440.00000000 52683.15949697072671043 1.00000 7 
 fake.rf 1440.00000000 52693.13073099973937730 1.00000 7 
 fake.rf 1440.00000000 52703.08256656368275017 1.00000 7 
 fake.rf 1440.00000000 52713.03733782508190941 1.00000 7 
 fake.rf 1440.00000000 52723.00865676491453016 1.00000 7 
 fake.rf 1440.00000000 52732.97524059559330922 1.00000 7 
 fake.rf 1440.00000000 52742.97941769011928770 1.00000 7 
 fake.rf 1440.00000000 52752.91153080135633857 1.00000 7 
 fake.rf 1440.00000000 52762.92484220818829144 1.00000 7 
 fake.rf 1440.00000000 52772.89409918167448055 1.00000 7 
 fake.rf 1440.00000000 52782.87845241133604191 1.00000 7 
 fake.rf 1440.00000000 52792.78493059670767806 1.00000 7 
 fake.rf 1440.00000000 52802.83935809509302217 1.00000 7 
 fake.rf 1440.00000000 52812.74340288410887112 1.00000 7 
 fake.rf 1440.00000000 52822.75742475787209074 1.00000 7 
 fake.rf 1440.00000000 52832.74205988708232695 1.00000 7 
 fake.rf 1440.00000000 52842.69406434212077173 1.00000 7 
 fake.rf 1440.00000000 52852.62324850062564252 1.00000 7 
 fake.rf 1440.00000000 52862.59925297201796113 1.00000 7 
 fake.rf 1440.00000000 52872.58478671127988235 1.00000 7 
 fake.rf 1440.00000000 52882.56296559612720287 1.00000 7 
 fake.rf 1440.00000000 52892.58382223856014193 1.00000 7 
 fake.rf 1440.00000000 52902.50946428808289568 1.00000 7 
 fake.rf 1440.00000000 52912.50732282188037559 1.00000 7 
 fake.rf 1440.00000000 52922.44748176154128316 1.00000 7 
 fake.rf 1440.00000000 52932.40611238488219570 1.00000 7 
 fake.rf 1440.00000000 52942.38103972327613178 1.00000 7 
 fake.rf 1440.00000000 52952.35826493888275479 1.00000 7 
 fake.rf 1440.00000000 52962.38582466003828841 1.00000 7 
 fake.rf 1440.00000000 52972.30934474691656888 1.00000 7 
 fake.rf 1440.00000000 52982.30250842605511963 1.00000 7 
 fake.rf 1440.00000000 52992.29610015747715934 1.00000 7 
 fake.rf 1440.00000000 53002.21815888631538272 1.00000 7 
 fake.rf 1440.00000000 53012.19046195213519113 1.00000 7 
 fake.rf 1440.00000000 53022.16612964731274005 1.00000 7 
 fake.rf 1440.00000000 53032.17014492766272582 1.00000 7 
 fake.rf 1440.00000000 53042.13633571608141537 1.00000 7 
 fake.rf 1440.00000000 53052.14348493380592231 1.00000 7 
 fake.rf 1440.00000000 53062.10691781224701202 1.00000 7 
 fake.rf 1440.00000000 53072.03039133177698616 1.00000 7 
 fake.rf 1440.00000000 53082.03410194341082828 1.00000 7 
 fake.rf 1440.00000000 53092.00919229187605453 1.00000 7 
 fake.rf 1440.00000000 53101.94978143037139873 1.00000 7 
 fake.rf 1440.00000000 53111.95189072105910810 1.00000 7 
 fake.rf 1440.00000000 53121.94166341923596875 1.00000 7 
 fake.rf 1440.00000000 53131.92357854919215399 1.00000 7 
 fake.rf 1440.00000000 53141.85429433760454998 1.00000 7 
 fake.rf 1440.00000000 53151.82337560544689126 1.00000 7 
 fake.rf 1440.00000000 53161.84511223732958030 1.00000 7 
 fake.rf 1440.00000000 53171.77913724687942221 1.00000 7 
 fake.rf 1440.00000000 53181.76105686421328400 1.00000 7 
 fake.rf 1440.00000000 53191.70494308082425050 1.00000 7 
 fake.rf 1440.00000000 53201.68712896317334682 1.00000 7 
 fake.rf 1440.00000000 53211.70532824055243282 1.00000 7 
 fake.rf 1440.00000000 53221.67437735275657928 1.00000 7 
 fake.rf 1440.00000000 53231.62402633528120077 1.00000 7 
 fake.rf 1440.00000000 53241.62816094841939218 1.00000 7 
 fake.rf 1440.00000000 53251.59944168134177289 1.00000 7 
 fake.rf 1440.00000000 53261.55362018059065932 1.00000 7 
 fake.rf 1440.00000000 53271.52928548704328904 1.00000 7 
 fake.rf 1440.00000000 53281.45139044401408768 1.00000 7 
 fake.rf 1440.00000000 53291.42603722023251223 1.00000 7 
 fake.rf 1440.00000000 53301.42259852857328539 1.00000 7 
 fake.rf 1440.00000000 53311.37740001694978176 1.00000 7 
 fake.rf 1440.00000000 53321.35165383994404920 1.00000 7 
 fake.rf 1440.00000000 53331.35118731494810262 1.00000 7 
 fake.rf 1440.00000000 53341.33730809346540269 1.00000 7 
 fake.rf 1440.00000000 53351.30505772747581972 1.00000 7 
 fake.rf 1440.00000000 53361.25571117193485549 1.00000 7 
 fake.rf 1440.00000000 53371.23256933407763469 1.00000 7 
 fake.rf 1440.00000000 53381.23442950024290710 1.00000 7 
 fake.rf 1440.00000000 53391.21609815803673982 1.00000 7 
 fake.rf 1440.00000000 53401.19535101755087325 1.00000 7 
 fake.rf 1440.00000000 53411.16510471829441897 1.00000 7 
 fake.rf 1440.00000000 53421.09285369671673749 1.00000 7 
 fake.rf 1440.00000000 53431.08918348875777582 1.00000 7 
 fake.rf 1440.00000000 53441.06815660361376885 1.00000 7 
 fake.rf 1440.00000000 53451.03725928812810508 1.00000 7 
 fake.rf 1440.00000000 53461.02997496865301486 1.00000 7 
 fake.rf 1440.00000000 53470.97465561459357986 1.00000 7 
 fake.rf 1440.00000000 53480.90508726595729527 1.00000 7 
 fake.rf 1440.00000000 53490.90702673116925681 1.00000 7 
 fake.rf 1440.00000000 53500.90623133951272905 1.00000 7 
 fake.rf 1440.00000000 53510.84615316119783301 1.00000 7 
 fake.rf 1440.00000000 53520.81026298320995238 1.00000 7 
 fake.rf 1440.00000000 53530.80582117634234862 1.00000 7 
 fake.rf 1440.00000000 53540.80602984264182354 1.00000 7 
 fake.rf 1440.00000000 53550.71824523326368706 1.00000 7 
 fake.rf 1440.00000000 53560.71238834064143930 1.00000 7 
 fake.rf 1440.00000000 53570.69407978262984571 1.00000 7 
 fake.rf 1440.00000000 53580.69259808292415670 1.00000 7 
 fake.rf 1440.00000000 53590.63615080635513266 1.00000 7 
 fake.rf 1440.00000000 53600.61979329439058262 1.00000 7 
 fake.rf 1440.00000000 53610.55884403581134023 1.00000 7 
 fake.rf 1440.00000000 53620.56783539975966590 1.00000 7 
 fake.rf 1440.00000000 53630.55303614332740025 1.00000 7 
 fake.rf 1440.00000000 53640.51892490404408420 1.00000 7 
 fake.rf 1440.00000000 53650.45800801528497814 1.00000 7 
 fake.rf 1440.00000000 53660.43826279353525521 1.00000 7 
