FORMAT 1
MODE 1
 fake.rf 1440.00000000 50000.45096474067388215 1.00000 7 
 fake.rf 1440.00000000 50010.46081078933396924 1.00000 7 
 fake.rf 1440.00000000 50020.40111346921839797 1.00000 7 
 fake.rf 1440.00000000 50030.37253071407920046 1.00000 7 
 fake.rf 1440.00000000 50040.33579245448711603 1.00000 7 
 fake.rf 1440.00000000 50050.36799610552893114 1.00000 7 
 fake.rf 1440.00000000 50060.32921914171471300 1.00000 7 
 fake.rf 1440.00000000 50070.26583091200301112 1.00000 7 
 fake.rf 1440.00000000 50080.27939783693649645 1.00000 7 
 fake.rf 1440.00000000 50090.22907720894183825 1.00000 7 
 fake.rf 1440.00000000 50100.20815394914470886 1.00000 7 
 fake.rf 1440.00000000 50110.16822679869123647 1.00000 7 
 fake.rf 1440.00000000 50120.16292969439439631 1.00000 7 
 fake.rf 1440.00000000 50130.12324065124281347 1.00000 7 
 fake.rf 1440.00000000 50140.05936723744032335 1.00000 7 
 fake.rf 1440.00000000 50150.03506580762154599 1.00000 7 
 fake.rf 1440.00000000 50160.03113508275650645 1.00000 7 
 fake.rf 1440.00000000 50169.99703198363356549 1.00000 7 
 fake.rf 1440.00000000 50180.01770215755656324 1.00000 7 
 fake.rf 1440.00000000 50189.95161730971329916 1.00000 7 
 fake.rf 1440.00000000 50199.97353535898503551 1.00000 7 
 fake.rf 1440.00000000 50209.92734882121256845 1.00000 7 
 fake.rf 1440.00000000 50219.90884909946284864 1.00000 7 
 fake.rf 1440.00000000 50229.82596598249568132 1.00000 7 
 fake.rf 1440.00000000 50239.85261979628683449 1.00000 7 
 fake.rf 1440.00000000 50249.80496002373297060 1.00000 7 
 fake.rf 1440.00000000 50259.80025185599008353 1.00000 7 
 fake.rf 1440.00000000 50269.77469596790491835 1.00000 7 
 fake.rf 1440.00000000 50279.67321532416776364 1.00000 7 
 fake.rf 1440.00000000 50289.71096666385618690 1.00000 7 
 fake.rf 1440.00000000 50299.65910600974705602 1.00000 7 
 fake.rf 1440.00000000 50309.60462004724358565 1.00000 7 
 fake.rf 1440.00000000 50319.59618839914935862 1.00000 7 
 fake.rf 1440.00000000 50329.59526807087358691 1.00000 7 
 fake.rf 1440.00000000 50339.53950370702743911 1.00000 7 
 fake.rf 1440.00000000 50349.52163813162449202 1.00000 7 
 fake.rf 1440.00000000 50359.49689249008720537 1.00000 7 
 fake.rf 1440.00000000 50369.42965547652093505 1.00000 7 
 fake.rf 1440.00000000 50379.45903934230511823 1.00000 7 
 fake.rf 1440.00000000 50389.39183156610530290 1.00000 7 
 fake.rf 1440.00000000 50399.38491164259176358 1.00000 7 
 fake.rf 1440.00000000 50409.33734325633983175 1.00000 7 
 fake.rf 1440.00000000 50419.34084600510059104 1.00000 7 
 fake.rf 1440.00000000 50429.27259994652998287 1.00000 7 
 fake.rf 1440.00000000 50439.29598014339781287 1.00000 7 
 fake.rf 1440.00000000 50449.26291387024451041 1.00000 7 
 fake.rf 1440.00000000 50459.19767066354214080 1.00000 7 
 fake.rf 1440.00000000 50469.16109118024943925 1.00000 7 
 fake.rf 1440.00000000 50479.20455945958060440 1.00000 7 
 fake.rf 1440.00000000 50489.10395748400442528 1.00000 7 
 fake.rf 1440.00000000 50499.11193079676452911 1.00000 7 
 fake.rf 1440.00000000 50509.12128808668063940 1.00000 7 
 fake.rf 1440.00000000 50519.08513723647257621 1.00000 7 
 fake.rf 1440.00000000 50529.01858179977858754 1.00000 7 
 fake.rf 1440.00000000 50538.97236034458278198 1.00000 7 
 fake.rf 1440.00000000 50548.99016766120448096 1.00000 7 
 fake.rf 1440.00000000 50558.98659011624302906 1.00000 7 
 fake.rf 1440.00000000 50568.96296481933859468 1.00000 7 
 fake.rf 1440.00000000 50578.89918724400643057 1.00000 7 
 fake.rf 1440.00000000 50588.90476674119982547 1.00000 7 
 fake.rf 1440.00000000 50598.86286371014159258 1.00000 7 
 fake.rf 1440.00000000 50608.77452986609901231 1.00000 7 
 fake.rf 1440.00000000 50618.75292770379710205 1.00000 7 
 fake.rf 1440.00000000 50628.72989742580826800 1.00000 7 
 fake.rf 1440.00000000 50638.75128090972276240 1.00000 7 
 fake.rf 1440.00000000 50648.70121867649561054 1.00000 7 
 fake.rf 1440.00000000 50658.68762716063515228 1.00000 7 
 fake.rf 1440.00000000 50668.62823600108911393 1.00000 7 
 fake.rf 1440.00000000 50678.62157444608141432 1.00000 7 
 fake.rf 1440.00000000 50688.58133773195842764 1.00000 7 
 fake.rf 1440.00000000 50698.56537651646020493 1.00000 7 
 fake.rf 1440.00000000 50708.57909935887341391 1.00000 7 
 fake.rf 1440.00000000 50718.51859858564585082 1.00000 7 
 fake.rf 1440.00000000 50728.45011112269796527 1.00000 7 
 fake.rf 1440.00000000 50738.42289222985457187 1.00000 7 
 fake.rf 1440.00000000 50748.41307602009974786 1.00000 7 
 fake.rf 1440.00000000 50758.42215995672840734 1.00000 7 
 fake.rf 1440.00000000 50768.35700220314771869 1.00000 7 
 fake.rf 1440.00000000 50778.33791084466554722 1.00000 7 
 fake.rf 1440.00000000 50788.33443400348517471 1.00000 7 
 fake.rf 1440.00000000 50798.27931193150815758 1.00000 7 
 fake.rf 1440.00000000 50808.29549821834408974 1.00000 7 
 fake.rf 1440.00000000 50818.24534967097404703 1.00000 7 
 fake.rf 1440.00000000 50828.18138110565763910 1.00000 7 
 fake.rf 1440.00000000 50838.15831631179929317 1.00000 7 
 fake.rf 1440.00000000 50848.17258397257115021 1.00000 7 
 fake.rf 1440.00000000 50858.15372704900462253 1.00000 7 
 fake.rf 1440.00000000 50868.07105570638017156 1.00000 7 
 fake.rf 1440.00000000 50878.08900236816304385 1.00000 7 
 fake.rf 1440.00000000 50888.03367222689483995 1.00000 7 
 fake.rf 1440.00000000 50897.98388470386599280 1.00000 7 
 fake.rf 1440.00000000 50907.98723271677504698 1.00000 7 
 fake.rf 1440.00000000 50917.95420638401631308 1.00000 7 
 fake.rf 1440.00000000 50927.91012104074997424 1.00000 7 
 fake.rf 1440.00000000 50937.91774306341342182 1.00000 7 
 fake.rf 1440.00000000 50947.85007125102301728 1.00000 7 
 fake.rf 1440.00000000 50957.86656135867359296 1.00000 7 
 fake.rf 1440.00000000 50967.80456284043482285 1.00000 7 
 fake.rf 1440.00000000 50977.78813751984946023 1.00000 7 
 fake.rf 1440.00000000 50987.74193704964917728 1.00000 7 
 fake.rf 1440.00000000 50997.75033949628825880 1.00000 7 
 fake.rf 1440.00000000 51007.74525730816731084 1.00000 7 
 fake.rf 1440.00000000 51017.65675068031752915 1.00000 7 
 fake.rf 1440.00000000 51027.63195672797729685 1.00000 7 
 fake.rf 1440.00000000 51037.66902473310668498 1.00000 7 
 fake.rf 1440.00000000 51047.58060352956022143 1.00000 7 
 fake.rf 1440.00000000 51057.57329768652229518 1.00000 7 
 fake.rf 1440.00000000 51067.56342061775535512 1.00000 7 
 fake.rf 1440.00000000 51077.52047934697604248 1.00000 7 
 fake.rf 1440.00000000 51087.52138645942768136 1.00000 7 
 fake.rf 1440.00000000 51097.45200356376177098 1.00000 7 
 fake.rf 1440.00000000 51107.46457790228585338 1.00000 7 
 fake.rf 1440.00000000 51117.42564227646050412 1.00000 7 
 fake.rf 1440.00000000 51127.41674849088506960 1.00000 7 
 fake.rf 1440.00000000 51137.39265861968365456 1.00000 7 
 fake.rf 1440.00000000 51147.35796250288065679 1.00000 7 
 fake.rf 1440.00000000 51157.30730740671656775 1.00000 7 
 fake.rf 1440.00000000 51167.29166497659232604 1.00000 7 
 fake.rf 1440.00000000 51177.28493514515463403 1.00000 7 
 fake.rf 1440.00000000 51187.19619775405566742 1.00000 7 
 fake.rf 1440.00000000 51197.23586278437680974 1.00000 7 
 fake.rf 1440.00000000 51207.20664980079768824 1.00000 7 
 fake.rf 1440.00000000 51217.14856473827301286 1.00000 7 
 fake.rf 1440.00000000 51227.09917448233758108 1.00000 7 
 fake.rf 1440.00000000 51237.05318044204961936 1.00000 7 
 fake.rf 1440.00000000 51247.03002172849786078 1.00000 7 
 fake.rf 1440.00000000 51257.02359732989122421 1.00000 7 
 fake.rf 1440.00000000 51267.02139768873172088 1.00000 7 
 fake.rf 1440.00000000 51276.96354483760753595 1.00000 7 
 fake.rf 1440.00000000 51286.96799945682456467 1.00000 7 
 fake.rf 1440.00000000 51296.94690371190362299 1.00000 7 
 fake.rf 1440.00000000 51306.92475761419290947 1.00000 7 
 fake.rf 1440.00000000 51316.86810100712660798 1.00000 7 
 fake.rf 1440.00000000 51326.86913633068256857 1.00000 7 
 fake.rf 1440.00000000 51336.84950057408110524 1.00000 7 
 fake.rf 1440.00000000 51346.77388301019784222 1.00000 7 
 fake.rf 1440.00000000 51356.79713484398477519 1.00000 7 
 fake.rf 1440.00000000 51366.71416420796692037 1.00000 7 
 fake.rf 1440.00000000 51376.73930723691603717 1.00000 7 
 fake.rf 1440.00000000 51386.66358879442676866 1.00000 7 
 fake.rf 1440.00000000 51396.69216290756025955 1.00000 7 
 fake.rf 1440.00000000 51406.59189405800295702 1.00000 7 
 fake.rf 1440.00000000 51416.63938764615082988 1.00000 7 
 fake.rf 1440.00000000 51426.57299711365407902 1.00000 7 
 fake.rf 1440.00000000 51436.57447218094351626 1.00000 7 
 fake.rf 1440.00000000 51446.54184684909557745 1.00000 7 
 fake.rf 1440.00000000 51456.46806456897641979 1.00000 7 
 fake.rf 1440.00000000 51466.44618885745398984 1.00000 7 
 fake.rf 1440.00000000 51476.42522543300839644 1.00000 7 
 fake.rf 1440.00000000 51486.37201763653134634 1.00000 7 
 fake.rf 1440.00000000 51496.37204222109325258 1.00000 7 
 fake.rf 1440.00000000 51506.33471484739232693 1.00000 7 
 fake.rf 1440.00000000 51516.36293170108166706 1.00000 7 
 fake.rf 1440.00000000 51526.33217553719588722 1.00000 7 
 fake.rf 1440.00000000 51536.27276224010465100 1.00000 7 
 fake.rf 1440.00000000 51546.28228939878403025 1.00000 7 
 fake.rf 1440.00000000 51556.25567885286080028 1.00000 7 
 fake.rf 1440.00000000 51566.21714549096854441 1.00000 7 
 fake.rf 1440.00000000 51576.16844402493796906 1.00000 7 
 fake.rf 1440.00000000 51586.11128497938215531 1.00000 7 
 fake.rf 1440.00000000 51596.10451049710879445 1.00000 7 
 fake.rf 1440.00000000 51606.06201765302864004 1.00000 7 
 fake.rf 1440.00000000 51616.09335015382882261 1.00000 7 
 fake.rf 1440.00000000 51626.05722345886991675 1.00000 7 
 fake.rf 1440.00000000 51635.95973694268821319 1.00000 7 
 fake.rf 1440.00000000 51645.99873799810792008 1.00000 7 
 fake.rf 1440.00000000 51655.91429810751710860 1.00000 7 
 fake.rf 1440.00000000 51665.95070101366084003 1.00000 7 
 fake.rf 1440.00000000 51675.85070246895297430 1.00000 7 
 fake.rf 1440.00000000 51685.90204326146471914 1.00000 7 
 fake.rf 1440.00000000 51695.80669876715185040 1.00000 7 
 fake.rf 1440.00000000 51705.84591198655091659 1.00000 7 
 fake.rf 1440.00000000 51715.82428825907579650 1.00000 7 
 fake.rf 1440.00000000 51725.72040832195736826 1.00000 7 
 fake.rf 1440.00000000 51735.72053537441166782 1.00000 7 
 fake.rf 1440.00000000 51745.72769106861789368 1.00000 7 
 fake.rf 1440.00000000 51755.70182346049910294 1.00000 7 
 fake.rf 1440.00000000 51765.65547253798196792 1.00000 7 
 fake.rf 1440.00000000 51775.58472349791719580 1.00000 7 
 fake.rf 1440.00000000 51785.56519679503881903 1.00000 7 
 fake.rf 1440.00000000 51795.57627580107893550 1.00000 7 
 fake.rf 1440.00000000 51805.53285564256535878 1.00000 7 
 fake.rf 1440.00000000 51815.50330589303475293 1.00000 7 
 fake.rf 1440.00000000 51825.48657274012314744 1.00000 7 
 fake.rf 1440.00000000 51835.43970077948862496 1.00000 7 
 fake.rf 1440.00000000 51845.46137540928449638 1.00000 7 
 fake.rf 1440.00000000 51855.39814038917600669 1.00000 7 
 fake.rf 1440.00000000 51865.35196226236901040 1.00000 7 
 fake.rf 1440.00000000 51875.36240779204570472 1.00000 7 
 fake.rf 1440.00000000 51885.27777568904742012 1.00000 7 
 fake.rf 1440.00000000 51895.28507615657693819 1.00000 7 
 fake.rf 1440.00000000 51905.23271825214021291 1.00000 7 
 fake.rf 1440.00000000 51915.21623095852503127 1.00000 7 
 fake.rf 1440.00000000 51925.19883489473720317 1.00000 7 
 fake.rf 1440.00000000 51935.22098797593318054 1.00000 7 
 fake.rf 1440.00000000 51945.13431851953086849 1.00000 7 
 fake.rf 1440.00000000 51955.09989451596916865 1.00000 7 
 fake.rf 1440.00000000 51965.06491204753588065 1.00000 7 
 fake.rf 1440.00000000 51975.04194978705482200 1.00000 7 
 fake.rf 1440.00000000 51985.01816495730455614 1.00000 7 
 fake.rf 1440.00000000 51994.97849423034665861 1.00000 7 
 fake.rf 1440.00000000 52004.97082513167110207 1.00000 7 
 fake.rf 1440.00000000 52014.93022453545057715 1.00000 7 
 fake.rf 1440.00000000 52024.89623441330417819 1.00000 7 
 fake.rf 1440.00000000 52034.89532303587788320 1.00000 7 
 fake.rf 1440.00000000 52044.88215384932553320 1.00000 7 
 fake.rf 1440.00000000 52054.88262374595498372 1.00000 7 
 fake.rf 1440.00000000 52064.79981576949760580 1.00000 7 
 fake.rf 1440.00000000 52074.76760001529937583 1.00000 7 
 fake.rf 1440.00000000 52084.80795853368318760 1.00000 7 
 fake.rf 1440.00000000 52094.73292815493421060 1.00000 7 
 fake.rf 1440.00000000 52104.73909571301981458 1.00000 7 
 fake.rf 1440.00000000 52114.68000508726743192 1.00000 7 
 fake.rf 1440.00000000 52124.68606265540449840 1.00000 7 
 fake.rf 1440.00000000 52134.61946806795835130 1.00000 7 
 fake.rf 1440.00000000 52144.62414313033920976 1.00000 7 
 fake.rf 1440.00000000 52154.59584632281820760 1.00000 7 
 fake.rf 1440.00000000 52164.57665440346792352 1.00000 7 
 fake.rf 1440.00000000 52174.56245564892573441 1.00000 7 
 fake.rf 1440.00000000 52184.48857538501069797 1.00000 7 
 fake.rf 1440.00000000 52194.49538903318389060 1.00000 7 
 fake.rf 1440.00000000 52204.43246172327270216 1.00000 7 
 fake.rf 1440.00000000 52214.41686124629469390 1.00000 7 
 fake.rf 1440.00000000 52224.35115859211393996 1.00000 7 
 fake.rf 1440.00000000 52234.38147289635815085 1.00000 7 
 fake.rf 1440.00000000 52244.33199650295987482 1.00000 7 
 fake.rf 1440.00000000 52254.29026201776619942 1.00000 7 
 fake.rf 1440.00000000 52264.31345670550761184 1.00000 7 
 fake.rf 1440.00000000 52274.25630213643339772 1.00000 7 
 fake.rf 1440.00000000 52284.21890976856399647 1.00000 7 
 fake.rf 1440.00000000 52294.16229056163901845 1.00000 7 
 fake.rf 1440.00000000 52304.17610295360876194 1.00000 7 
 fake.rf 1440.00000000 52314.15834583460894436 1.00000 7 
 fake.rf 1440.00000000 52324.08843038825992267 1.00000 7 
 fake.rf 1440.00000000 52334.09555695661321906 1.00000 7 
 fake.rf 1440.00000000 52344.10419279198569242 1.00000 7 
 fake.rf 1440.00000000 52354.04841248343442217 1.00000 7 
 fake.rf 1440.00000000 52363.99997996781838339 1.00000 7 
 fake.rf 1440.00000000 52373.95311213382378313 1.00000 7 
 fake.rf 1440.00000000 52383.97575377951458719 1.00000 7 
 fake.rf 1440.00000000 52393.91165074327073015 1.00000 7 
 fake.rf 1440.00000000 52403.90039023492852266 1.00000 7 
 fake.rf 1440.00000000 52413.87317042281044621 1.00000 7 
 fake.rf 1440.00000000 52423.86061445547585791 1.00000 7 
 fake.rf 1440.00000000 52433.79938246578917926 1.00000 7 
 fake.rf 1440.00000000 52443.81620575637680659 1.00000 7 
 fake.rf 1440.00000000 52453.75229584328405963 1.00000 7 
 fake.rf 1440.00000000 52463.77340470814477413 1.00000 7 
 fake.rf 1440.00000000 52473.71500709476354984 1.00000 7 
 fake.rf 1440.00000000 52483.66420274706886318 1.00000 7 
 fake.rf 1440.00000000 52493.63873568918949530 1.00000 7 
 fake.rf 1440.00000000 52503.61445608683063568 1.00000 7 
 fake.rf 1440.00000000 52513.61136210297157589 1.00000 7 
 fake.rf 1440.00000000 52523.59759885517248890 1.00000 7 
 fake.rf 1440.00000000 52533.53492093525857598 1.00000 7 
 fake.rf 1440.00000000 52543.50611223883439393 1.00000 7 
 fake.rf 1440.00000000 52553.47017698063191915 1.00000 7 
 fake.rf 1440.00000000 52563.47640222119742504 1.00000 7 
 fake.rf 1440.00000000 52573.41475921603132448 1.00000 7 
 fake.rf 1440.00000000 52583.43230699912816917 1.00000 7 
 fake.rf 1440.00000000 52593.34511089931347882 1.00000 7 
 fake.rf 1440.00000000 52603.33748637397233594 1.00000 7 
 fake.rf 1440.00000000 52613.31281754282793628 1.00000 7 
 fake.rf 1440.00000000 52623.31850197096068911 1.00000 7 
 fake.rf 1440.00000000 52633.26826632471478362 1.00000 7 
 fake.rf 1440.00000000 52643.27802844150317085 1.00000 7 
 fake.rf 1440.00000000 52653.23631968042364804 1.00000 7 
 fake.rf 1440.00000000 52663.15760806709172925 1.00000 7 
 fake.rf 1440.00000000 52673.14624202281941123 1.00000 7 
 fake.rf 1440.00000000 52683.16830307355061791 1.00000 7 
 fake.rf 1440.00000000 52693.13953743965165444 1.00000 7 
 fake.rf 1440.00000000 52703.09137266438641589 1.00000 7 
 fake.rf 1440.00000000 52713.04614420604431047 1.00000 7 
 fake.rf 1440.00000000 52723.01746310632846360 1.00000 7 
 fake.rf 1440.00000000 52732.98404668101452231 1.00000 7 
 fake.rf 1440.00000000 52742.98822392777929835 1.00000 7 
 fake.rf 1440.00000000 52752.92033715471512068 1.00000 7 
 fake.rf 1440.00000000 52762.93364844852259310 1.00000 7 
 fake.rf 1440.00000000 52772.90290559411764093 1.00000 7 
 fake.rf 1440.00000000 52782.88725881377975568 1.00000 7 
 fake.rf 1440.00000000 52792.79373683316542909 1.00000 7 
 fake.rf 1440.00000000 52802.84816453786255508 1.00000 7 
 fake.rf 1440.00000000 52812.75220916837108831 1.00000 7 
 fake.rf 1440.00000000 52822.76623081758775413 1.00000 7 
 fake.rf 1440.00000000 52832.75086634896449667 1.00000 7 
 fake.rf 1440.00000000 52842.70287065135915583 1.00000 7 
 fake.rf 1440.00000000 52852.63205468684586208 1.00000 7 
 fake.rf 1440.00000000 52862.60805922483967123 1.00000 7 
 fake.rf 1440.00000000 52872.59359310956518385 1.00000 7 
 fake.rf 1440.00000000 52882.57177178742426449 1.00000 7 
 fake.rf 1440.00000000 52892.59262849095676984 1.00000 7 
 fake.rf 1440.00000000 52902.51827058980892460 1.00000 7 
 fake.rf 1440.00000000 52912.51612907015090670 1.00000 7 
 fake.rf 1440.00000000 52922.45628796770266433 1.00000 7 
 fake.rf 1440.00000000 52932.41491880104291212 1.00000 7 
 fake.rf 1440.00000000 52942.38984599073305404 1.00000 7 
 fake.rf 1440.00000000 52952.36707132043265034 1.00000 7 
 fake.rf 1440.00000000 52962.39463104764681844 1.00000 7 
 fake.rf 1440.00000000 52972.31815103371365083 1.00000 7 
 fake.rf 1440.00000000 52982.31131459862496413 1.00000 7 
 fake.rf 1440.00000000 52992.30490639816538945 1.00000 7 
 fake.rf 1440.00000000 53002.22696504305794107 1.00000 7 
 fake.rf 1440.00000000 53012.19926818553096481 1.00000 7 
 fake.rf 1440.00000000 53022.17493585610782247 1.00000 7 
 fake.rf 1440.00000000 53032.17895108518384362 1.00000 7 
 fake.rf 1440.00000000 53042.14514213656619290 1.00000 7 
 fake.rf 1440.00000000 53052.15229134620185647 1.00000 7 
 fake.rf 1440.00000000 53062.11572417331647955 1.00000 7 
 fake.rf 1440.00000000 53072.03919750257424326 1.00000 7 
 fake.rf 1440.00000000 53082.04290819375365729 1.00000 7 
 fake.rf 1440.00000000 53092.01799857145964623 1.00000 7 
 fake.rf 1440.00000000 53101.95858756882697804 1.00000 7 
 fake.rf 1440.00000000 53111.96069695585559955 1.00000 7 
 fake.rf 1440.00000000 53121.95046964280302859 1.00000 7 
 fake.rf 1440.00000000 53131.93238465684738969 1.00000 7 
 fake.rf 1440.00000000 53141.86310055376544881 1.00000 7 
 fake.rf 1440.00000000 53151.83218191524752427 1.00000 7 
 fake.rf 1440.00000000 53161.85391857467924837 1.00000 7 
 fake.rf 1440.00000000 53171.78794334139341160 1.00000 7 
 fake.rf 1440.00000000 53181.76986294658849630 1.00000 7 
 fake.rf 1440.00000000 53191.71374927559166679 1.00000 7 
 fake.rf 1440.00000000 53201.69593509656098362 1.00000 7 
 fake.rf 1440.00000000 53211.71413447260912122 1.00000 7 
 fake.rf 1440.00000000 53221.68318361095964164 1.00000 7 
 fake.rf 1440.00000000 53231.63283261501371157 1.00000 7 
 fake.rf 1440.00000000 53241.63696717487310295 1.00000 7 
 fake.rf 1440.00000000 53251.60824788131511198 1.00000 7 
 fake.rf 1440.00000000 53261.56242654421766147 1.00000 7 
 fake.rf 1440.00000000 53271.53809184273769617 1.00000 7 
 fake.rf 1440.00000000 53281.46019682700364584 1.00000 7 
 fake.rf 1440.00000000 53291.43484337534341222 1.00000 7 
 fake.rf 1440.00000000 53301.43140478611142186 1.00000 7 
 fake.rf 1440.00000000 53311.38620609743373535 1.00000 7 
 fake.rf 1440.00000000 53321.36046012671508976 1.00000 7 
 fake.rf 1440.00000000 53331.35999353277490442 1.00000 7 
 fake.rf 1440.00000000 53341.34611442752065358 1.00000 7 
 fake.rf 1440.00000000 53351.31386383095232873 1.00000 7 
 fake.rf 1440.00000000 53361.26451750857492584 1.00000 7 
 fake.rf 1440.00000000 53371.24137550556883980 1.00000 7 
 fake.rf 1440.00000000 53381.24323592075500144 1.00000 7 
 fake.rf 1440.00000000 53391.22490459571450927 1.00000 7 
 fake.rf 1440.00000000 53401.20415732362648598 1.00000 7 
 fake.rf 1440.00000000 53411.17391106124435396 1.00000 7 
 fake.rf 1440.00000000 53421.10166015528784555 1.00000 7 
 fake.rf 1440.00000000 53431.09798988792733709 1.00000 7 
 fake.rf 1440.00000000 53441.07696296057278929 1.00000 7 
 fake.rf 1440.00000000 53451.04606561159948797 1.00000 7 
 fake.rf 1440.00000000 53461.03878103499266317 1.00000 7 
 fake.rf 1440.00000000 53470.98346177701980153 1.00000 7 
 fake.rf 1440.00000000 53480.91389353328697709 1.00000 7 
 fake.rf 1440.00000000 53490.91583288266177831 1.00000 7 
 fake.rf 1440.00000000 53500.91503766280153087 1.00000 7 
 fake.rf 1440.00000000 53510.85495955676375601 1.00000 7 
 fake.rf 1440.00000000 53520.81906928965526760 1.00000 7 
 fake.rf 1440.00000000 53530.81462751068837136 1.00000 7 
 fake.rf 1440.00000000 53540.81483606098716521 1.00000 7 
 fake.rf 1440.00000000 53550.72705135634913631 1.00000 7 
 fake.rf 1440.00000000 53560.72119466295338341 1.00000 7 
 fake.rf 1440.00000000 53570.70288619274596797 1.00000 7 
 fake.rf 1440.00000000 53580.70140445359902515 1.00000 7 
 fake.rf 1440.00000000 53590.64495704397753784 1.00000 7 
 fake.rf 1440.00000000 53600.62859946227005992 1.00000 7 
 fake.rf 1440.00000000 53610.56765018677592138 1.00000 7 
 fake.rf 1440.00000000 53620.57664172396690816 1.00000 7 
 fake.rf 1440.00000000 53630.56184250738058594 1.00000 7 
 fake.rf 1440.00000000 53640.52773098447433497 1.00000 7 
 fake.rf 1440.00000000 53650.46681440252178419 1.00000 7 
 fake.rf 1440.00000000 53660.44706892326360048 1.00000 7 
