FORMAT 1
MODE 1
 fake.rf 1440.00000000 50000.45577010425489917 1.00000 7 
 fake.rf 1440.00000000 50010.46561616569580977 1.00000 7 
 fake.rf 1440.00000000 50020.40591881576009214 1.00000 7 
 fake.rf 1440.00000000 50030.37733607862113061 1.00000 7 
 fake.rf 1440.00000000 50040.34059780376863458 1.00000 7 
 fake.rf 1440.00000000 50050.37280146175739404 1.00000 7 
 fake.rf 1440.00000000 50060.33402450631427882 1.00000 7 
 fake.rf 1440.00000000 50070.27063627540357515 1.00000 7 
 fake.rf 1440.00000000 50080.28420317936593165 1.00000 7 
 fake.rf 1440.00000000 50090.23388257388601730 1.00000 7 
 fake.rf 1440.00000000 50100.21295933915508414 1.00000 7 
 fake.rf 1440.00000000 50110.17303215940800953 1.00000 7 
 fake.rf 1440.00000000 50120.16773505520566445 1.00000 7 
 fake.rf 1440.00000000 50130.12804599394130278 1.00000 7 
 fake.rf 1440.00000000 50140.06417261328535062 1.00000 7 
 fake.rf 1440.00000000 50150.03987116909337018 1.00000 7 
 fake.rf 1440.00000000 50160.03594043127917601 1.00000 7 
 fake.rf 1440.00000000 50170.00183733652483653 1.00000 7 
 fake.rf 1440.00000000 50180.02250754786463816 1.00000 7 
 fake.rf 1440.00000000 50189.95642268189567048 1.00000 7 
 fake.rf 1440.00000000 50199.97834069316605721 1.00000 7 
 fake.rf 1440.00000000 50209.93215417856568905 1.00000 7 
 fake.rf 1440.00000000 50219.91365444363781378 1.00000 7 
 fake.rf 1440.00000000 50229.83077136108526872 1.00000 7 
 fake.rf 1440.00000000 50239.85742516210408226 1.00000 7 
 fake.rf 1440.00000000 50249.80976538743666282 1.00000 7 
 fake.rf 1440.00000000 50259.80505720558830873 1.00000 7 
 fake.rf 1440.00000000 50269.77950133997650539 1.00000 7 
 fake.rf 1440.00000000 50279.67802070551927329 1.00000 7 
 fake.rf 1440.00000000 50289.71577202000692353 1.00000 7 
 fake.rf 1440.00000000 50299.66391139340251826 1.00000 7 
 fake.rf 1440.00000000 50309.60942540624108688 1.00000 7 
 fake.rf 1440.00000000 50319.60099377126676856 1.00000 7 
 fake.rf 1440.00000000 50329.60007343698473647 1.00000 7 
 fake.rf 1440.00000000 50339.54430907287359176 1.00000 7 
 fake.rf 1440.00000000 50349.52644349747387054 1.00000 7 
 fake.rf 1440.00000000 50359.50169782533997775 1.00000 7 
 fake.rf 1440.00000000 50369.43446083191559381 1.00000 7 
 fake.rf 1440.00000000 50379.46384468498172993 1.00000 7 
 fake.rf 1440.00000000 50389.39663693619485585 1.00000 7 
 fake.rf 1440.00000000 50399.38971701098278544 1.00000 7 
 fake.rf 1440.00000000 50409.34214860146742154 1.00000 7 
 fake.rf 1440.00000000 50419.34565137033879978 1.00000 7 
 fake.rf 1440.00000000 50429.27740530593474944 1.00000 7 
 fake.rf 1440.00000000 50439.30078551913198481 1.00000 7 
 fake.rf 1440.00000000 50449.26771922861628639 1.00000 7 
 fake.rf 1440.00000000 50459.20247603878345899 1.00000 7 
 fake.rf 1440.00000000 50469.16589653455540798 1.00000 7 
 fake.rf 1440.00000000 50479.20936482390098732 1.00000 7 
 fake.rf 1440.00000000 50489.10876283292399336 1.00000 7 
 fake.rf 1440.00000000 50499.11673613462317789 1.00000 7 
 fake.rf 1440.00000000 50509.12609344236621212 1.00000 7 
 fake.rf 1440.00000000 50519.08994259717695030 1.00000 7 
 fake.rf 1440.00000000 50529.02338716878886515 1.00000 7 
 fake.rf 1440.00000000 50538.97716569539674580 1.00000 7 
 fake.rf 1440.00000000 50548.99497299909122461 1.00000 7 
 fake.rf 1440.00000000 50558.99139548619977091 1.00000 7 
 fake.rf 1440.00000000 50568.96777016055350629 1.00000 7 
 fake.rf 1440.00000000 50578.90399261001443065 1.00000 7 
 fake.rf 1440.00000000 50588.90957210341926853 1.00000 7 
 fake.rf 1440.00000000 50598.86766909099311817 1.00000 7 
 fake.rf 1440.00000000 50608.77933524621296257 1.00000 7 
 fake.rf 1440.00000000 50618.75773309000531697 1.00000 7 
 fake.rf 1440.00000000 50628.73470276894634168 1.00000 7 
 fake.rf 1440.00000000 50638.75608628598650895 1.00000 7 
 fake.rf 1440.00000000 50648.70602405881187025 1.00000 7 
 fake.rf 1440.00000000 50658.69243251122547278 1.00000 7 
 fake.rf 1440.00000000 50668.63304135867808142 1.00000 7 
 fake.rf 1440.00000000 50678.62637980710867325 1.00000 7 
 fake.rf 1440.00000000 50688.58614310552857063 1.00000 7 
 fake.rf 1440.00000000 50698.57018188875569109 1.00000 7 
 fake.rf 1440.00000000 50708.58390472435918994 1.00000 7 
 fake.rf 1440.00000000 50718.52340395425989072 1.00000 7 
 fake.rf 1440.00000000 50728.45491650437801923 1.00000 7 
 fake.rf 1440.00000000 50738.42769759785642236 1.00000 7 
 fake.rf 1440.00000000 50748.41788140100953441 1.00000 7 
 fake.rf 1440.00000000 50758.42696529710603315 1.00000 7 
 fake.rf 1440.00000000 50768.36180755964370448 1.00000 7 
 fake.rf 1440.00000000 50778.34271620020128069 1.00000 7 
 fake.rf 1440.00000000 50788.33923936970435165 1.00000 7 
 fake.rf 1440.00000000 50798.28411730089351650 1.00000 7 
 fake.rf 1440.00000000 50808.30030358360723142 1.00000 7 
 fake.rf 1440.00000000 50818.25015505398200233 1.00000 7 
 fake.rf 1440.00000000 50828.18618648365984924 1.00000 7 
 fake.rf 1440.00000000 50838.16312167373805408 1.00000 7 
 fake.rf 1440.00000000 50848.17738933765228992 1.00000 7 
 fake.rf 1440.00000000 50858.15853240683818726 1.00000 7 
 fake.rf 1440.00000000 50868.07586105233945162 1.00000 7 
 fake.rf 1440.00000000 50878.09380773116193808 1.00000 7 
 fake.rf 1440.00000000 50888.03847758898718467 1.00000 7 
 fake.rf 1440.00000000 50897.98869007135437315 1.00000 7 
 fake.rf 1440.00000000 50907.99203808860281839 1.00000 7 
 fake.rf 1440.00000000 50917.95901175942326589 1.00000 7 
 fake.rf 1440.00000000 50927.91492639492899741 1.00000 7 
 fake.rf 1440.00000000 50937.92254843329774872 1.00000 7 
 fake.rf 1440.00000000 50947.85487659888305600 1.00000 7 
 fake.rf 1440.00000000 50957.87136670260067106 1.00000 7 
 fake.rf 1440.00000000 50967.80936817602355760 1.00000 7 
 fake.rf 1440.00000000 50977.79294289360302628 1.00000 7 
 fake.rf 1440.00000000 50987.74674241521993068 1.00000 7 
 fake.rf 1440.00000000 50997.75514487103206918 1.00000 7 
 fake.rf 1440.00000000 51007.75006267388044989 1.00000 7 
 fake.rf 1440.00000000 51017.66155605995502142 1.00000 7 
 fake.rf 1440.00000000 51027.63676208291335357 1.00000 7 
 fake.rf 1440.00000000 51037.67383008608418393 1.00000 7 
 fake.rf 1440.00000000 51047.58540891596129185 1.00000 7 
 fake.rf 1440.00000000 51057.57810303974403965 1.00000 7 
 fake.rf 1440.00000000 51067.56822598380531275 1.00000 7 
 fake.rf 1440.00000000 51077.52528471543194044 1.00000 7 
 fake.rf 1440.00000000 51087.52619181139523619 1.00000 7 
 fake.rf 1440.00000000 51097.45680892672899631 1.00000 7 
 fake.rf 1440.00000000 51107.46938328187286515 1.00000 7 
 fake.rf 1440.00000000 51117.43044761660113906 1.00000 7 
 fake.rf 1440.00000000 51127.42155388127558169 1.00000 7 
 fake.rf 1440.00000000 51137.39746399692146284 1.00000 7 
 fake.rf 1440.00000000 51147.36276786463430710 1.00000 7 
 fake.rf 1440.00000000 51157.31211278389057284 1.00000 7 
 fake.rf 1440.00000000 51167.29647031232707377 1.00000 7 
 fake.rf 1440.00000000 51177.28974050102136673 1.00000 7 
 fake.rf 1440.00000000 51187.20100308876595108 1.00000 7 
 fake.rf 1440.00000000 51197.24066816969353866 1.00000 7 
 fake.rf 1440.00000000 51207.21145515049582286 1.00000 7 
 fake.rf 1440.00000000 51217.15337008717936129 1.00000 7 
 fake.rf 1440.00000000 51227.10397983542776856 1.00000 7 
 fake.rf 1440.00000000 51237.05798579517250602 1.00000 7 
 fake.rf 1440.00000000 51247.03482710655384835 1.00000 7 
 fake.rf 1440.00000000 51257.02840266942451919 1.00000 7 
 fake.rf 1440.00000000 51267.02620307697191748 1.00000 7 
 fake.rf 1440.00000000 51276.96835020067794275 1.00000 7 
 fake.rf 1440.00000000 51286.97280480011148995 1.00000 7 
 fake.rf 1440.00000000 51296.95170905486967072 1.00000 7 
 fake.rf 1440.00000000 51306.92956297170790947 1.00000 7 
 fake.rf 1440.00000000 51316.87290638827789735 1.00000 7 
 fake.rf 1440.00000000 51326.87394168854091703 1.00000 7 
 fake.rf 1440.00000000 51336.85430593552721490 1.00000 7 
 fake.rf 1440.00000000 51346.77868838980843691 1.00000 7 
 fake.rf 1440.00000000 51356.80194018741362427 1.00000 7 
 fake.rf 1440.00000000 51366.71896956267681489 1.00000 7 
 fake.rf 1440.00000000 51376.74411259431216337 1.00000 7 
 fake.rf 1440.00000000 51386.66839415199314089 1.00000 7 
 fake.rf 1440.00000000 51396.69696828268607192 1.00000 7 
 fake.rf 1440.00000000 51406.59669943593601005 1.00000 7 
 fake.rf 1440.00000000 51416.64419298882433651 1.00000 7 
 fake.rf 1440.00000000 51426.57780249124176208 1.00000 7 
 fake.rf 1440.00000000 51436.57927754745262661 1.00000 7 
 fake.rf 1440.00000000 51446.54665222072576469 1.00000 7 
 fake.rf 1440.00000000 51456.47286992051527577 1.00000 7 
 fake.rf 1440.00000000 51466.45099421963654507 1.00000 7 
 fake.rf 1440.00000000 51476.43003078471645040 1.00000 7 
 fake.rf 1440.00000000 51486.37682301249901329 1.00000 7 
 fake.rf 1440.00000000 51496.37684757828129989 1.00000 7 
 fake.rf 1440.00000000 51506.33952018940849271 1.00000 7 
 fake.rf 1440.00000000 51516.36773704777604976 1.00000 7 
 fake.rf 1440.00000000 51526.33698090025572824 1.00000 7 
 fake.rf 1440.00000000 51536.27756757993532588 1.00000 7 
 fake.rf 1440.00000000 51546.28709474721139472 1.00000 7 
 fake.rf 1440.00000000 51556.26048423309646651 1.00000 7 
 fake.rf 1440.00000000 51566.22195084596584280 1.00000 7 
 fake.rf 1440.00000000 51576.17324940129125110 1.00000 7 
 fake.rf 1440.00000000 51586.11609033488994669 1.00000 7 
 fake.rf 1440.00000000 51596.10931587105781304 1.00000 7 
 fake.rf 1440.00000000 51606.06682303532421585 1.00000 7 
 fake.rf 1440.00000000 51616.09815552003032835 1.00000 7 
 fake.rf 1440.00000000 51626.06202883427849315 1.00000 7 
 fake.rf 1440.00000000 51635.96454229141103909 1.00000 7 
 fake.rf 1440.00000000 51646.00354337157397211 1.00000 7 
 fake.rf 1440.00000000 51655.91910345857252906 1.00000 7 
 fake.rf 1440.00000000 51665.95550638953409361 1.00000 7 
 fake.rf 1440.00000000 51675.85550783898209204 1.00000 7 
 fake.rf 1440.00000000 51685.90684863425008899 1.00000 7 
 fake.rf 1440.00000000 51695.81150410382685578 1.00000 7 
 fake.rf 1440.00000000 51705.85071736923967478 1.00000 7 
 fake.rf 1440.00000000 51715.82909364442134503 1.00000 7 
 fake.rf 1440.00000000 51725.72521366835525924 1.00000 7 
 fake.rf 1440.00000000 51735.72534075732460579 1.00000 7 
 fake.rf 1440.00000000 51745.73249641437259427 1.00000 7 
 fake.rf 1440.00000000 51755.70662881285329249 1.00000 7 
 fake.rf 1440.00000000 51765.66027791158664328 1.00000 7 
 fake.rf 1440.00000000 51775.58952887626328376 1.00000 7 
 fake.rf 1440.00000000 51785.57000216009942761 1.00000 7 
 fake.rf 1440.00000000 51795.58108115965290708 1.00000 7 
 fake.rf 1440.00000000 51805.53766101886039408 1.00000 7 
 fake.rf 1440.00000000 51815.50811127015600732 1.00000 7 
 fake.rf 1440.00000000 51825.49137811166248468 1.00000 7 
 fake.rf 1440.00000000 51835.44450615587344444 1.00000 7 
 fake.rf 1440.00000000 51845.46618076587720481 1.00000 7 
 fake.rf 1440.00000000 51855.40294577972452572 1.00000 7 
 fake.rf 1440.00000000 51865.35676761613186159 1.00000 7 
 fake.rf 1440.00000000 51875.36721316959877726 1.00000 7 
 fake.rf 1440.00000000 51885.28258105228157859 1.00000 7 
 fake.rf 1440.00000000 51895.28988150348313724 1.00000 7 
 fake.rf 1440.00000000 51905.23752363281793265 1.00000 7 
 fake.rf 1440.00000000 51915.22103632685261942 1.00000 7 
 fake.rf 1440.00000000 51925.20364026534968005 1.00000 7 
 fake.rf 1440.00000000 51935.22579336210224454 1.00000 7 
 fake.rf 1440.00000000 51945.13912385571297037 1.00000 7 
 fake.rf 1440.00000000 51955.10469988107699990 1.00000 7 
 fake.rf 1440.00000000 51965.06971739851265113 1.00000 7 
 fake.rf 1440.00000000 51975.04675514755968280 1.00000 7 
 fake.rf 1440.00000000 51985.02297030557747348 1.00000 7 
 fake.rf 1440.00000000 51994.98329959959638913 1.00000 7 
 fake.rf 1440.00000000 52004.97563050407190843 1.00000 7 
 fake.rf 1440.00000000 52014.93502991922313683 1.00000 7 
 fake.rf 1440.00000000 52024.90103979249646216 1.00000 7 
 fake.rf 1440.00000000 52034.90012840843240483 1.00000 7 
 fake.rf 1440.00000000 52044.88695921925704369 1.00000 7 
 fake.rf 1440.00000000 52054.88742911295833338 1.00000 7 
 fake.rf 1440.00000000 52064.80462112194951629 1.00000 7 
 fake.rf 1440.00000000 52074.77240538485462196 1.00000 7 
 fake.rf 1440.00000000 52084.81276387247212867 1.00000 7 
 fake.rf 1440.00000000 52094.73773353374227923 1.00000 7 
 fake.rf 1440.00000000 52104.74390110708054280 1.00000 7 
 fake.rf 1440.00000000 52114.68481047341269274 1.00000 7 
 fake.rf 1440.00000000 52124.69086802623540677 1.00000 7 
 fake.rf 1440.00000000 52134.62427343893480369 1.00000 7 
 fake.rf 1440.00000000 52144.62894850391317547 1.00000 7 
 fake.rf 1440.00000000 52154.60065169175883071 1.00000 7 
 fake.rf 1440.00000000 52164.58145977367017210 1.00000 7 
 fake.rf 1440.00000000 52174.56726102014071245 1.00000 7 
 fake.rf 1440.00000000 52184.49338076686230181 1.00000 7 
 fake.rf 1440.00000000 52194.50019441388863939 1.00000 7 
 fake.rf 1440.00000000 52204.43726709308319656 1.00000 7 
 fake.rf 1440.00000000 52214.42166660069124262 1.00000 7 
 fake.rf 1440.00000000 52224.35596395992531882 1.00000 7 
 fake.rf 1440.00000000 52234.38627826696206569 1.00000 7 
 fake.rf 1440.00000000 52244.33680185370234739 1.00000 7 
 fake.rf 1440.00000000 52254.29506738200525007 1.00000 7 
 fake.rf 1440.00000000 52264.31826207240187543 1.00000 7 
 fake.rf 1440.00000000 52274.26110747874229645 1.00000 7 
 fake.rf 1440.00000000 52284.22371511623543228 1.00000 7 
 fake.rf 1440.00000000 52294.16709592175325838 1.00000 7 
 fake.rf 1440.00000000 52304.18090831249037365 1.00000 7 
 fake.rf 1440.00000000 52314.16315118428501663 1.00000 7 
 fake.rf 1440.00000000 52324.09323573784739381 1.00000 7 
 fake.rf 1440.00000000 52334.10036234328532245 1.00000 7 
 fake.rf 1440.00000000 52344.10899815057880247 1.00000 7 
 fake.rf 1440.00000000 52354.05321785842525628 1.00000 7 
 fake.rf 1440.00000000 52364.00478532034568246 1.00000 7 
 fake.rf 1440.00000000 52373.95791750020024935 1.00000 7 
 fake.rf 1440.00000000 52383.98055914327685656 1.00000 7 
 fake.rf 1440.00000000 52393.91645610921168696 1.00000 7 
 fake.rf 1440.00000000 52403.90519558574120751 1.00000 7 
 fake.rf 1440.00000000 52413.87797578535602483 1.00000 7 
 fake.rf 1440.00000000 52423.86541978858032920 1.00000 7 
 fake.rf 1440.00000000 52433.80418782724396110 1.00000 7 
 fake.rf 1440.00000000 52443.82101112038762736 1.00000 7 
 fake.rf 1440.00000000 52453.75710120292686511 1.00000 7 
 fake.rf 1440.00000000 52463.77821007445639268 1.00000 7 
 fake.rf 1440.00000000 52473.71981247193287601 1.00000 7 
 fake.rf 1440.00000000 52483.66900811581275121 1.00000 7 
 fake.rf 1440.00000000 52493.64354107597220533 1.00000 7 
 fake.rf 1440.00000000 52503.61926142326008105 1.00000 7 
 fake.rf 1440.00000000 52513.61616745090008251 1.00000 7 
 fake.rf 1440.00000000 52523.60240423835853107 1.00000 7 
 fake.rf 1440.00000000 52533.53972629018668883 1.00000 7 
 fake.rf 1440.00000000 52543.51091761266302527 1.00000 7 
 fake.rf 1440.00000000 52553.47498232211858848 1.00000 7 
 fake.rf 1440.00000000 52563.48120756793635522 1.00000 7 
 fake.rf 1440.00000000 52573.41956456395345754 1.00000 7 
 fake.rf 1440.00000000 52583.43711237338562725 1.00000 7 
 fake.rf 1440.00000000 52593.34991623817287731 1.00000 7 
 fake.rf 1440.00000000 52603.34229173483582898 1.00000 7 
 fake.rf 1440.00000000 52613.31762290867111176 1.00000 7 
 fake.rf 1440.00000000 52623.32330732756549452 1.00000 7 
 fake.rf 1440.00000000 52633.27307170287981464 1.00000 7 
 fake.rf 1440.00000000 52643.28283380231010824 1.00000 7 
 fake.rf 1440.00000000 52653.24112504368508425 1.00000 7 
 fake.rf 1440.00000000 52663.16241345687176434 1.00000 7 
 fake.rf 1440.00000000 52673.15104735835405236 1.00000 7 
 fake.rf 1440.00000000 52683.17310843302060164 1.00000 7 
 fake.rf 1440.00000000 52693.14434280266792499 1.00000 7 
 fake.rf 1440.00000000 52703.09617803591679319 1.00000 7 
 fake.rf 1440.00000000 52713.05094957722420901 1.00000 7 
 fake.rf 1440.00000000 52723.02226847806469578 1.00000 7 
 fake.rf 1440.00000000 52732.98885206739913656 1.00000 7 
 fake.rf 1440.00000000 52742.99302929753540781 1.00000 7 
 fake.rf 1440.00000000 52752.92514250329258374 1.00000 7 
 fake.rf 1440.00000000 52762.93845382766579277 1.00000 7 
 fake.rf 1440.00000000 52772.90771094116427165 1.00000 7 
 fake.rf 1440.00000000 52782.89206419715707952 1.00000 7 
 fake.rf 1440.00000000 52792.79854218622147854 1.00000 7 
 fake.rf 1440.00000000 52802.85296989739450879 1.00000 7 
 fake.rf 1440.00000000 52812.75701452344680220 1.00000 7 
 fake.rf 1440.00000000 52822.77103619372271481 1.00000 7 
 fake.rf 1440.00000000 52832.75567169884303809 1.00000 7 
 fake.rf 1440.00000000 52842.70767602815159592 1.00000 7 
 fake.rf 1440.00000000 52852.63686003274951020 1.00000 7 
 fake.rf 1440.00000000 52862.61286458085994155 1.00000 7 
 fake.rf 1440.00000000 52872.59839849010829127 1.00000 7 
 fake.rf 1440.00000000 52882.57657715543671628 1.00000 7 
 fake.rf 1440.00000000 52892.59743385425978346 1.00000 7 
 fake.rf 1440.00000000 52902.52307596416761726 1.00000 7 
 fake.rf 1440.00000000 52912.52093445249262871 1.00000 7 
 fake.rf 1440.00000000 52922.46109331904754214 1.00000 7 
 fake.rf 1440.00000000 52932.41972417995569700 1.00000 7 
 fake.rf 1440.00000000 52942.39465137196064859 1.00000 7 
 fake.rf 1440.00000000 52952.37187668796726925 1.00000 7 
 fake.rf 1440.00000000 52962.39943643540615881 1.00000 7 
 fake.rf 1440.00000000 52972.32295637717489001 1.00000 7 
 fake.rf 1440.00000000 52982.31611995448113817 1.00000 7 
 fake.rf 1440.00000000 52992.30971173966869969 1.00000 7 
 fake.rf 1440.00000000 53002.23177040017678507 1.00000 7 
 fake.rf 1440.00000000 53012.20407354022270852 1.00000 7 
 fake.rf 1440.00000000 53022.17974119421261037 1.00000 7 
 fake.rf 1440.00000000 53032.18375644224095922 1.00000 7 
 fake.rf 1440.00000000 53042.14994747376108108 1.00000 7 
 fake.rf 1440.00000000 53052.15709671256292523 1.00000 7 
 fake.rf 1440.00000000 53062.12052952603727718 1.00000 7 
 fake.rf 1440.00000000 53072.04400286685009647 1.00000 7 
 fake.rf 1440.00000000 53082.04771355943088196 1.00000 7 
 fake.rf 1440.00000000 53092.02280393680265291 1.00000 7 
 fake.rf 1440.00000000 53101.96339293918444824 1.00000 7 
 fake.rf 1440.00000000 53111.96550232616673171 1.00000 7 
 fake.rf 1440.00000000 53121.95527500027831991 1.00000 7 
 fake.rf 1440.00000000 53131.93719001286246950 1.00000 7 
 fake.rf 1440.00000000 53141.86790590103210263 1.00000 7 
 fake.rf 1440.00000000 53151.83698725615624525 1.00000 7 
 fake.rf 1440.00000000 53161.85872393209526621 1.00000 7 
 fake.rf 1440.00000000 53171.79274872392525708 1.00000 7 
 fake.rf 1440.00000000 53181.77466829753506872 1.00000 7 
 fake.rf 1440.00000000 53191.71855464147187220 1.00000 7 
 fake.rf 1440.00000000 53201.70074046269859380 1.00000 7 
 fake.rf 1440.00000000 53211.71893982447411275 1.00000 7 
 fake.rf 1440.00000000 53221.68798898610801018 1.00000 7 
 fake.rf 1440.00000000 53231.63763800120387160 1.00000 7 
 fake.rf 1440.00000000 53241.64177254007002205 1.00000 7 
 fake.rf 1440.00000000 53251.61305324929375971 1.00000 7 
 fake.rf 1440.00000000 53261.56723190631735321 1.00000 7 
 fake.rf 1440.00000000 53271.54289720321527568 1.00000 7 
 fake.rf 1440.00000000 53281.46500218877747201 1.00000 7 
 fake.rf 1440.00000000 53291.43964871782414860 1.00000 7 
 fake.rf 1440.00000000 53301.43621015147186171 1.00000 7 
 fake.rf 1440.00000000 53311.39101146650259011 1.00000 7 
 fake.rf 1440.00000000 53321.36526548771487555 1.00000 7 
 fake.rf 1440.00000000 53331.36479891358130345 1.00000 7 
 fake.rf 1440.00000000 53341.35091981689085472 1.00000 7 
 fake.rf 1440.00000000 53351.31866918511381925 1.00000 7 
 fake.rf 1440.00000000 53361.26932285330682149 1.00000 7 
 fake.rf 1440.00000000 53371.24618087164324720 1.00000 7 
 fake.rf 1440.00000000 53381.24804128095614786 1.00000 7 
 fake.rf 1440.00000000 53391.22970994441551440 1.00000 7 
 fake.rf 1440.00000000 53401.20896271028772873 1.00000 7 
 fake.rf 1440.00000000 53411.17871643330101250 1.00000 7 
 fake.rf 1440.00000000 53421.10646549246935422 1.00000 7 
 fake.rf 1440.00000000 53431.10279525451634086 1.00000 7 
 fake.rf 1440.00000000 53441.08176833858763999 1.00000 7 
 fake.rf 1440.00000000 53451.05087097051594114 1.00000 7 
 fake.rf 1440.00000000 53461.04358639661769459 1.00000 7 
 fake.rf 1440.00000000 53470.98826715467489379 1.00000 7 
 fake.rf 1440.00000000 53480.91869890464967696 1.00000 7 
 fake.rf 1440.00000000 53490.92063825412278888 1.00000 7 
 fake.rf 1440.00000000 53500.91984300454947032 1.00000 7 
 fake.rf 1440.00000000 53510.85976490365862190 1.00000 7 
 fake.rf 1440.00000000 53520.82387462535304934 1.00000 7 
 fake.rf 1440.00000000 53530.81943287924169539 1.00000 7 
 fake.rf 1440.00000000 53540.81964145320866066 1.00000 7 
 fake.rf 1440.00000000 53550.73185674730062189 1.00000 7 
 fake.rf 1440.00000000 53560.72600001566242156 1.00000 7 
 fake.rf 1440.00000000 53570.70769156256884358 1.00000 7 
 fake.rf 1440.00000000 53580.70620982533850452 1.00000 7 
 fake.rf 1440.00000000 53590.64976241149549452 1.00000 7 
 fake.rf 1440.00000000 53600.63340484342587189 1.00000 7 
 fake.rf 1440.00000000 53610.57245554662461728 1.00000 7 
 fake.rf 1440.00000000 53620.58144710252514642 1.00000 7 
 fake.rf 1440.00000000 53630.56664788380803799 1.00000 7 
 fake.rf 1440.00000000 53640.53253632221706937 1.00000 7 
 fake.rf 1440.00000000 53650.47161978339571675 1.00000 7 
 fake.rf 1440.00000000 53660.45187428224000215 1.00000 7 
