FORMAT 1
MODE 1
 fake.rf 1440.00000000 50000.48039042167735246 1.00000 7 
 fake.rf 1440.00000000 50010.49023647362236034 1.00000 7 
 fake.rf 1440.00000000 50020.43053913304544622 1.00000 7 
 fake.rf 1440.00000000 50030.40195639006888229 1.00000 7 
 fake.rf 1440.00000000 50040.36521811323391162 1.00000 7 
 fake.rf 1440.00000000 50050.39742177087072861 1.00000 7 
 fake.rf 1440.00000000 50060.35864483216839815 1.00000 7 
 fake.rf 1440.00000000 50070.29525661259352987 1.00000 7 
 fake.rf 1440.00000000 50080.30882349995211911 1.00000 7 
 fake.rf 1440.00000000 50090.25850291783367041 1.00000 7 
 fake.rf 1440.00000000 50100.23757965941972259 1.00000 7 
 fake.rf 1440.00000000 50110.19765247757829840 1.00000 7 
 fake.rf 1440.00000000 50120.19235537855668028 1.00000 7 
 fake.rf 1440.00000000 50130.15266631971325140 1.00000 7 
 fake.rf 1440.00000000 50140.08879291007308510 1.00000 7 
 fake.rf 1440.00000000 50150.06449149704593182 1.00000 7 
 fake.rf 1440.00000000 50160.06056074617869456 1.00000 7 
 fake.rf 1440.00000000 50170.02645764415311902 1.00000 7 
 fake.rf 1440.00000000 50180.04712785422871235 1.00000 7 
 fake.rf 1440.00000000 50189.98104297730007417 1.00000 7 
 fake.rf 1440.00000000 50200.00296100225048335 1.00000 7 
 fake.rf 1440.00000000 50209.95677448733054149 1.00000 7 
 fake.rf 1440.00000000 50219.93827478254140928 1.00000 7 
 fake.rf 1440.00000000 50229.85539165435584152 1.00000 7 
 fake.rf 1440.00000000 50239.88204546586422694 1.00000 7 
 fake.rf 1440.00000000 50249.83438570746179508 1.00000 7 
 fake.rf 1440.00000000 50259.82967752663280336 1.00000 7 
 fake.rf 1440.00000000 50269.80412164843491851 1.00000 7 
 fake.rf 1440.00000000 50279.70264102812166485 1.00000 7 
 fake.rf 1440.00000000 50289.74039232023615753 1.00000 7 
 fake.rf 1440.00000000 50299.68853169723820429 1.00000 7 
 fake.rf 1440.00000000 50309.63404571825134326 1.00000 7 
 fake.rf 1440.00000000 50319.62561409611944896 1.00000 7 
 fake.rf 1440.00000000 50329.62469375497438762 1.00000 7 
 fake.rf 1440.00000000 50339.56892938214951982 1.00000 7 
 fake.rf 1440.00000000 50349.55106378690308588 1.00000 7 
 fake.rf 1440.00000000 50359.52631816207005500 1.00000 7 
 fake.rf 1440.00000000 50369.45908116881823702 1.00000 7 
 fake.rf 1440.00000000 50379.48846501760811023 1.00000 7 
 fake.rf 1440.00000000 50389.42125725302559403 1.00000 7 
 fake.rf 1440.00000000 50399.41433733540469930 1.00000 7 
 fake.rf 1440.00000000 50409.36676890048120825 1.00000 7 
 fake.rf 1440.00000000 50419.37027166476776685 1.00000 7 
 fake.rf 1440.00000000 50429.30202561990362042 1.00000 7 
 fake.rf 1440.00000000 50439.32540582752239544 1.00000 7 
 fake.rf 1440.00000000 50449.29233955370808928 1.00000 7 
 fake.rf 1440.00000000 50459.22709637202227029 1.00000 7 
 fake.rf 1440.00000000 50469.19051686810150059 1.00000 7 
 fake.rf 1440.00000000 50479.23398511654394483 1.00000 7 
 fake.rf 1440.00000000 50489.13338314994213007 1.00000 7 
 fake.rf 1440.00000000 50499.14135646565004834 1.00000 7 
 fake.rf 1440.00000000 50509.15071374128439885 1.00000 7 
 fake.rf 1440.00000000 50519.11456291433313126 1.00000 7 
 fake.rf 1440.00000000 50529.04800750914670360 1.00000 7 
 fake.rf 1440.00000000 50539.00178602136347905 1.00000 7 
 fake.rf 1440.00000000 50549.01959332265546365 1.00000 7 
 fake.rf 1440.00000000 50559.01601581139316011 1.00000 7 
 fake.rf 1440.00000000 50568.99239048332033875 1.00000 7 
 fake.rf 1440.00000000 50578.92861290945851849 1.00000 7 
 fake.rf 1440.00000000 50588.93419239874341642 1.00000 7 
 fake.rf 1440.00000000 50598.89228940235266307 1.00000 7 
 fake.rf 1440.00000000 50608.80395557810001250 1.00000 7 
 fake.rf 1440.00000000 50618.78235340590293845 1.00000 7 
 fake.rf 1440.00000000 50628.75932308111579871 1.00000 7 
 fake.rf 1440.00000000 50638.78070657756707362 1.00000 7 
 fake.rf 1440.00000000 50648.73064439041849383 1.00000 7 
 fake.rf 1440.00000000 50658.71705283656946861 1.00000 7 
 fake.rf 1440.00000000 50668.65766167027731015 1.00000 7 
 fake.rf 1440.00000000 50678.65100012242138661 1.00000 7 
 fake.rf 1440.00000000 50688.61076343729775928 1.00000 7 
 fake.rf 1440.00000000 50698.59480220585846766 1.00000 7 
 fake.rf 1440.00000000 50708.60852502872839054 1.00000 7 
 fake.rf 1440.00000000 50718.54802425921532461 1.00000 7 
 fake.rf 1440.00000000 50728.47953683646269951 1.00000 7 
 fake.rf 1440.00000000 50738.45231792177238717 1.00000 7 
 fake.rf 1440.00000000 50748.44250169884340096 1.00000 7 
 fake.rf 1440.00000000 50758.45158563777093619 1.00000 7 
 fake.rf 1440.00000000 50768.38642788357694968 1.00000 7 
 fake.rf 1440.00000000 50778.36733650795411066 1.00000 7 
 fake.rf 1440.00000000 50788.36385966728514418 1.00000 7 
 fake.rf 1440.00000000 50798.30873761129918265 1.00000 7 
 fake.rf 1440.00000000 50808.32492391273284937 1.00000 7 
 fake.rf 1440.00000000 50818.27477537364277893 1.00000 7 
 fake.rf 1440.00000000 50828.21080682055186628 1.00000 7 
 fake.rf 1440.00000000 50838.18774199329541830 1.00000 7 
 fake.rf 1440.00000000 50848.20200964088803630 1.00000 7 
 fake.rf 1440.00000000 50858.18315273171034008 1.00000 7 
 fake.rf 1440.00000000 50868.10048135568658623 1.00000 7 
 fake.rf 1440.00000000 50878.11842805770431397 1.00000 7 
 fake.rf 1440.00000000 50888.06309789884382866 1.00000 7 
 fake.rf 1440.00000000 50898.01331040058726174 1.00000 7 
 fake.rf 1440.00000000 50908.01665839242027545 1.00000 7 
 fake.rf 1440.00000000 50917.98363206989634833 1.00000 7 
 fake.rf 1440.00000000 50927.93954671250048349 1.00000 7 
 fake.rf 1440.00000000 50937.94716876087380797 1.00000 7 
 fake.rf 1440.00000000 50947.87949690667993607 1.00000 7 
 fake.rf 1440.00000000 50957.89598701549089554 1.00000 7 
 fake.rf 1440.00000000 50967.83398849009804721 1.00000 7 
 fake.rf 1440.00000000 50977.81756321582048130 1.00000 7 
 fake.rf 1440.00000000 50987.77136272336814571 1.00000 7 
 fake.rf 1440.00000000 50997.77976517242972676 1.00000 7 
 fake.rf 1440.00000000 51007.77468297714559142 1.00000 7 
 fake.rf 1440.00000000 51017.68617639826715404 1.00000 7 
 fake.rf 1440.00000000 51027.66138239508885732 1.00000 7 
 fake.rf 1440.00000000 51037.69845042009113811 1.00000 7 
 fake.rf 1440.00000000 51047.61002921155244039 1.00000 7 
 fake.rf 1440.00000000 51057.60272334767358871 1.00000 7 
 fake.rf 1440.00000000 51067.59284630995990639 1.00000 7 
 fake.rf 1440.00000000 51077.54990502517497930 1.00000 7 
 fake.rf 1440.00000000 51087.55081212541309910 1.00000 7 
 fake.rf 1440.00000000 51097.48142923343463195 1.00000 7 
 fake.rf 1440.00000000 51107.49400357265162853 1.00000 7 
 fake.rf 1440.00000000 51117.45506794434070130 1.00000 7 
 fake.rf 1440.00000000 51127.44617419111979828 1.00000 7 
 fake.rf 1440.00000000 51137.42208433834748504 1.00000 7 
 fake.rf 1440.00000000 51147.38738820798229057 1.00000 7 
 fake.rf 1440.00000000 51157.33673308207193742 1.00000 7 
 fake.rf 1440.00000000 51167.32109062210771455 1.00000 7 
 fake.rf 1440.00000000 51177.31436083105166546 1.00000 7 
 fake.rf 1440.00000000 51187.22562340948498161 1.00000 7 
 fake.rf 1440.00000000 51197.26528847734419969 1.00000 7 
 fake.rf 1440.00000000 51207.23607545566580157 1.00000 7 
 fake.rf 1440.00000000 51217.17799042087336048 1.00000 7 
 fake.rf 1440.00000000 51227.12860013565287431 1.00000 7 
 fake.rf 1440.00000000 51237.08260609640429450 1.00000 7 
 fake.rf 1440.00000000 51247.05944741847969226 1.00000 7 
 fake.rf 1440.00000000 51257.05302300835769103 1.00000 7 
 fake.rf 1440.00000000 51267.05082339812862102 1.00000 7 
 fake.rf 1440.00000000 51276.99297051766114919 1.00000 7 
 fake.rf 1440.00000000 51286.99742513719347770 1.00000 7 
 fake.rf 1440.00000000 51296.97632939108515515 1.00000 7 
 fake.rf 1440.00000000 51306.95418326907940099 1.00000 7 
 fake.rf 1440.00000000 51316.89752671930742522 1.00000 7 
 fake.rf 1440.00000000 51326.89856203092197262 1.00000 7 
 fake.rf 1440.00000000 51336.87892625053367723 1.00000 7 
 fake.rf 1440.00000000 51346.80330871419354111 1.00000 7 
 fake.rf 1440.00000000 51356.82656052362735366 1.00000 7 
 fake.rf 1440.00000000 51366.74358986906063862 1.00000 7 
 fake.rf 1440.00000000 51376.76873293684565525 1.00000 7 
 fake.rf 1440.00000000 51386.69301444520484878 1.00000 7 
 fake.rf 1440.00000000 51396.72158859445395862 1.00000 7 
 fake.rf 1440.00000000 51406.62131973202954427 1.00000 7 
 fake.rf 1440.00000000 51416.66881330188465071 1.00000 7 
 fake.rf 1440.00000000 51426.60242278996741661 1.00000 7 
 fake.rf 1440.00000000 51436.60389785441468291 1.00000 7 
 fake.rf 1440.00000000 51446.57127256198528187 1.00000 7 
 fake.rf 1440.00000000 51456.49749026051857470 1.00000 7 
 fake.rf 1440.00000000 51466.47561452891553913 1.00000 7 
 fake.rf 1440.00000000 51476.45465112584009049 1.00000 7 
 fake.rf 1440.00000000 51486.40144330135564132 1.00000 7 
 fake.rf 1440.00000000 51496.40146789298922414 1.00000 7 
 fake.rf 1440.00000000 51506.36414050406426313 1.00000 7 
 fake.rf 1440.00000000 51516.39235739513667767 1.00000 7 
 fake.rf 1440.00000000 51526.36160120430815823 1.00000 7 
 fake.rf 1440.00000000 51536.30218789113165911 1.00000 7 
 fake.rf 1440.00000000 51546.31171507685511202 1.00000 7 
 fake.rf 1440.00000000 51556.28510456567991938 1.00000 7 
 fake.rf 1440.00000000 51566.24657113932973118 1.00000 7 
 fake.rf 1440.00000000 51576.19786971016045385 1.00000 7 
 fake.rf 1440.00000000 51586.14071062997317441 1.00000 7 
 fake.rf 1440.00000000 51596.13393618980320809 1.00000 7 
 fake.rf 1440.00000000 51606.09144333436154284 1.00000 7 
 fake.rf 1440.00000000 51616.12277586731989132 1.00000 7 
 fake.rf 1440.00000000 51626.08664916692976732 1.00000 7 
 fake.rf 1440.00000000 51635.98916263697884332 1.00000 7 
 fake.rf 1440.00000000 51646.02816368231080091 1.00000 7 
 fake.rf 1440.00000000 51655.94372377202700974 1.00000 7 
 fake.rf 1440.00000000 51665.98012672795053390 1.00000 7 
 fake.rf 1440.00000000 51675.88012817908129293 1.00000 7 
 fake.rf 1440.00000000 51685.93146896455011330 1.00000 7 
 fake.rf 1440.00000000 51695.83612440900741802 1.00000 7 
 fake.rf 1440.00000000 51705.87533769480482704 1.00000 7 
 fake.rf 1440.00000000 51715.85371394154008229 1.00000 7 
 fake.rf 1440.00000000 51725.74983399809191553 1.00000 7 
 fake.rf 1440.00000000 51735.74996107787954713 1.00000 7 
 fake.rf 1440.00000000 51745.75711674797004136 1.00000 7 
 fake.rf 1440.00000000 51755.73124912414626309 1.00000 7 
 fake.rf 1440.00000000 51765.68489824709516967 1.00000 7 
 fake.rf 1440.00000000 51775.61414919450228922 1.00000 7 
 fake.rf 1440.00000000 51785.59462249729793015 1.00000 7 
 fake.rf 1440.00000000 51795.60570145407686482 1.00000 7 
 fake.rf 1440.00000000 51805.56228132730891645 1.00000 7 
 fake.rf 1440.00000000 51815.53273157427285511 1.00000 7 
 fake.rf 1440.00000000 51825.51599842867273438 1.00000 7 
 fake.rf 1440.00000000 51835.46912647603479840 1.00000 7 
 fake.rf 1440.00000000 51845.49080108935715572 1.00000 7 
 fake.rf 1440.00000000 51855.42756608532300078 1.00000 7 
 fake.rf 1440.00000000 51865.38138791530620253 1.00000 7 
 fake.rf 1440.00000000 51875.39183349805595213 1.00000 7 
 fake.rf 1440.00000000 51885.30720138813174813 1.00000 7 
 fake.rf 1440.00000000 51895.31450182176886798 1.00000 7 
 fake.rf 1440.00000000 51905.26214392298749800 1.00000 7 
 fake.rf 1440.00000000 51915.24565662593487758 1.00000 7 
 fake.rf 1440.00000000 51925.22826059447283242 1.00000 7 
 fake.rf 1440.00000000 51935.25041368957183252 1.00000 7 
 fake.rf 1440.00000000 51945.16374418244025080 1.00000 7 
 fake.rf 1440.00000000 51955.12932022595662218 1.00000 7 
 fake.rf 1440.00000000 51965.09433771340165720 1.00000 7 
 fake.rf 1440.00000000 51975.07137549225885209 1.00000 7 
 fake.rf 1440.00000000 51985.04759063328124569 1.00000 7 
 fake.rf 1440.00000000 51995.00791990891879379 1.00000 7 
 fake.rf 1440.00000000 52005.00025081485297562 1.00000 7 
 fake.rf 1440.00000000 52014.95965020847504334 1.00000 7 
 fake.rf 1440.00000000 52024.92566011558593075 1.00000 7 
 fake.rf 1440.00000000 52034.92474871680196458 1.00000 7 
 fake.rf 1440.00000000 52044.91157953377272349 1.00000 7 
 fake.rf 1440.00000000 52054.91204941712399545 1.00000 7 
 fake.rf 1440.00000000 52064.82924142810458790 1.00000 7 
 fake.rf 1440.00000000 52074.79702568952192721 1.00000 7 
 fake.rf 1440.00000000 52084.83738420171672345 1.00000 7 
 fake.rf 1440.00000000 52094.76235383298513426 1.00000 7 
 fake.rf 1440.00000000 52104.76852142209398266 1.00000 7 
 fake.rf 1440.00000000 52114.70943078449860053 1.00000 7 
 fake.rf 1440.00000000 52124.71548833252438371 1.00000 7 
 fake.rf 1440.00000000 52134.64889374731136229 1.00000 7 
 fake.rf 1440.00000000 52144.65356880900798231 1.00000 7 
 fake.rf 1440.00000000 52154.62527200233137137 1.00000 7 
 fake.rf 1440.00000000 52164.60608008060675189 1.00000 7 
 fake.rf 1440.00000000 52174.59188133043193147 1.00000 7 
 fake.rf 1440.00000000 52184.51800107015196772 1.00000 7 
 fake.rf 1440.00000000 52194.52481471081055631 1.00000 7 
 fake.rf 1440.00000000 52204.46188742980283948 1.00000 7 
 fake.rf 1440.00000000 52214.44628692152112137 1.00000 7 
 fake.rf 1440.00000000 52224.38058429693035833 1.00000 7 
 fake.rf 1440.00000000 52234.41089860684994761 1.00000 7 
 fake.rf 1440.00000000 52244.36142217421127398 1.00000 7 
 fake.rf 1440.00000000 52254.31968769794814023 1.00000 7 
 fake.rf 1440.00000000 52264.34288238242180924 1.00000 7 
 fake.rf 1440.00000000 52274.28572780435897371 1.00000 7 
 fake.rf 1440.00000000 52284.24833542650801732 1.00000 7 
 fake.rf 1440.00000000 52294.19171625135441062 1.00000 7 
 fake.rf 1440.00000000 52304.20552861636700470 1.00000 7 
 fake.rf 1440.00000000 52314.18777151354493427 1.00000 7 
 fake.rf 1440.00000000 52324.11785605278342359 1.00000 7 
 fake.rf 1440.00000000 52334.12498266727981999 1.00000 7 
 fake.rf 1440.00000000 52344.13361848504029439 1.00000 7 
 fake.rf 1440.00000000 52354.07783817630545542 1.00000 7 
 fake.rf 1440.00000000 52364.02940566970416825 1.00000 7 
 fake.rf 1440.00000000 52373.98253782671701728 1.00000 7 
 fake.rf 1440.00000000 52384.00517944483807398 1.00000 7 
 fake.rf 1440.00000000 52393.94107643661028817 1.00000 7 
 fake.rf 1440.00000000 52403.92981589428355704 1.00000 7 
 fake.rf 1440.00000000 52413.90259609452354539 1.00000 7 
 fake.rf 1440.00000000 52423.89004010330026517 1.00000 7 
 fake.rf 1440.00000000 52433.82880813465481395 1.00000 7 
 fake.rf 1440.00000000 52443.84563146136349587 1.00000 7 
 fake.rf 1440.00000000 52453.78172154267668148 1.00000 7 
 fake.rf 1440.00000000 52463.80283039364823949 1.00000 7 
 fake.rf 1440.00000000 52473.74443277349451975 1.00000 7 
 fake.rf 1440.00000000 52483.69362845012211238 1.00000 7 
 fake.rf 1440.00000000 52493.66816137248374829 1.00000 7 
 fake.rf 1440.00000000 52503.64388174726060754 1.00000 7 
 fake.rf 1440.00000000 52513.64078776441969865 1.00000 7 
 fake.rf 1440.00000000 52523.62702456103389181 1.00000 7 
 fake.rf 1440.00000000 52533.56434659659728581 1.00000 7 
 fake.rf 1440.00000000 52543.53553794754044048 1.00000 7 
 fake.rf 1440.00000000 52553.49960266465235748 1.00000 7 
 fake.rf 1440.00000000 52563.50582788826938696 1.00000 7 
 fake.rf 1440.00000000 52573.44418487305506460 1.00000 7 
 fake.rf 1440.00000000 52583.46173269038871823 1.00000 7 
 fake.rf 1440.00000000 52593.37453654561698357 1.00000 7 
 fake.rf 1440.00000000 52603.36691205905710333 1.00000 7 
 fake.rf 1440.00000000 52613.34224322654022998 1.00000 7 
 fake.rf 1440.00000000 52623.34792762049767134 1.00000 7 
 fake.rf 1440.00000000 52633.29769202670189898 1.00000 7 
 fake.rf 1440.00000000 52643.30745413932974941 1.00000 7 
 fake.rf 1440.00000000 52653.26574535871986882 1.00000 7 
 fake.rf 1440.00000000 52663.18703376098424229 1.00000 7 
 fake.rf 1440.00000000 52673.17566768421124834 1.00000 7 
 fake.rf 1440.00000000 52683.19772872578281664 1.00000 7 
 fake.rf 1440.00000000 52693.16896311702194211 1.00000 7 
 fake.rf 1440.00000000 52703.12079834050313565 1.00000 7 
 fake.rf 1440.00000000 52713.07556990149558018 1.00000 7 
 fake.rf 1440.00000000 52723.04688878879594327 1.00000 7 
 fake.rf 1440.00000000 52733.01347237474213969 1.00000 7 
 fake.rf 1440.00000000 52743.01764961195973669 1.00000 7 
 fake.rf 1440.00000000 52752.94976284386937238 1.00000 7 
 fake.rf 1440.00000000 52762.96307416185531380 1.00000 7 
 fake.rf 1440.00000000 52772.93233123786617966 1.00000 7 
 fake.rf 1440.00000000 52782.91668451504452975 1.00000 7 
 fake.rf 1440.00000000 52792.82316249785719720 1.00000 7 
 fake.rf 1440.00000000 52802.87759020579714786 1.00000 7 
 fake.rf 1440.00000000 52812.78163483738491379 1.00000 7 
 fake.rf 1440.00000000 52822.79565649353126844 1.00000 7 
 fake.rf 1440.00000000 52832.78029199762831780 1.00000 7 
 fake.rf 1440.00000000 52842.73229635883333799 1.00000 7 
 fake.rf 1440.00000000 52852.66148035659343662 1.00000 7 
 fake.rf 1440.00000000 52862.63748489884295623 1.00000 7 
 fake.rf 1440.00000000 52872.62301883051004125 1.00000 7 
 fake.rf 1440.00000000 52882.60119747541179080 1.00000 7 
 fake.rf 1440.00000000 52892.62205415994785085 1.00000 7 
 fake.rf 1440.00000000 52902.54769626205974475 1.00000 7 
 fake.rf 1440.00000000 52912.54555476306444461 1.00000 7 
 fake.rf 1440.00000000 52922.48571362588075573 1.00000 7 
 fake.rf 1440.00000000 52932.44434448213070965 1.00000 7 
 fake.rf 1440.00000000 52942.41927168791502467 1.00000 7 
 fake.rf 1440.00000000 52952.39649700546364031 1.00000 7 
 fake.rf 1440.00000000 52962.42405675176270918 1.00000 7 
 fake.rf 1440.00000000 52972.34757668184879265 1.00000 7 
 fake.rf 1440.00000000 52982.34074024269083480 1.00000 7 
 fake.rf 1440.00000000 52992.33433204319136678 1.00000 7 
 fake.rf 1440.00000000 53002.25639073231533160 1.00000 7 
 fake.rf 1440.00000000 53012.22869384509575141 1.00000 7 
 fake.rf 1440.00000000 53022.20436151119163881 1.00000 7 
 fake.rf 1440.00000000 53032.20837675845369930 1.00000 7 
 fake.rf 1440.00000000 53042.17456780325504795 1.00000 7 
 fake.rf 1440.00000000 53052.18171701935566986 1.00000 7 
 fake.rf 1440.00000000 53062.14514983562580852 1.00000 7 
 fake.rf 1440.00000000 53072.06862320242309394 1.00000 7 
 fake.rf 1440.00000000 53082.07233386635201811 1.00000 7 
 fake.rf 1440.00000000 53092.04742425056981858 1.00000 7 
 fake.rf 1440.00000000 53101.98801327204012424 1.00000 7 
 fake.rf 1440.00000000 53111.99012263366218534 1.00000 7 
 fake.rf 1440.00000000 53121.97989532823092063 1.00000 7 
 fake.rf 1440.00000000 53131.96181033482757172 1.00000 7 
 fake.rf 1440.00000000 53141.89252621572477153 1.00000 7 
 fake.rf 1440.00000000 53151.86160756139722849 1.00000 7 
 fake.rf 1440.00000000 53161.88334425836310970 1.00000 7 
 fake.rf 1440.00000000 53171.81736903555085760 1.00000 7 
 fake.rf 1440.00000000 53181.79928860750448294 1.00000 7 
 fake.rf 1440.00000000 53191.74317494843794663 1.00000 7 
 fake.rf 1440.00000000 53201.72536076226065305 1.00000 7 
 fake.rf 1440.00000000 53211.74356014990109287 1.00000 7 
 fake.rf 1440.00000000 53221.71260931308205144 1.00000 7 
 fake.rf 1440.00000000 53231.66225830185875623 1.00000 7 
 fake.rf 1440.00000000 53241.66639288666342722 1.00000 7 
 fake.rf 1440.00000000 53251.63767356861779589 1.00000 7 
 fake.rf 1440.00000000 53261.59185223031146350 1.00000 7 
 fake.rf 1440.00000000 53271.56751753222528123 1.00000 7 
 fake.rf 1440.00000000 53281.48962248822286369 1.00000 7 
 fake.rf 1440.00000000 53291.46426904258939672 1.00000 7 
 fake.rf 1440.00000000 53301.46083046874486300 1.00000 7 
 fake.rf 1440.00000000 53311.41563179816732188 1.00000 7 
 fake.rf 1440.00000000 53321.38988579126330336 1.00000 7 
 fake.rf 1440.00000000 53331.38941923101353737 1.00000 7 
 fake.rf 1440.00000000 53341.37554010935187065 1.00000 7 
 fake.rf 1440.00000000 53351.34328951877182945 1.00000 7 
 fake.rf 1440.00000000 53361.29394316773322871 1.00000 7 
 fake.rf 1440.00000000 53371.27080121555269798 1.00000 7 
 fake.rf 1440.00000000 53381.27266160796552796 1.00000 7 
 fake.rf 1440.00000000 53391.25433025491347649 1.00000 7 
 fake.rf 1440.00000000 53401.23358303006347825 1.00000 7 
 fake.rf 1440.00000000 53411.20333676587040372 1.00000 7 
 fake.rf 1440.00000000 53421.13108581132721397 1.00000 7 
 fake.rf 1440.00000000 53431.12741556945435306 1.00000 7 
 fake.rf 1440.00000000 53441.10638864742203324 1.00000 7 
 fake.rf 1440.00000000 53451.07549128429378271 1.00000 7 
 fake.rf 1440.00000000 53461.06820673442244995 1.00000 7 
 fake.rf 1440.00000000 53471.01288745654364476 1.00000 7 
 fake.rf 1440.00000000 53480.94331921996325363 1.00000 7 
 fake.rf 1440.00000000 53490.94525859432301118 1.00000 7 
 fake.rf 1440.00000000 53500.94446332153323809 1.00000 7 
 fake.rf 1440.00000000 53510.88438522560653965 1.00000 7 
 fake.rf 1440.00000000 53520.84849496680494951 1.00000 7 
 fake.rf 1440.00000000 53530.84405321105510467 1.00000 7 
 fake.rf 1440.00000000 53540.84426176209492709 1.00000 7 
 fake.rf 1440.00000000 53550.75647704860686460 1.00000 7 
 fake.rf 1440.00000000 53560.75062034797802468 1.00000 7 
 fake.rf 1440.00000000 53570.73231187565840727 1.00000 7 
 fake.rf 1440.00000000 53580.73083015641294935 1.00000 7 
 fake.rf 1440.00000000 53590.67438270160440439 1.00000 7 
 fake.rf 1440.00000000 53600.65802514324104067 1.00000 7 
 fake.rf 1440.00000000 53610.59707584983479833 1.00000 7 
 fake.rf 1440.00000000 53620.60606742321661855 1.00000 7 
 fake.rf 1440.00000000 53630.59126818314502927 1.00000 7 
 fake.rf 1440.00000000 53640.55715664467653525 1.00000 7 
 fake.rf 1440.00000000 53650.49624009071882824 1.00000 7 
 fake.rf 1440.00000000 53660.47649459720425824 1.00000 7 
