FORMAT 1
MODE 1
 fake.rf 1440.00000000 50000.48415666046207662 1.00000 7 
 fake.rf 1440.00000000 50010.49400271401442453 1.00000 7 
 fake.rf 1440.00000000 50020.43430538583231026 1.00000 7 
 fake.rf 1440.00000000 50030.40572264931418545 1.00000 7 
 fake.rf 1440.00000000 50040.36898437503188219 1.00000 7 
 fake.rf 1440.00000000 50050.40118801116497238 1.00000 7 
 fake.rf 1440.00000000 50060.36241105598752199 1.00000 7 
 fake.rf 1440.00000000 50070.29902282641076638 1.00000 7 
 fake.rf 1440.00000000 50080.31258975741683770 1.00000 7 
 fake.rf 1440.00000000 50090.26226913261813678 1.00000 7 
 fake.rf 1440.00000000 50100.24134588555271108 1.00000 7 
 fake.rf 1440.00000000 50110.20141870938837059 1.00000 7 
 fake.rf 1440.00000000 50120.19612159526911910 1.00000 7 
 fake.rf 1440.00000000 50130.15643257554454237 1.00000 7 
 fake.rf 1440.00000000 50140.09255917879331932 1.00000 7 
 fake.rf 1440.00000000 50150.06825772520431883 1.00000 7 
 fake.rf 1440.00000000 50160.06432700651247814 1.00000 7 
 fake.rf 1440.00000000 50170.03022391175276340 1.00000 7 
 fake.rf 1440.00000000 50180.05089410461372879 1.00000 7 
 fake.rf 1440.00000000 50189.98480925119911333 1.00000 7 
 fake.rf 1440.00000000 50200.00672725310657185 1.00000 7 
 fake.rf 1440.00000000 50209.96054072901023702 1.00000 7 
 fake.rf 1440.00000000 50219.94204100890461717 1.00000 7 
 fake.rf 1440.00000000 50229.85915789718390911 1.00000 7 
 fake.rf 1440.00000000 50239.88581169935429571 1.00000 7 
 fake.rf 1440.00000000 50249.83815193444633707 1.00000 7 
 fake.rf 1440.00000000 50259.83344378771590399 1.00000 7 
 fake.rf 1440.00000000 50269.80788789531822403 1.00000 7 
 fake.rf 1440.00000000 50279.70640726213414240 1.00000 7 
 fake.rf 1440.00000000 50289.74415856301667205 1.00000 7 
 fake.rf 1440.00000000 50299.69229793667782502 1.00000 7 
 fake.rf 1440.00000000 50309.63781193656368629 1.00000 7 
 fake.rf 1440.00000000 50319.62938031174320841 1.00000 7 
 fake.rf 1440.00000000 50329.62846000394681312 1.00000 7 
 fake.rf 1440.00000000 50339.57269561920089629 1.00000 7 
 fake.rf 1440.00000000 50349.55483006054123507 1.00000 7 
 fake.rf 1440.00000000 50359.53008439983716471 1.00000 7 
 fake.rf 1440.00000000 50369.46284740212432496 1.00000 7 
 fake.rf 1440.00000000 50379.49223125171508286 1.00000 7 
 fake.rf 1440.00000000 50389.42502350462103422 1.00000 7 
 fake.rf 1440.00000000 50399.41810354797789273 1.00000 7 
 fake.rf 1440.00000000 50409.37053516922269480 1.00000 7 
 fake.rf 1440.00000000 50419.37403790904631862 1.00000 7 
 fake.rf 1440.00000000 50429.30579186044578677 1.00000 7 
 fake.rf 1440.00000000 50439.32917206556626155 1.00000 7 
 fake.rf 1440.00000000 50449.29610578740980742 1.00000 7 
 fake.rf 1440.00000000 50459.23086259011540022 1.00000 7 
 fake.rf 1440.00000000 50469.19428309598898608 1.00000 7 
 fake.rf 1440.00000000 50479.23775135316532570 1.00000 7 
 fake.rf 1440.00000000 50489.13714936927793175 1.00000 7 
 fake.rf 1440.00000000 50499.14512269982177983 1.00000 7 
 fake.rf 1440.00000000 50509.15447997013370340 1.00000 7 
 fake.rf 1440.00000000 50519.11832916979328090 1.00000 7 
 fake.rf 1440.00000000 50529.05177373269336982 1.00000 7 
 fake.rf 1440.00000000 50539.00555225137081905 1.00000 7 
 fake.rf 1440.00000000 50549.02335957844935521 1.00000 7 
 fake.rf 1440.00000000 50559.01978201867371254 1.00000 7 
 fake.rf 1440.00000000 50568.99615673090535495 1.00000 7 
 fake.rf 1440.00000000 50578.93237918101815254 1.00000 7 
 fake.rf 1440.00000000 50588.93795865681664736 1.00000 7 
 fake.rf 1440.00000000 50598.89605563102623265 1.00000 7 
 fake.rf 1440.00000000 50608.80772179088743812 1.00000 7 
 fake.rf 1440.00000000 50618.78611963461833056 1.00000 7 
 fake.rf 1440.00000000 50628.76308934061290046 1.00000 7 
 fake.rf 1440.00000000 50638.78447284762829739 1.00000 7 
 fake.rf 1440.00000000 50648.73441062482631381 1.00000 7 
 fake.rf 1440.00000000 50658.72081905291016213 1.00000 7 
 fake.rf 1440.00000000 50668.66142791628242392 1.00000 7 
 fake.rf 1440.00000000 50678.65476636970910818 1.00000 7 
 fake.rf 1440.00000000 50688.61452964849944891 1.00000 7 
 fake.rf 1440.00000000 50698.59856843290674888 1.00000 7 
 fake.rf 1440.00000000 50708.61229130050008251 1.00000 7 
 fake.rf 1440.00000000 50718.55179051123802125 1.00000 7 
 fake.rf 1440.00000000 50728.48330304257580536 1.00000 7 
 fake.rf 1440.00000000 50738.45608417988858463 1.00000 7 
 fake.rf 1440.00000000 50748.44626793855841385 1.00000 7 
 fake.rf 1440.00000000 50758.45535185171634396 1.00000 7 
 fake.rf 1440.00000000 50768.39019412586090851 1.00000 7 
 fake.rf 1440.00000000 50778.37110272801519884 1.00000 7 
 fake.rf 1440.00000000 50788.36762593605286042 1.00000 7 
 fake.rf 1440.00000000 50798.31250385976047923 1.00000 7 
 fake.rf 1440.00000000 50808.32869013916319645 1.00000 7 
 fake.rf 1440.00000000 50818.27854158999035405 1.00000 7 
 fake.rf 1440.00000000 50828.21457304882193640 1.00000 7 
 fake.rf 1440.00000000 50838.19150823115852944 1.00000 7 
 fake.rf 1440.00000000 50848.20577589008410513 1.00000 7 
 fake.rf 1440.00000000 50858.18691897078916497 1.00000 7 
 fake.rf 1440.00000000 50868.10424761132009408 1.00000 7 
 fake.rf 1440.00000000 50878.12219429582464869 1.00000 7 
 fake.rf 1440.00000000 50888.06686417245557408 1.00000 7 
 fake.rf 1440.00000000 50898.01707664212823445 1.00000 7 
 fake.rf 1440.00000000 50908.02042464283762158 1.00000 7 
 fake.rf 1440.00000000 50917.98739830213270707 1.00000 7 
 fake.rf 1440.00000000 50927.94331293593603505 1.00000 7 
 fake.rf 1440.00000000 50937.95093500396599495 1.00000 7 
 fake.rf 1440.00000000 50947.88326315385073073 1.00000 7 
 fake.rf 1440.00000000 50957.89975324848989757 1.00000 7 
 fake.rf 1440.00000000 50967.83775472011378227 1.00000 7 
 fake.rf 1440.00000000 50977.82132945154893022 1.00000 7 
 fake.rf 1440.00000000 50987.77512899028268123 1.00000 7 
 fake.rf 1440.00000000 50997.78353144359813243 1.00000 7 
 fake.rf 1440.00000000 51007.77844925002381160 1.00000 7 
 fake.rf 1440.00000000 51017.68994260687209064 1.00000 7 
 fake.rf 1440.00000000 51027.66514864028330223 1.00000 7 
 fake.rf 1440.00000000 51037.70221663407037482 1.00000 7 
 fake.rf 1440.00000000 51047.61379546543481212 1.00000 7 
 fake.rf 1440.00000000 51057.60648959528297297 1.00000 7 
 fake.rf 1440.00000000 51067.59661254679144804 1.00000 7 
 fake.rf 1440.00000000 51077.55367127396556981 1.00000 7 
 fake.rf 1440.00000000 51087.55457837291929479 1.00000 7 
 fake.rf 1440.00000000 51097.48519548813675328 1.00000 7 
 fake.rf 1440.00000000 51107.49776981722056846 1.00000 7 
 fake.rf 1440.00000000 51117.45883416687021494 1.00000 7 
 fake.rf 1440.00000000 51127.44994041714427979 1.00000 7 
 fake.rf 1440.00000000 51137.42585054272977985 1.00000 7 
 fake.rf 1440.00000000 51147.39115442222871266 1.00000 7 
 fake.rf 1440.00000000 51157.34049934215350319 1.00000 7 
 fake.rf 1440.00000000 51167.32485685942959819 1.00000 7 
 fake.rf 1440.00000000 51177.31812705565772603 1.00000 7 
 fake.rf 1440.00000000 51187.22938964175554943 1.00000 7 
 fake.rf 1440.00000000 51197.26905469827132578 1.00000 7 
 fake.rf 1440.00000000 51207.23984172394040471 1.00000 7 
 fake.rf 1440.00000000 51217.18175663284980459 1.00000 7 
 fake.rf 1440.00000000 51227.13236639852931731 1.00000 7 
 fake.rf 1440.00000000 51237.08637233260444788 1.00000 7 
 fake.rf 1440.00000000 51247.06321364785319972 1.00000 7 
 fake.rf 1440.00000000 51257.05678921465878872 1.00000 7 
 fake.rf 1440.00000000 51267.05458961269396667 1.00000 7 
 fake.rf 1440.00000000 51276.99673674986990335 1.00000 7 
 fake.rf 1440.00000000 51287.00119136245530527 1.00000 7 
 fake.rf 1440.00000000 51296.98009564069143806 1.00000 7 
 fake.rf 1440.00000000 51306.95794951131395933 1.00000 7 
 fake.rf 1440.00000000 51316.90129295796909403 1.00000 7 
 fake.rf 1440.00000000 51326.90232824821936575 1.00000 7 
 fake.rf 1440.00000000 51336.88269250364606222 1.00000 7 
 fake.rf 1440.00000000 51346.80707495394624118 1.00000 7 
 fake.rf 1440.00000000 51356.83032676151774254 1.00000 7 
 fake.rf 1440.00000000 51366.74735613456882177 1.00000 7 
 fake.rf 1440.00000000 51376.77249916631259552 1.00000 7 
 fake.rf 1440.00000000 51386.69678069333616932 1.00000 7 
 fake.rf 1440.00000000 51396.72535483754310448 1.00000 7 
 fake.rf 1440.00000000 51406.62508598193368314 1.00000 7 
 fake.rf 1440.00000000 51416.67257954417212318 1.00000 7 
 fake.rf 1440.00000000 51426.60618902780863948 1.00000 7 
 fake.rf 1440.00000000 51436.60766410989855046 1.00000 7 
 fake.rf 1440.00000000 51446.57503880073034708 1.00000 7 
 fake.rf 1440.00000000 51456.50125649380265003 1.00000 7 
 fake.rf 1440.00000000 51466.47938078172036569 1.00000 7 
 fake.rf 1440.00000000 51476.45841734245946597 1.00000 7 
 fake.rf 1440.00000000 51486.40520956182408341 1.00000 7 
 fake.rf 1440.00000000 51496.40523413229079353 1.00000 7 
 fake.rf 1440.00000000 51506.36790677041032183 1.00000 7 
 fake.rf 1440.00000000 51516.39612360702144045 1.00000 7 
 fake.rf 1440.00000000 51526.36536744339448290 1.00000 7 
 fake.rf 1440.00000000 51536.30595413624634560 1.00000 7 
 fake.rf 1440.00000000 51546.31548131667361190 1.00000 7 
 fake.rf 1440.00000000 51556.28887078907636621 1.00000 7 
 fake.rf 1440.00000000 51566.25033741054872394 1.00000 7 
 fake.rf 1440.00000000 51576.20163596065684430 1.00000 7 
 fake.rf 1440.00000000 51586.14447686156862005 1.00000 7 
 fake.rf 1440.00000000 51596.13770245034094231 1.00000 7 
 fake.rf 1440.00000000 51606.09520956922543178 1.00000 7 
 fake.rf 1440.00000000 51616.12654207064409562 1.00000 7 
 fake.rf 1440.00000000 51626.09041537659375720 1.00000 7 
 fake.rf 1440.00000000 51635.99292884558109407 1.00000 7 
 fake.rf 1440.00000000 51646.03192995331289694 1.00000 7 
 fake.rf 1440.00000000 51655.94749002993200904 1.00000 7 
 fake.rf 1440.00000000 51665.98389295933788290 1.00000 7 
 fake.rf 1440.00000000 51675.88389441912459787 1.00000 7 
 fake.rf 1440.00000000 51685.93523520971063689 1.00000 7 
 fake.rf 1440.00000000 51695.83989065795302409 1.00000 7 
 fake.rf 1440.00000000 51705.87910392241986912 1.00000 7 
 fake.rf 1440.00000000 51715.85748016981763087 1.00000 7 
 fake.rf 1440.00000000 51725.75360023874209148 1.00000 7 
 fake.rf 1440.00000000 51735.75372732804270370 1.00000 7 
 fake.rf 1440.00000000 51745.76088294821085256 1.00000 7 
 fake.rf 1440.00000000 51755.73501535210126434 1.00000 7 
 fake.rf 1440.00000000 51765.68866445719587688 1.00000 7 
 fake.rf 1440.00000000 51775.61791541984811360 1.00000 7 
 fake.rf 1440.00000000 51785.59838871930224968 1.00000 7 
 fake.rf 1440.00000000 51795.60946771620247375 1.00000 7 
 fake.rf 1440.00000000 51805.56604756030873915 1.00000 7 
 fake.rf 1440.00000000 51815.53649782454194295 1.00000 7 
 fake.rf 1440.00000000 51825.51976466121975307 1.00000 7 
 fake.rf 1440.00000000 51835.47289270354340118 1.00000 7 
 fake.rf 1440.00000000 51845.49456733296210231 1.00000 7 
 fake.rf 1440.00000000 51855.43133231930870508 1.00000 7 
 fake.rf 1440.00000000 51865.38515418867294571 1.00000 7 
 fake.rf 1440.00000000 51875.39559970898337227 1.00000 7 
 fake.rf 1440.00000000 51885.31096760324692951 1.00000 7 
 fake.rf 1440.00000000 51895.31826806949905517 1.00000 7 
 fake.rf 1440.00000000 51905.26591015718515010 1.00000 7 
 fake.rf 1440.00000000 51915.24942290035651382 1.00000 7 
 fake.rf 1440.00000000 51925.23202683392512569 1.00000 7 
 fake.rf 1440.00000000 51935.25417993019679486 1.00000 7 
 fake.rf 1440.00000000 51945.16751042158852059 1.00000 7 
 fake.rf 1440.00000000 51955.13308645593466295 1.00000 7 
 fake.rf 1440.00000000 51965.09810394789480270 1.00000 7 
 fake.rf 1440.00000000 51975.07514170015429755 1.00000 7 
 fake.rf 1440.00000000 51985.05135688055951348 1.00000 7 
 fake.rf 1440.00000000 51995.01168615785425686 1.00000 7 
 fake.rf 1440.00000000 52005.00401704804681202 1.00000 7 
 fake.rf 1440.00000000 52014.96341646439671536 1.00000 7 
 fake.rf 1440.00000000 52024.92942634218526621 1.00000 7 
 fake.rf 1440.00000000 52034.92851497616776868 1.00000 7 
 fake.rf 1440.00000000 52044.91534576604174944 1.00000 7 
 fake.rf 1440.00000000 52054.91581566358631505 1.00000 7 
 fake.rf 1440.00000000 52064.83300768620335930 1.00000 7 
 fake.rf 1440.00000000 52074.80079191947146100 1.00000 7 
 fake.rf 1440.00000000 52084.84115041960151515 1.00000 7 
 fake.rf 1440.00000000 52094.76612006963094004 1.00000 7 
 fake.rf 1440.00000000 52104.77228764417989026 1.00000 7 
 fake.rf 1440.00000000 52114.71319701847816575 1.00000 7 
 fake.rf 1440.00000000 52124.71925457289115968 1.00000 7 
 fake.rf 1440.00000000 52134.65266000452286121 1.00000 7 
 fake.rf 1440.00000000 52144.65733505689092908 1.00000 7 
 fake.rf 1440.00000000 52154.62903825357454934 1.00000 7 
 fake.rf 1440.00000000 52164.60984631752249641 1.00000 7 
 fake.rf 1440.00000000 52174.59564759040893023 1.00000 7 
 fake.rf 1440.00000000 52184.52176731555668354 1.00000 7 
 fake.rf 1440.00000000 52194.52858097909409452 1.00000 7 
 fake.rf 1440.00000000 52204.46565364512053620 1.00000 7 
 fake.rf 1440.00000000 52214.45005316661889694 1.00000 7 
 fake.rf 1440.00000000 52224.38435052875657760 1.00000 7 
 fake.rf 1440.00000000 52234.41466484715394003 1.00000 7 
 fake.rf 1440.00000000 52244.36518840840232158 1.00000 7 
 fake.rf 1440.00000000 52254.32345395754548179 1.00000 7 
 fake.rf 1440.00000000 52264.34664860243255191 1.00000 7 
 fake.rf 1440.00000000 52274.28949402983671746 1.00000 7 
 fake.rf 1440.00000000 52284.25210168156880286 1.00000 7 
 fake.rf 1440.00000000 52294.19548247013963049 1.00000 7 
 fake.rf 1440.00000000 52304.20929484734242365 1.00000 7 
 fake.rf 1440.00000000 52314.19153775433862208 1.00000 7 
 fake.rf 1440.00000000 52324.12162231107655685 1.00000 7 
 fake.rf 1440.00000000 52334.12874889527645195 1.00000 7 
 fake.rf 1440.00000000 52344.13738471375495109 1.00000 7 
 fake.rf 1440.00000000 52354.08160441255654760 1.00000 7 
 fake.rf 1440.00000000 52364.03317188240508528 1.00000 7 
 fake.rf 1440.00000000 52373.98630406117068148 1.00000 7 
 fake.rf 1440.00000000 52384.00894569242702659 1.00000 7 
 fake.rf 1440.00000000 52393.94484266658136917 1.00000 7 
 fake.rf 1440.00000000 52403.93358214569424192 1.00000 7 
 fake.rf 1440.00000000 52413.90636234816231465 1.00000 7 
 fake.rf 1440.00000000 52423.89380637707354182 1.00000 7 
 fake.rf 1440.00000000 52433.83257437745510998 1.00000 7 
 fake.rf 1440.00000000 52443.84939769132474296 1.00000 7 
 fake.rf 1440.00000000 52453.78548778163010979 1.00000 7 
 fake.rf 1440.00000000 52463.80659662199945004 1.00000 7 
 fake.rf 1440.00000000 52473.74819900194401612 1.00000 7 
 fake.rf 1440.00000000 52483.69739469583324265 1.00000 7 
 fake.rf 1440.00000000 52493.67192762433690945 1.00000 7 
 fake.rf 1440.00000000 52503.64764796975055461 1.00000 7 
 fake.rf 1440.00000000 52513.64455402162462505 1.00000 7 
 fake.rf 1440.00000000 52523.63079080164722612 1.00000 7 
 fake.rf 1440.00000000 52533.56811282417556441 1.00000 7 
 fake.rf 1440.00000000 52543.53930419072436919 1.00000 7 
 fake.rf 1440.00000000 52553.50336890407481860 1.00000 7 
 fake.rf 1440.00000000 52563.50959414557368632 1.00000 7 
 fake.rf 1440.00000000 52573.44795114420169924 1.00000 7 
 fake.rf 1440.00000000 52583.46549893923016228 1.00000 7 
 fake.rf 1440.00000000 52593.37830279116563759 1.00000 7 
 fake.rf 1440.00000000 52603.37067828418916804 1.00000 7 
 fake.rf 1440.00000000 52613.34600947663947679 1.00000 7 
 fake.rf 1440.00000000 52623.35169387589014534 1.00000 7 
 fake.rf 1440.00000000 52633.30145825676221349 1.00000 7 
 fake.rf 1440.00000000 52643.31122034867526693 1.00000 7 
 fake.rf 1440.00000000 52653.26951160805079866 1.00000 7 
 fake.rf 1440.00000000 52663.19079998995634284 1.00000 7 
 fake.rf 1440.00000000 52673.17943391775963136 1.00000 7 
 fake.rf 1440.00000000 52683.20149498452256864 1.00000 7 
 fake.rf 1440.00000000 52693.17272936801424876 1.00000 7 
 fake.rf 1440.00000000 52703.12456458601980458 1.00000 7 
 fake.rf 1440.00000000 52713.07933610924423817 1.00000 7 
 fake.rf 1440.00000000 52723.05065504403800603 1.00000 7 
 fake.rf 1440.00000000 52733.01723860412217704 1.00000 7 
 fake.rf 1440.00000000 52743.02141586490190761 1.00000 7 
 fake.rf 1440.00000000 52752.95352907689997934 1.00000 7 
 fake.rf 1440.00000000 52762.96684039820981127 1.00000 7 
 fake.rf 1440.00000000 52772.93609747565124124 1.00000 7 
 fake.rf 1440.00000000 52782.92045075231538220 1.00000 7 
 fake.rf 1440.00000000 52792.82692875162028301 1.00000 7 
 fake.rf 1440.00000000 52802.88135646650477284 1.00000 7 
 fake.rf 1440.00000000 52812.78540105575914865 1.00000 7 
 fake.rf 1440.00000000 52822.79942274004681124 1.00000 7 
 fake.rf 1440.00000000 52832.78405825762450831 1.00000 7 
 fake.rf 1440.00000000 52842.73606259734107837 1.00000 7 
 fake.rf 1440.00000000 52852.66524657098068118 1.00000 7 
 fake.rf 1440.00000000 52862.64125115441534675 1.00000 7 
 fake.rf 1440.00000000 52872.62678505948095875 1.00000 7 
 fake.rf 1440.00000000 52882.60496373879846388 1.00000 7 
 fake.rf 1440.00000000 52892.62582040223325919 1.00000 7 
 fake.rf 1440.00000000 52902.55146250116669648 1.00000 7 
 fake.rf 1440.00000000 52912.54932100986193433 1.00000 7 
 fake.rf 1440.00000000 52922.48947986439852542 1.00000 7 
 fake.rf 1440.00000000 52932.44811071848658557 1.00000 7 
 fake.rf 1440.00000000 52942.42303793738958717 1.00000 7 
 fake.rf 1440.00000000 52952.40026325014535757 1.00000 7 
 fake.rf 1440.00000000 52962.42782300552290664 1.00000 7 
 fake.rf 1440.00000000 52972.35134294406078581 1.00000 7 
 fake.rf 1440.00000000 52982.34450650528001958 1.00000 7 
 fake.rf 1440.00000000 52992.33809829266115088 1.00000 7 
 fake.rf 1440.00000000 53002.26015696586951620 1.00000 7 
 fake.rf 1440.00000000 53012.23246009490065234 1.00000 7 
 fake.rf 1440.00000000 53022.20812774901587616 1.00000 7 
 fake.rf 1440.00000000 53032.21214299877521725 1.00000 7 
 fake.rf 1440.00000000 53042.17833404825051602 1.00000 7 
 fake.rf 1440.00000000 53052.18548326256245318 1.00000 7 
 fake.rf 1440.00000000 53062.14891609309268006 1.00000 7 
 fake.rf 1440.00000000 53072.07238940933314453 1.00000 7 
 fake.rf 1440.00000000 53082.07610011454025312 1.00000 7 
 fake.rf 1440.00000000 53092.05119050113490431 1.00000 7 
 fake.rf 1440.00000000 53101.99177948979438213 1.00000 7 
 fake.rf 1440.00000000 53111.99388887756125044 1.00000 7 
 fake.rf 1440.00000000 53121.98366155726235505 1.00000 7 
 fake.rf 1440.00000000 53131.96557657903282035 1.00000 7 
 fake.rf 1440.00000000 53141.89629245388950096 1.00000 7 
 fake.rf 1440.00000000 53151.86537381691119108 1.00000 7 
 fake.rf 1440.00000000 53161.88711047604496329 1.00000 7 
 fake.rf 1440.00000000 53171.82113526955264504 1.00000 7 
 fake.rf 1440.00000000 53181.80305485962293588 1.00000 7 
 fake.rf 1440.00000000 53191.74694119731189446 1.00000 7 
 fake.rf 1440.00000000 53201.72912700727313151 1.00000 7 
 fake.rf 1440.00000000 53211.74732639449326399 1.00000 7 
 fake.rf 1440.00000000 53221.71637555704717926 1.00000 7 
 fake.rf 1440.00000000 53231.66602454196191374 1.00000 7 
 fake.rf 1440.00000000 53241.67015909217772318 1.00000 7 
 fake.rf 1440.00000000 53251.64143979168389009 1.00000 7 
 fake.rf 1440.00000000 53261.59561846281507158 1.00000 7 
 fake.rf 1440.00000000 53271.57128374545498417 1.00000 7 
 fake.rf 1440.00000000 53281.49338871936831907 1.00000 7 
 fake.rf 1440.00000000 53291.46803529771929320 1.00000 7 
 fake.rf 1440.00000000 53301.46459672513914185 1.00000 7 
 fake.rf 1440.00000000 53311.41939802212206700 1.00000 7 
 fake.rf 1440.00000000 53321.39365202580924219 1.00000 7 
 fake.rf 1440.00000000 53331.39318545486946377 1.00000 7 
 fake.rf 1440.00000000 53341.37930635306938498 1.00000 7 
 fake.rf 1440.00000000 53351.34705574499814773 1.00000 7 
 fake.rf 1440.00000000 53361.29770939206283487 1.00000 7 
 fake.rf 1440.00000000 53371.27456742168460835 1.00000 7 
 fake.rf 1440.00000000 53381.27642783387561920 1.00000 7 
 fake.rf 1440.00000000 53391.25809651944824807 1.00000 7 
 fake.rf 1440.00000000 53401.23734927143921780 1.00000 7 
 fake.rf 1440.00000000 53411.20710300012222049 1.00000 7 
 fake.rf 1440.00000000 53421.13485208001111459 1.00000 7 
 fake.rf 1440.00000000 53431.13118180072921248 1.00000 7 
 fake.rf 1440.00000000 53441.11015488877191260 1.00000 7 
 fake.rf 1440.00000000 53451.07925751107365997 1.00000 7 
 fake.rf 1440.00000000 53461.07197296468379122 1.00000 7 
 fake.rf 1440.00000000 53471.01665370133826016 1.00000 7 
 fake.rf 1440.00000000 53480.94708545225562446 1.00000 7 
 fake.rf 1440.00000000 53490.94902480466435435 1.00000 7 
 fake.rf 1440.00000000 53500.94822954800597259 1.00000 7 
 fake.rf 1440.00000000 53510.88815144775891142 1.00000 7 
 fake.rf 1440.00000000 53520.85226119919638066 1.00000 7 
 fake.rf 1440.00000000 53530.84781945448865059 1.00000 7 
 fake.rf 1440.00000000 53540.84802800867784356 1.00000 7 
 fake.rf 1440.00000000 53550.76024327963088112 1.00000 7 
 fake.rf 1440.00000000 53560.75438656757246036 1.00000 7 
 fake.rf 1440.00000000 53570.73607810145264452 1.00000 7 
 fake.rf 1440.00000000 53580.73459636493369018 1.00000 7 
 fake.rf 1440.00000000 53590.67814895451932955 1.00000 7 
 fake.rf 1440.00000000 53600.66179137788623166 1.00000 7 
 fake.rf 1440.00000000 53610.60084209987227766 1.00000 7 
 fake.rf 1440.00000000 53620.60983364371671911 1.00000 7 
 fake.rf 1440.00000000 53630.59503444552918339 1.00000 7 
 fake.rf 1440.00000000 53640.56092288747741037 1.00000 7 
 fake.rf 1440.00000000 53650.50000633999986732 1.00000 7 
 fake.rf 1440.00000000 53660.48026081807449117 1.00000 7 
