FORMAT 1
MODE 1
 fake.rf 1440.00000000 50000.48401408853846561 1.00000 7 
 fake.rf 1440.00000000 50010.49386013442414622 1.00000 7 
 fake.rf 1440.00000000 50020.43416277883820698 1.00000 7 
 fake.rf 1440.00000000 50030.40558007790555095 1.00000 7 
 fake.rf 1440.00000000 50040.36884178712779914 1.00000 7 
 fake.rf 1440.00000000 50050.40104546451839695 1.00000 7 
 fake.rf 1440.00000000 50060.36226852930174758 1.00000 7 
 fake.rf 1440.00000000 50070.29888024989034889 1.00000 7 
 fake.rf 1440.00000000 50080.31244719346982563 1.00000 7 
 fake.rf 1440.00000000 50090.26212654518103662 1.00000 7 
 fake.rf 1440.00000000 50100.24120328527219925 1.00000 7 
 fake.rf 1440.00000000 50110.20127615917254360 1.00000 7 
 fake.rf 1440.00000000 50120.19597902946937751 1.00000 7 
 fake.rf 1440.00000000 50130.15628996589456534 1.00000 7 
 fake.rf 1440.00000000 50140.09241658443839285 1.00000 7 
 fake.rf 1440.00000000 50150.06811516543893958 1.00000 7 
 fake.rf 1440.00000000 50160.06418442573527727 1.00000 7 
 fake.rf 1440.00000000 50170.03008133235078958 1.00000 7 
 fake.rf 1440.00000000 50180.05075152449406772 1.00000 7 
 fake.rf 1440.00000000 50189.98466667086542614 1.00000 7 
 fake.rf 1440.00000000 50200.00658467001355234 1.00000 7 
 fake.rf 1440.00000000 50209.96039817944409478 1.00000 7 
 fake.rf 1440.00000000 50219.94189841067405666 1.00000 7 
 fake.rf 1440.00000000 50229.85901532554504101 1.00000 7 
 fake.rf 1440.00000000 50239.88566916386202976 1.00000 7 
 fake.rf 1440.00000000 50249.83800936089683020 1.00000 7 
 fake.rf 1440.00000000 50259.83330118192395375 1.00000 7 
 fake.rf 1440.00000000 50269.80774534793941299 1.00000 7 
 fake.rf 1440.00000000 50279.70626466880888472 1.00000 7 
 fake.rf 1440.00000000 50289.74401598334428343 1.00000 7 
 fake.rf 1440.00000000 50299.69215537286482487 1.00000 7 
 fake.rf 1440.00000000 50309.63766935784054368 1.00000 7 
 fake.rf 1440.00000000 50319.62923773007825545 1.00000 7 
 fake.rf 1440.00000000 50329.62831745774768422 1.00000 7 
 fake.rf 1440.00000000 50339.57255305403224810 1.00000 7 
 fake.rf 1440.00000000 50349.55468749583394228 1.00000 7 
 fake.rf 1440.00000000 50359.52994180621029230 1.00000 7 
 fake.rf 1440.00000000 50369.46270483051201694 1.00000 7 
 fake.rf 1440.00000000 50379.49208868325138866 1.00000 7 
 fake.rf 1440.00000000 50389.42488091789758187 1.00000 7 
 fake.rf 1440.00000000 50399.41796097778393460 1.00000 7 
 fake.rf 1440.00000000 50409.37039260336531754 1.00000 7 
 fake.rf 1440.00000000 50419.37389535936656060 1.00000 7 
 fake.rf 1440.00000000 50429.30564929718939027 1.00000 7 
 fake.rf 1440.00000000 50439.32902948903855744 1.00000 7 
 fake.rf 1440.00000000 50449.29596318128664834 1.00000 7 
 fake.rf 1440.00000000 50459.23072003348842074 1.00000 7 
 fake.rf 1440.00000000 50469.19414050908754277 1.00000 7 
 fake.rf 1440.00000000 50479.23760879088505860 1.00000 7 
 fake.rf 1440.00000000 50489.13700679179999753 1.00000 7 
 fake.rf 1440.00000000 50499.14498011166092795 1.00000 7 
 fake.rf 1440.00000000 50509.15433740069445889 1.00000 7 
 fake.rf 1440.00000000 50519.11818655881118190 1.00000 7 
 fake.rf 1440.00000000 50529.05163118355502405 1.00000 7 
 fake.rf 1440.00000000 50539.00540967748686683 1.00000 7 
 fake.rf 1440.00000000 50549.02321696963503328 1.00000 7 
 fake.rf 1440.00000000 50559.01963946959462248 1.00000 7 
 fake.rf 1440.00000000 50568.99601413051703247 1.00000 7 
 fake.rf 1440.00000000 50578.93223661563402516 1.00000 7 
 fake.rf 1440.00000000 50588.93781607888226404 1.00000 7 
 fake.rf 1440.00000000 50598.89591306218983746 1.00000 7 
 fake.rf 1440.00000000 50608.80757922052270814 1.00000 7 
 fake.rf 1440.00000000 50618.78597703981868250 1.00000 7 
 fake.rf 1440.00000000 50628.76294675366272813 1.00000 7 
 fake.rf 1440.00000000 50638.78433027831525237 1.00000 7 
 fake.rf 1440.00000000 50648.73426803233974169 1.00000 7 
 fake.rf 1440.00000000 50658.72067649158520908 1.00000 7 
 fake.rf 1440.00000000 50668.66128533816273816 1.00000 7 
 fake.rf 1440.00000000 50678.65462381525366808 1.00000 7 
 fake.rf 1440.00000000 50688.61438710878190861 1.00000 7 
 fake.rf 1440.00000000 50698.59842584471049420 1.00000 7 
 fake.rf 1440.00000000 50708.61214871581067598 1.00000 7 
 fake.rf 1440.00000000 50718.55164796784721659 1.00000 7 
 fake.rf 1440.00000000 50728.48316050498261021 1.00000 7 
 fake.rf 1440.00000000 50738.45594159991102856 1.00000 7 
 fake.rf 1440.00000000 50748.44612540076993668 1.00000 7 
 fake.rf 1440.00000000 50758.45520928554214635 1.00000 7 
 fake.rf 1440.00000000 50768.39005157432160686 1.00000 7 
 fake.rf 1440.00000000 50778.37096018583305579 1.00000 7 
 fake.rf 1440.00000000 50788.36748333826483304 1.00000 7 
 fake.rf 1440.00000000 50798.31236129241852595 1.00000 7 
 fake.rf 1440.00000000 50808.32854758277629159 1.00000 7 
 fake.rf 1440.00000000 50818.27839904199260346 1.00000 7 
 fake.rf 1440.00000000 50828.21443045461806065 1.00000 7 
 fake.rf 1440.00000000 50838.19136567387138470 1.00000 7 
 fake.rf 1440.00000000 50848.20563328610012732 1.00000 7 
 fake.rf 1440.00000000 50858.18677639090824272 1.00000 7 
 fake.rf 1440.00000000 50868.10410506721787982 1.00000 7 
 fake.rf 1440.00000000 50878.12205171894401445 1.00000 7 
 fake.rf 1440.00000000 50888.06672158370119874 1.00000 7 
 fake.rf 1440.00000000 50898.01693408059603030 1.00000 7 
 fake.rf 1440.00000000 50908.02028207457081521 1.00000 7 
 fake.rf 1440.00000000 50917.98725574048280507 1.00000 7 
 fake.rf 1440.00000000 50927.94317039314817919 1.00000 7 
 fake.rf 1440.00000000 50937.95079242728890989 1.00000 7 
 fake.rf 1440.00000000 50947.88312057503756591 1.00000 7 
 fake.rf 1440.00000000 50957.89961069079634726 1.00000 7 
 fake.rf 1440.00000000 50967.83761214411273954 1.00000 7 
 fake.rf 1440.00000000 50977.82118686033669164 1.00000 7 
 fake.rf 1440.00000000 50987.77498640568861177 1.00000 7 
 fake.rf 1440.00000000 50997.78338887904610743 1.00000 7 
 fake.rf 1440.00000000 51007.77830664685868811 1.00000 7 
 fake.rf 1440.00000000 51017.68980006471416999 1.00000 7 
 fake.rf 1440.00000000 51027.66500608060825428 1.00000 7 
 fake.rf 1440.00000000 51037.70207409796753240 1.00000 7 
 fake.rf 1440.00000000 51047.61365290609046497 1.00000 7 
 fake.rf 1440.00000000 51057.60634701500624288 1.00000 7 
 fake.rf 1440.00000000 51067.59646993636060586 1.00000 7 
 fake.rf 1440.00000000 51077.55352873077844933 1.00000 7 
 fake.rf 1440.00000000 51087.55443580114879865 1.00000 7 
 fake.rf 1440.00000000 51097.48505288158525062 1.00000 7 
 fake.rf 1440.00000000 51107.49762725505893357 1.00000 7 
 fake.rf 1440.00000000 51117.45869159327497755 1.00000 7 
 fake.rf 1440.00000000 51127.44979786009117362 1.00000 7 
 fake.rf 1440.00000000 51137.42570799703080198 1.00000 7 
 fake.rf 1440.00000000 51147.39101184007583356 1.00000 7 
 fake.rf 1440.00000000 51157.34035676231176382 1.00000 7 
 fake.rf 1440.00000000 51167.32471432513546006 1.00000 7 
 fake.rf 1440.00000000 51177.31798449608982793 1.00000 7 
 fake.rf 1440.00000000 51187.22924705926623190 1.00000 7 
 fake.rf 1440.00000000 51197.26891215843532379 1.00000 7 
 fake.rf 1440.00000000 51207.23969911516212861 1.00000 7 
 fake.rf 1440.00000000 51217.18161408949344704 1.00000 7 
 fake.rf 1440.00000000 51227.13222382873698635 1.00000 7 
 fake.rf 1440.00000000 51237.08622975017078360 1.00000 7 
 fake.rf 1440.00000000 51247.06307107038339055 1.00000 7 
 fake.rf 1440.00000000 51257.05664665939735158 1.00000 7 
 fake.rf 1440.00000000 51267.05444705689919971 1.00000 7 
 fake.rf 1440.00000000 51276.99659415142492236 1.00000 7 
 fake.rf 1440.00000000 51287.00104875999220155 1.00000 7 
 fake.rf 1440.00000000 51296.97995305548461786 1.00000 7 
 fake.rf 1440.00000000 51306.95780696992613201 1.00000 7 
 fake.rf 1440.00000000 51316.90115038196673680 1.00000 7 
 fake.rf 1440.00000000 51326.90218567688846463 1.00000 7 
 fake.rf 1440.00000000 51336.88254993242092183 1.00000 7 
 fake.rf 1440.00000000 51346.80693237800958784 1.00000 7 
 fake.rf 1440.00000000 51356.83018416406750006 1.00000 7 
 fake.rf 1440.00000000 51366.74721355810878975 1.00000 7 
 fake.rf 1440.00000000 51376.77235657808608948 1.00000 7 
 fake.rf 1440.00000000 51386.69663810703217166 1.00000 7 
 fake.rf 1440.00000000 51396.72521223865252793 1.00000 7 
 fake.rf 1440.00000000 51406.62494340392172276 1.00000 7 
 fake.rf 1440.00000000 51416.67243699513557331 1.00000 7 
 fake.rf 1440.00000000 51426.60604645251966360 1.00000 7 
 fake.rf 1440.00000000 51436.60752155223325133 1.00000 7 
 fake.rf 1440.00000000 51446.57489620830629917 1.00000 7 
 fake.rf 1440.00000000 51456.50111388776924670 1.00000 7 
 fake.rf 1440.00000000 51466.47923821396430810 1.00000 7 
 fake.rf 1440.00000000 51476.45827478075277028 1.00000 7 
 fake.rf 1440.00000000 51486.40506698904047056 1.00000 7 
 fake.rf 1440.00000000 51496.40509155323407597 1.00000 7 
 fake.rf 1440.00000000 51506.36776419554632511 1.00000 7 
 fake.rf 1440.00000000 51516.39598104268653600 1.00000 7 
 fake.rf 1440.00000000 51526.36522489188682528 1.00000 7 
 fake.rf 1440.00000000 51536.30581155172299290 1.00000 7 
 fake.rf 1440.00000000 51546.31533872165397625 1.00000 7 
 fake.rf 1440.00000000 51556.28872823617836119 1.00000 7 
 fake.rf 1440.00000000 51566.25019483338122583 1.00000 7 
 fake.rf 1440.00000000 51576.20149337563678671 1.00000 7 
 fake.rf 1440.00000000 51586.14433431045458178 1.00000 7 
 fake.rf 1440.00000000 51596.13755987233349742 1.00000 7 
 fake.rf 1440.00000000 51606.09506700125504608 1.00000 7 
 fake.rf 1440.00000000 51616.12639951419054896 1.00000 7 
 fake.rf 1440.00000000 51626.09027284859209672 1.00000 7 
 fake.rf 1440.00000000 51635.99278628176642414 1.00000 7 
 fake.rf 1440.00000000 51646.03178734616729528 1.00000 7 
 fake.rf 1440.00000000 51655.94734742141325157 1.00000 7 
 fake.rf 1440.00000000 51665.98375039910059314 1.00000 7 
 fake.rf 1440.00000000 51675.88375184947466678 1.00000 7 
 fake.rf 1440.00000000 51685.93509259766451436 1.00000 7 
 fake.rf 1440.00000000 51695.83974811488249657 1.00000 7 
 fake.rf 1440.00000000 51705.87896134210830112 1.00000 7 
 fake.rf 1440.00000000 51715.85733759025685430 1.00000 7 
 fake.rf 1440.00000000 51725.75345767794863860 1.00000 7 
 fake.rf 1440.00000000 51735.75358473554232575 1.00000 7 
 fake.rf 1440.00000000 51745.76074039682910666 1.00000 7 
 fake.rf 1440.00000000 51755.73487277902572501 1.00000 7 
 fake.rf 1440.00000000 51765.68852190079313758 1.00000 7 
 fake.rf 1440.00000000 51775.61777283933516713 1.00000 7 
 fake.rf 1440.00000000 51785.59824615779241341 1.00000 7 
 fake.rf 1440.00000000 51795.60932511392035238 1.00000 7 
 fake.rf 1440.00000000 51805.56590497616580038 1.00000 7 
 fake.rf 1440.00000000 51815.53635523308325617 1.00000 7 
 fake.rf 1440.00000000 51825.51962209593218844 1.00000 7 
 fake.rf 1440.00000000 51835.47275013761790419 1.00000 7 
 fake.rf 1440.00000000 51845.49442474653001156 1.00000 7 
 fake.rf 1440.00000000 51855.43118973553378837 1.00000 7 
 fake.rf 1440.00000000 51865.38501158798469604 1.00000 7 
 fake.rf 1440.00000000 51875.39545717065303521 1.00000 7 
 fake.rf 1440.00000000 51885.31082504361396701 1.00000 7 
 fake.rf 1440.00000000 51895.31812548295631160 1.00000 7 
 fake.rf 1440.00000000 51905.26576757733880640 1.00000 7 
 fake.rf 1440.00000000 51915.24928030978522031 1.00000 7 
 fake.rf 1440.00000000 51925.23188423569719419 1.00000 7 
 fake.rf 1440.00000000 51935.25403734986738868 1.00000 7 
 fake.rf 1440.00000000 51945.16736782201900979 1.00000 7 
 fake.rf 1440.00000000 51955.13294387607289337 1.00000 7 
 fake.rf 1440.00000000 51965.09796137679636985 1.00000 7 
 fake.rf 1440.00000000 51975.07499913185744589 1.00000 7 
 fake.rf 1440.00000000 51985.05121431944322197 1.00000 7 
 fake.rf 1440.00000000 51995.01154356308586557 1.00000 7 
 fake.rf 1440.00000000 52005.00387449584190591 1.00000 7 
 fake.rf 1440.00000000 52014.96327389685177778 1.00000 7 
 fake.rf 1440.00000000 52024.92928377159978481 1.00000 7 
 fake.rf 1440.00000000 52034.92837241324474462 1.00000 7 
 fake.rf 1440.00000000 52044.91520322137360921 1.00000 7 
 fake.rf 1440.00000000 52054.91567307288553934 1.00000 7 
 fake.rf 1440.00000000 52064.83286512097885534 1.00000 7 
 fake.rf 1440.00000000 52074.80064933197823152 1.00000 7 
 fake.rf 1440.00000000 52084.84100788920085634 1.00000 7 
 fake.rf 1440.00000000 52094.76597750637145978 1.00000 7 
 fake.rf 1440.00000000 52104.77214506348315126 1.00000 7 
 fake.rf 1440.00000000 52114.71305445134942858 1.00000 7 
 fake.rf 1440.00000000 52124.71911198422343503 1.00000 7 
 fake.rf 1440.00000000 52134.65251744406596401 1.00000 7 
 fake.rf 1440.00000000 52144.65719248209068937 1.00000 7 
 fake.rf 1440.00000000 52154.62889567684397818 1.00000 7 
 fake.rf 1440.00000000 52164.60970376414377725 1.00000 7 
 fake.rf 1440.00000000 52174.59550502312195519 1.00000 7 
 fake.rf 1440.00000000 52184.52162474632487488 1.00000 7 
 fake.rf 1440.00000000 52194.52843836208380779 1.00000 7 
 fake.rf 1440.00000000 52204.46551110582763400 1.00000 7 
 fake.rf 1440.00000000 52214.44991059100043884 1.00000 7 
 fake.rf 1440.00000000 52224.38420796191679329 1.00000 7 
 fake.rf 1440.00000000 52234.41452224979875396 1.00000 7 
 fake.rf 1440.00000000 52244.36504586076438983 1.00000 7 
 fake.rf 1440.00000000 52254.32331138502804890 1.00000 7 
 fake.rf 1440.00000000 52264.34650606695774400 1.00000 7 
 fake.rf 1440.00000000 52274.28935147637111669 1.00000 7 
 fake.rf 1440.00000000 52284.25195911223649858 1.00000 7 
 fake.rf 1440.00000000 52294.19533992739824768 1.00000 7 
 fake.rf 1440.00000000 52304.20915226819354515 1.00000 7 
 fake.rf 1440.00000000 52314.19139519155044837 1.00000 7 
 fake.rf 1440.00000000 52324.12147974395691463 1.00000 7 
 fake.rf 1440.00000000 52334.12860633444945080 1.00000 7 
 fake.rf 1440.00000000 52344.13724213977012667 1.00000 7 
 fake.rf 1440.00000000 52354.08146186050340276 1.00000 7 
 fake.rf 1440.00000000 52364.03302930949057270 1.00000 7 
 fake.rf 1440.00000000 52373.98616149606764125 1.00000 7 
 fake.rf 1440.00000000 52384.00880313720656645 1.00000 7 
 fake.rf 1440.00000000 52393.94470007605334061 1.00000 7 
 fake.rf 1440.00000000 52403.93343957756027152 1.00000 7 
 fake.rf 1440.00000000 52413.90621979999856350 1.00000 7 
 fake.rf 1440.00000000 52423.89366378714528594 1.00000 7 
 fake.rf 1440.00000000 52433.83243182343559852 1.00000 7 
 fake.rf 1440.00000000 52443.84925511057201675 1.00000 7 
 fake.rf 1440.00000000 52453.78534520327436397 1.00000 7 
 fake.rf 1440.00000000 52463.80645404115006869 1.00000 7 
 fake.rf 1440.00000000 52473.74805644778854941 1.00000 7 
 fake.rf 1440.00000000 52483.69725210831511220 1.00000 7 
 fake.rf 1440.00000000 52493.67178507806158905 1.00000 7 
 fake.rf 1440.00000000 52503.64750543727939203 1.00000 7 
 fake.rf 1440.00000000 52513.64441145104697029 1.00000 7 
 fake.rf 1440.00000000 52523.63064822640606266 1.00000 7 
 fake.rf 1440.00000000 52533.56797029275826461 1.00000 7 
 fake.rf 1440.00000000 52543.53916162143077173 1.00000 7 
 fake.rf 1440.00000000 52553.50322632138317758 1.00000 7 
 fake.rf 1440.00000000 52563.50945155083384819 1.00000 7 
 fake.rf 1440.00000000 52573.44780857463334911 1.00000 7 
 fake.rf 1440.00000000 52583.46535635414601728 1.00000 7 
 fake.rf 1440.00000000 52593.37816024341785237 1.00000 7 
 fake.rf 1440.00000000 52603.37053571082468295 1.00000 7 
 fake.rf 1440.00000000 52613.34586690518589336 1.00000 7 
 fake.rf 1440.00000000 52623.35155131440665954 1.00000 7 
 fake.rf 1440.00000000 52633.30131566359168716 1.00000 7 
 fake.rf 1440.00000000 52643.31107776695114353 1.00000 7 
 fake.rf 1440.00000000 52653.26936903485107067 1.00000 7 
 fake.rf 1440.00000000 52663.19065743012382441 1.00000 7 
 fake.rf 1440.00000000 52673.17929132871016051 1.00000 7 
 fake.rf 1440.00000000 52683.20135241872083753 1.00000 7 
 fake.rf 1440.00000000 52693.17258679217992068 1.00000 7 
 fake.rf 1440.00000000 52703.12442202020196547 1.00000 7 
 fake.rf 1440.00000000 52713.07919353698848752 1.00000 7 
 fake.rf 1440.00000000 52723.05051248441121459 1.00000 7 
 fake.rf 1440.00000000 52733.01709602345662375 1.00000 7 
 fake.rf 1440.00000000 52743.02127325651897749 1.00000 7 
 fake.rf 1440.00000000 52752.95338651815814046 1.00000 7 
 fake.rf 1440.00000000 52762.96669780588210941 1.00000 7 
 fake.rf 1440.00000000 52772.93595494717545691 1.00000 7 
 fake.rf 1440.00000000 52782.92030818222118427 1.00000 7 
 fake.rf 1440.00000000 52792.82678614217131496 1.00000 7 
 fake.rf 1440.00000000 52802.88121390164734947 1.00000 7 
 fake.rf 1440.00000000 52812.78525848134130882 1.00000 7 
 fake.rf 1440.00000000 52822.79928018674428358 1.00000 7 
 fake.rf 1440.00000000 52832.78391569301726349 1.00000 7 
 fake.rf 1440.00000000 52842.73591999162250588 1.00000 7 
 fake.rf 1440.00000000 52852.66510400968234507 1.00000 7 
 fake.rf 1440.00000000 52862.64110856347351586 1.00000 7 
 fake.rf 1440.00000000 52872.62664249410834216 1.00000 7 
 fake.rf 1440.00000000 52882.60482115174794870 1.00000 7 
 fake.rf 1440.00000000 52892.62567781650275478 1.00000 7 
 fake.rf 1440.00000000 52902.55131996941130623 1.00000 7 
 fake.rf 1440.00000000 52912.54917845425596923 1.00000 7 
 fake.rf 1440.00000000 52922.48933729613037968 1.00000 7 
 fake.rf 1440.00000000 52932.44796818111024095 1.00000 7 
 fake.rf 1440.00000000 52942.42289534745064472 1.00000 7 
 fake.rf 1440.00000000 52952.40012066205934005 1.00000 7 
 fake.rf 1440.00000000 52962.42768040366525995 1.00000 7 
 fake.rf 1440.00000000 52972.35120038318453695 1.00000 7 
 fake.rf 1440.00000000 52982.34436391961437707 1.00000 7 
 fake.rf 1440.00000000 52992.33795571328602136 1.00000 7 
 fake.rf 1440.00000000 53002.26001437482086232 1.00000 7 
 fake.rf 1440.00000000 53012.23231750093206571 1.00000 7 
 fake.rf 1440.00000000 53022.20798518604740224 1.00000 7 
 fake.rf 1440.00000000 53032.21200044284628561 1.00000 7 
 fake.rf 1440.00000000 53042.17819145339188225 1.00000 7 
 fake.rf 1440.00000000 53052.18534069815699539 1.00000 7 
 fake.rf 1440.00000000 53062.14877349167171161 1.00000 7 
 fake.rf 1440.00000000 53072.07224687523175177 1.00000 7 
 fake.rf 1440.00000000 53082.07595753553785300 1.00000 7 
 fake.rf 1440.00000000 53092.05104794252128286 1.00000 7 
 fake.rf 1440.00000000 53101.99163694431919680 1.00000 7 
 fake.rf 1440.00000000 53111.99374632852562073 1.00000 7 
 fake.rf 1440.00000000 53121.98351900774438761 1.00000 7 
 fake.rf 1440.00000000 53131.96543400894251619 1.00000 7 
 fake.rf 1440.00000000 53141.89614991081946727 1.00000 7 
 fake.rf 1440.00000000 53151.86523123947105773 1.00000 7 
 fake.rf 1440.00000000 53161.88696790909708767 1.00000 7 
 fake.rf 1440.00000000 53171.82099271615990332 1.00000 7 
 fake.rf 1440.00000000 53181.80291227682315025 1.00000 7 
 fake.rf 1440.00000000 53191.74679861737714859 1.00000 7 
 fake.rf 1440.00000000 53201.72898442838884847 1.00000 7 
 fake.rf 1440.00000000 53211.74718381678330203 1.00000 7 
 fake.rf 1440.00000000 53221.71623295367221829 1.00000 7 
 fake.rf 1440.00000000 53231.66588195895623059 1.00000 7 
 fake.rf 1440.00000000 53241.67001654496889884 1.00000 7 
 fake.rf 1440.00000000 53251.64129723376992231 1.00000 7 
 fake.rf 1440.00000000 53261.59547589168233017 1.00000 7 
 fake.rf 1440.00000000 53271.57114118228465216 1.00000 7 
 fake.rf 1440.00000000 53281.49324617840131779 1.00000 7 
 fake.rf 1440.00000000 53291.46789270418536333 1.00000 7 
 fake.rf 1440.00000000 53301.46445414948694719 1.00000 7 
 fake.rf 1440.00000000 53311.41925543745632510 1.00000 7 
 fake.rf 1440.00000000 53321.39350945753042410 1.00000 7 
 fake.rf 1440.00000000 53331.39304288196312598 1.00000 7 
 fake.rf 1440.00000000 53341.37916382163233209 1.00000 7 
 fake.rf 1440.00000000 53351.34691317864895765 1.00000 7 
 fake.rf 1440.00000000 53361.29756683716849963 1.00000 7 
 fake.rf 1440.00000000 53371.27442485745671163 1.00000 7 
 fake.rf 1440.00000000 53381.27628524441638191 1.00000 7 
 fake.rf 1440.00000000 53391.25795392637282077 1.00000 7 
 fake.rf 1440.00000000 53401.23720666993507322 1.00000 7 
 fake.rf 1440.00000000 53411.20696042388201619 1.00000 7 
 fake.rf 1440.00000000 53421.13470949373101959 1.00000 7 
 fake.rf 1440.00000000 53431.13103923643011939 1.00000 7 
 fake.rf 1440.00000000 53441.11001228752195047 1.00000 7 
 fake.rf 1440.00000000 53451.07911494803386532 1.00000 7 
 fake.rf 1440.00000000 53461.07183039274275771 1.00000 7 
 fake.rf 1440.00000000 53471.01651113709858620 1.00000 7 
 fake.rf 1440.00000000 53480.94694289631489426 1.00000 7 
 fake.rf 1440.00000000 53490.94888224957501777 1.00000 7 
 fake.rf 1440.00000000 53500.94808701569553477 1.00000 7 
 fake.rf 1440.00000000 53510.88800887762389991 1.00000 7 
 fake.rf 1440.00000000 53520.85211862532509741 1.00000 7 
 fake.rf 1440.00000000 53530.84767688686438092 1.00000 7 
 fake.rf 1440.00000000 53540.84788544110501363 1.00000 7 
 fake.rf 1440.00000000 53550.76010069532632585 1.00000 7 
 fake.rf 1440.00000000 53560.75424399193525460 1.00000 7 
 fake.rf 1440.00000000 53570.73593557236145557 1.00000 7 
 fake.rf 1440.00000000 53580.73445378116858606 1.00000 7 
 fake.rf 1440.00000000 53590.67800640627337216 1.00000 7 
 fake.rf 1440.00000000 53600.66164879741619842 1.00000 7 
 fake.rf 1440.00000000 53610.60069951029895918 1.00000 7 
 fake.rf 1440.00000000 53620.60969105111323785 1.00000 7 
 fake.rf 1440.00000000 53630.59489185526649635 1.00000 7 
 fake.rf 1440.00000000 53640.56078029407615659 1.00000 7 
 fake.rf 1440.00000000 53650.49986374095710673 1.00000 7 
 fake.rf 1440.00000000 53660.48011826395308077 1.00000 7 
